629963
91
120
161
147
403
493
488
501
578
587
665
755
747
711
759
792
779
643
802
794
819
828
837
845
855
860
849
854
864
865
866
869
872
871
877
894
908
909
911
925
916
874
949
951
955
966
965
968
972
978
1017
1002
1043
1046
1098
1107
1135
1124
1137
1150
1170
878
1173
882
888
885
1192
1178
1193
1203
1206
1228
1244
1249
1255
1298
1309
1326
1362
1366
1365
1367
1380
1435
1439
1441
1491
1552
1542
1521
1524
1564
1568
1585
1587
1619
1642
1649
1654
1640
1666
1685
1691
1687
1713
1694
1702
1695
1696
1718
1715
1720
1735
1558
1681
1780
1799
1805
1770
1814
1834
1819
1838
1855
1859
1862
1955
1984
1881
2008
1908
2080
2105
2106
2118
2122
2146
2209
2161
2175
2215
2256
2247
2245
2278
2291
2344
2389
2434
2359
2457
2402
2362
2366
2414
1974
2512
2524
2528
2588
2614
2593
2601
2592
2594
2637
2646
2652
2661
2709
2725
2738
2763
2804
2816
2734
2743
2828
2838
2845
2873
2876
2881
2955
2963
2971
2951
2982
3005
3068
3073
3193
3187
3111
3099
3248
3272
3270
3352
3350
3291
3236
3188
3319
3297
3391
3435
3414
3411
3494
3507
3513
3483
3515
3520
3532
3562
3534
3570
3583
3608
3618
3663
3632
3674
3764
3731
3787
3802
3816
3830
3837
3887
3873
3934
3930
3940
3952
3957
3969
4005
4014
4017
4023
4030
4036
4040
4070
4087
3443
4092
4093
4096
4098
4102
4104
4106
4105
4108
4110
4112
4114
4117
4115
4121
4120
4131
4134
4132
4138
4136
4170
4198
4185
4208
4197
4210
4238
4269
4324
4328
4356
4472
4361
4377
4379
4490
4526
4547
4549
4499
4567
4524
4621
4629
4648
4658
4664
4697
4692
4790
4817
4850
4626
4876
4830
4748
4929
4981
4984
5022
5074
4951
5084
5207
5104
5115
5285
5344
5301
5300
5282
4689
4745
5361
4884
4866
5407
5365
5415
5471
5506
5509
5520
5055
5553
5648
5629
5653
5711
5748
5781
5789
5806
5809
5855
5889
5892
5888
5917
5918
5954
5971
5985
6017
6007
6043
6080
6127
6157
6267
6294
6300
6244
6357
6384
6417
6430
6433
6518
6538
6416
6550
6554
6600
6613
6620
6622
6657
6587
6669
6738
6799
6835
6854
6436
6869
6886
6900
6889
6924
6954
6958
6959
6969
6994
7054
7053
7083
7091
7121
7126
7145
7119
7159
7158
7168
7243
7250
7295
7299
7344
7326
7357
7334
7378
7409
7463
7486
7465
7572
7531
7564
7546
7617
7096
7107
7117
7646
7672
7661
7751
7760
7585
7771
7798
7873
7915
7917
7980
7990
7976
8061
8023
8111
8106
8134
8145
8173
8174
8181
8209
8247
8276
8260
8304
8306
8364
8368
8370
8387
8389
8399
8404
8396
8391
8412
8452
8455
8467
8522
8549
8562
8590
8644
8739
8682
8731
8711
8753
8785
8808
8829
8843
8849
8877
8934
8909
8907
8893
8972
8954
8851
9015
9006
9032
9056
9066
9010
9101
9109
9112
9126
9171
9174
9182
9034
9046
9203
9235
9233
9245
9279
9308
9288
9307
9313
9327
9263
9439
9443
9442
9441
9369
9428
9461
9337
9474
9476
9491
9509
9498
9562
9560
9568
9575
9584
9597
9603
9639
9638
9644
9692
9782
9661
9765
9679
9716
9659
9850
9742
9757
9754
9876
9906
9917
9933
9948
9937
9955
10014
9867
9928
10111
10107
10082
10079
10152
10158
10156
10146
10186
10250
10163
10201
10261
10270
10283
10293
10299
10306
10319
10313
10322
10345
10371
10389
10453
10455
10459
10478
10519
10404
10092
10577
9885
10557
10591
10580
10592
10596
10635
10668
10704
10709
10728
10755
10768
10749
10818
10812
10827
10851
10856
10931
10938
10945
11036
10994
10950
11062
11038
11065
11067
11108
11132
11155
11192
11235
11211
11223
11234
11361
11322
11370
11328
11384
11388
11425
11439
11451
11496
11555
11495
11551
11515
11577
11609
11631
11625
11629
11655
11659
11693
11709
11722
11762
11773
11778
11794
11764
11840
11869
11879
11895
11914
11834
11983
11974
11994
11999
12016
12044
12083
12079
11944
11976
12087
12111
12139
12205
12147
12325
12267
12356
12352
12197
12210
12469
12443
12482
12506
12509
12522
12537
12563
12581
12586
12603
12614
12632
12633
12694
12752
12392
12753
12763
12783
12788
12397
12834
12865
12900
12932
12808
12966
12970
12987
13000
13031
13036
13046
13058
13126
13161
13177
13186
13216
13269
13285
13339
13400
13450
13465
13482
13529
12996
13540
13563
13575
13567
13573
13599
13664
13602
13639
13600
13636
13630
13585
13623
13576
13668
13750
13692
13682
13730
13703
13746
13740
13732
13749
13763
13766
13772
13781
13788
13809
13811
13815
13814
13831
13834
13835
13837
13857
13862
13876
13903
13929
13919
13940
13959
13983
13988
13984
13997
14006
14020
14024
14044
14050
14052
14057
14075
14060
14061
14080
14104
14114
14161
14127
14162
14168
14170
14201
14254
14256
14265
14274
14275
14295
14302
14309
14341
14326
14357
14368
14395
14412
14404
14434
14468
14471
14478
14477
14502
14500
14507
14513
14546
14532
14540
14559
14578
14584
14588
14599
14600
14637
14591
15020
14639
15101
14614
15143
15290
15178
15282
15206
15370
15342
15417
15441
15452
15458
15467
15493
15533
15525
15537
15580
15609
15583
15629
15632
15639
15686
15820
15832
15747
15869
15771
15793
15714
15776
15880
15886
15899
15893
15918
15931
15922
15957
15971
15929
15945
15978
16031
16004
16060
16066
16092
16120
16081
16193
16099
16156
16203
16206
16210
16225
16253
16252
16282
16261
16260
16259
16296
16291
16306
16318
16320
16357
16410
16374
16369
16368
16437
16414
16421
16449
16484
16526
16532
16564
16565
16551
16566
16595
16620
16593
16578
16637
16643
16705
16675
16718
16720
16702
16721
16719
16707
16690
16696
16722
16802
16793
16773
16745
16772
16784
16786
16788
16791
16816
16819
16841
16823
16820
16871
16827
16857
16869
16847
16907
16830
16908
16973
16992
16921
16918
16917
16920
16935
16919
16968
16914
16994
17006
17022
17042
17060
17048
17086
17109
17120
17103
17112
17133
17144
17147
17150
17151
17156
17170
17175
17200
17204
17207
17208
17219
17221
17225
17240
17230
17243
17247
17257
17258
17264
17270
17268
17276
17280
17279
17288
17293
17297
17303
17299
17307
17310
17315
17316
17327
17357
17373
17113
17379
17377
17375
17381
17388
17383
