0
1
2
3
4
5
6
7
8
9
10
0
1
2
3
4
5
6
8
7
10
9
16
15
14
13
12
11
17
20
18
19
23
24
26
21
27
22
25
29
30
31
34
36
35
32
37
33
28
38
39
40
43
44
41
45
42
46
48
49
47
50
51
52
53
54
56
57
59
58
61
60
55
62
64
63
65
66
68
67
69
70
71
72
74
73
75
76
77
78
79
81
80
82
83
84
85
86
88
89
87
91
90
92
93
94
95
96
97
98
99
100
101
102
103
105
104
106
108
107
110
109
111
112
113
114
116
115
117
118
119
120
121
122
123
126
124
125
127
129
128
130
131
132
133
135
134
137
138
139
140
136
142
143
141
144
145
146
147
149
148
150
151
153
152
154
155
156
157
159
158
160
161
162
165
164
163
167
166
168
169
171
170
172
173
174
175
176
177
178
179
180
181
182
183
184
186
187
188
189
190
191
192
193
194
195
196
198
199
202
203
204
205
206
201
200
207
208
210
212
211
213
214
215
216
217
221
223
218
224
222
220
197
209
185
219
225
226
227
228
229
230
231
232
233
235
234
236
237
239
240
238
241
242
243
245
246
244
247
248
249
250
251
252
253
254
255
257
258
260
256
259
261
262
263
264
267
265
266
268
269
272
271
274
270
273
275
278
281
276
277
279
283
282
280
284
285
286
288
287
289
290
293
292
291
296
295
294
297
298
299
300
301
302
303
304
305
309
311
307
308
306
310
312
313
315
316
317
318
314
321
322
323
324
325
327
328
329
326
331
330
332
319
320
335
334
336
338
339
337
333
341
340
342
343
344
345
347
346
348
349
352
350
351
353
354
355
356
357
358
359
360
361
362
364
363
365
367
366
368
369
370
371
372
374
373
375
377
376
378
379
381
380
382
383
385
388
386
387
389
390
391
392
384
393
394
396
395
398
397
399
402
400
404
401
403
405
406
407
408
409
410
412
413
414
416
411
417
415
418
419
420
421
422
423
424
425
427
426
428
430
429
432
431
433
434
435
437
436
438
439
441
442
440
447
444
443
448
445
446
452
450
451
449
455
454
453
458
456
457
459
462
461
460
464
463
465
466
467
468
469
473
474
470
472
471
476
475
477
479
478
480
481
483
484
486
488
489
485
487
482
490
491
492
493
494
496
495
498
499
501
500
502
497
503
504
506
505
508
507
510
509
511
514
513
516
515
512
517
518
520
519
521
523
522
526
524
525
527
531
532
530
533
529
528
534
535
536
537
538
541
540
539
542
543
545
544
547
548
546
549
550
553
551
555
554
556
557
558
552
560
559
561
562
563
564
567
565
566
568
571
570
572
573
574
575
576
577
580
578
579
582
584
585
583
581
586
588
587
589
590
595
591
592
594
596
593
597
598
599
601
600
569
602
607
609
608
606
604
603
605
610
611
612
613
615
619
618
620
622
621
617
614
616
623
625
626
627
624
628
630
631
629
632
633
635
634
636
637
638
639
640
642
641
643
644
645
646
647
648
651
649
652
650
653
655
656
658
654
657
660
659
662
661
663
665
664
666
667
668
669
670
673
672
671
675
676
674
677
678
679
680
681
682
683
684
685
686
688
687
690
689
691
692
693
694
696
695
697
698
699
700
701
702
703
704
705
707
708
709
706
710
711
712
713
714
715
716
717
719
718
720
721
723
724
722
725
726
727
728
729
730
731
732
733
735
734
736
738
739
740
737
741
742
743
744
745
746
748
749
750
751
747
752
754
753
755
756
757
758
762
767
768
761
764
759
766
760
763
765
769
771
770
775
774
772
776
777
773
778
779
780
781
782
786
787
784
785
783
789
790
788
791
792
793
795
794
798
796
799
800
797
801
802
803
804
805
806
807
809
812
811
810
813
814
808
815
816
817
818
819
821
820
822
824
823
826
825
827
828
829
830
831
832
833
834
835
836
837
838
839
840
841
843
842
844
845
846
848
850
847
849
851
853
852
854
855
856
858
857
861
860
863
862
859
864
865
868
867
866
870
869
872
873
871
874
877
878
875
876
879
880
881
882
883
884
885
888
887
886
890
889
891
893
892
894
895
896
897
898
899
901
900
903
902
904
905
907
906
908
909
910
911
912
913
914
915
917
922
916
924
925
926
918
921
923
920
919
927
928
929
931
932
930
933
936
934
935
937
938
939
940
941
942
943
944
945
946
948
947
949
950
951
952
953
954
955
957
959
958
956
960
962
963
964
965
966
967
968
970
971
972
973
969
974
975
976
977
978
979
981
982
984
983
985
986
987
980
988
989
990
995
994
992
997
996
998
993
991
999
1000
1001
1006
1002
1003
1005
1007
1004
1008
1009
1010
1011
1012
1013
1014
1016
1017
1015
1020
1021
1018
1022
1019
1023
1024
1027
1025
1026
1029
1030
1031
1032
1028
1033
1034
1035
1037
1036
1038
1039
1041
1043
1042
1044
1040
1045
1046
1047
1048
1049
1050
1052
1051
1053
1055
1057
1054
1056
1058
1059
1060
1062
1061
1063
1065
1066
1064
1067
1069
1070
1068
1071
1072
1073
1074
1075
1077
1079
1078
1085
1082
1083
1084
1081
1080
1076
1086
1087
1089
1092
1088
1095
1094
1091
1093
1090
1096
1098
1099
1097
1100
1101
1102
1104
1105
1106
1103
1107
1108
1109
1110
1112
1111
1113
1115
1114
1116
1117
1119
1118
1120
1121
1122
1125
1123
1124
1127
1126
1130
1128
1129
1131
1132
1133
1134
1136
1135
1137
1138
1139
1140
1142
1141
1143
1144
1145
1146
1147
1148
1149
1150
1151
1153
1152
1154
1155
1156
1157
1159
1158
1160
1163
1162
1164
1166
1165
1167
1168
1169
1170
1161
1171
1172
1173
1174
1178
1176
1177
1180
1179
1181
1175
1182
1183
1184
1185
1190
1187
1192
1186
1188
1189
1191
1193
1194
1195
1197
1196
1201
1198
1200
1205
1203
1199
1204
1202
1207
1206
1208
1210
1213
1215
1209
1211
1212
1214
1216
1217
1219
1218
1220
1221
1223
1225
1226
1224
1227
1222
1229
1228
1230
1231
1232
1233
1243
1237
1241
1239
1238
1236
1242
1240
1234
1235
1245
1244
1247
1246
1250
1252
1251
1253
1248
1255
1249
1254
1256
1257
1258
1259
1260
1261
1262
1265
1263
1264
1267
1268
1266
1269
1270
1271
1272
1273
1274
1276
1278
1279
1275
1277
1282
1280
1281
1283
1284
1285
1286
1289
1288
1287
1291
1294
1295
1290
1292
1296
1293
1297
1298
1299
1300
1302
1301
1303
1306
1305
1304
1307
1308
1309
1310
1311
1312
1314
1313
1316
1315
1317
1318
1319
1320
1321
1322
1323
1324
1325
1327
1328
1326
1329
1332
1331
1330
1333
1334
1335
1340
1336
1338
1337
1339
1341
1342
1344
1345
1343
1346
1347
1352
1355
1350
1353
1348
1349
1351
1354
1357
1356
1358
1359
1360
1362
1361
1365
1363
1366
1367
1364
1368
1369
1370
1371
1372
1374
1373
1376
1375
1378
1379
1377
1380
1381
1382
1383
1384
1386
1385
1388
1390
1389
1387
1391
1394
1401
1392
1398
1395
1400
1396
1397
1399
1393
1402
1403
1408
1411
1405
1410
1407
1412
1409
1413
1404
1406
1415
1417
1416
1423
1421
1422
1414
1420
1418
1419
1424
1426
1427
1430
1429
1431
1432
1425
1428
1433
1435
1434
1436
1438
1437
1443
1442
1441
1440
1439
1445
1446
1444
1447
1449
1448
1450
1452
1451
1453
1455
1454
1456
1457
1458
1459
1461
1462
1460
1463
1467
1466
1464
1465
1468
1469
1470
1471
1472
1473
1474
1475
1476
1478
1481
1477
1480
1483
1482
1484
1485
1479
1487
1486
1488
1489
1491
1490
1493
1492
1494
1496
1495
1497
1498
1500
1499
1502
1503
1501
1504
1505
1506
1507
1508
1509
1510
1512
1513
1511
1514
1515
1516
1517
1518
1519
1520
1521
1522
1523
1524
1525
1526
1527
1528
1530
1529
1532
1531
1533
1534
1540
1537
1535
1539
1536
1538
1541
1543
1542
1544
1549
1545
1547
1548
1546
1553
1554
1555
1557
1556
1552
1551
1559
1558
1550
1560
1561
1568
1565
1562
1569
1564
1563
1566
1567
1570
1571
1572
1573
1576
1578
1577
1574
1579
1580
1581
1575
1582
1583
1584
1587
1589
1591
1590
1585
1586
1592
1594
1588
1593
1595
1596
1597
1603
1600
1604
1599
1601
1598
1602
1605
1606
1607
1611
1608
1615
1614
1612
1613
1609
1617
1610
1616
1618
1619
1620
1621
1623
1627
1622
1626
1624
1625
1628
1629
1630
1631
1632
1633
1636
1637
1634
1638
1635
1640
1639
1641
1642
1643
1646
1648
1644
1645
1652
1651
1650
1649
1647
1653
1658
1656
1655
1654
1661
1657
1659
1660
1662
1663
1665
1666
1664
1668
1667
1671
1673
1670
1669
1672
1674
1675
1676
1677
1681
1682
1680
1678
1679
1683
1684
1685
1686
1687
1690
1691
1688
1689
1693
1694
1692
1696
1695
1697
1698
1700
1704
1701
1702
1699
1703
1705
1707
1706
1712
1717
1708
1714
1713
1716
1709
1715
1710
1711
1718
1722
1719
1723
1727
1724
1720
1726
1721
1725
1728
1729
1730
1731
1732
1736
1733
1735
1737
1738
1739
1734
1740
1741
1743
1742
1746
1744
1750
1747
1745
1749
1748
1751
1752
1754
1753
1755
1756
1758
1757
1760
1759
1762
1763
1761
1764
1765
1766
1768
1767
1770
1771
1773
1769
1772
1774
1775
1776
1777
1778
1779
1780
1781
1784
1782
1785
1786
1783
1788
1787
1790
1789
1791
1792
1794
1800
1798
1799
1795
1801
1793
1797
1802
1796
1803
1804
1806
1807
1811
1805
1809
1812
1810
1813
1808
1814
1815
1816
1817
1818
1819
1822
1821
1820
1823
1824
1825
1826
1827
1828
1829
1830
1831
1832
1833
1835
1834
1837
1836
1838
1839
1840
1841
1842
1843
1844
1846
1845
1847
1848
1850
1849
1851
1852
1853
1854
1855
1856
1857
1858
1862
1860
1861
1859
1863
1864
1865
1870
1866
1875
1868
1867
1869
1874
1872
1871
1873
1876
1877
1878
1883
1881
1882
1885
1879
1884
1880
1887
1886
1888
1889
1894
1892
1890
1895
1891
1893
1896
1898
1897
1899
1900
1901
1902
1904
1903
1909
1907
1906
1908
1905
1910
1911
1913
1912
1915
1917
1919
1920
1914
1918
1921
1916
1922
1923
1924
1925
1927
1928
1929
1930
1931
1926
1932
1933
1934
1935
1936
1937
1938
1941
1940
1939
1943
1942
1945
1946
1944
1947
1948
1949
1951
1953
1956
1950
1954
1957
1958
1955
1952
1959
1960
1961
1964
1966
1963
1965
1962
1970
1969
1967
1968
1971
1973
1972
1974
1980
1975
1978
1979
1977
1976
1981
1982
1983
1984
1985
1986
1992
1989
1988
1990
1991
1993
1987
1994
1996
1995
2001
2003
1997
1999
2004
2002
2000
2005
1998
2006
2013
2011
2008
2007
2012
2014
2015
2016
2009
2010
2024
2026
2025
2023
2020
2022
2018
2033
2029
2032
2027
2031
2019
2017
2028
2030
2021
2035
2034
2037
2036
2040
2043
2039
2042
2038
2041
2045
2044
2046
2047
2050
2052
2049
2053
2051
2048
2054
2055
2056
2057
2061
2058
2062
2059
2063
2060
2065
2064
2071
2073
2069
2070
2068
2072
2075
2067
2076
2077
2080
2079
2074
2078
2082
2083
2084
2085
2086
2088
2089
2066
2090
2087
2091
2092
2094
2093
2095
2096
2097
2098
2081
2099
2100
2101
2103
2102
2105
2106
2104
2108
2107
2109
2110
2111
2112
2113
2115
2114
2116
2117
2118
2120
2123
2122
2121
2125
2127
2124
2126
2128
2129
2131
2132
2130
2133
2134
2135
2137
2136
2138
2139
2142
2141
2140
2143
2147
2145
2144
2146
2119
2148
2150
2151
2149
2152
2153
2154
2155
2156
2157
2158
2159
2161
2160
2162
2163
2165
2164
2166
2167
2168
2170
2169
2171
2176
2175
2173
2172
2177
2174
2178
2180
2179
2181
2182
2187
2183
2185
2184
2188
2190
2189
2191
2186
2192
2193
2194
2196
2195
2200
2199
2201
2198
2197
2202
2204
2205
2203
2210
2209
2206
2207
2208
2211
2212
2214
2213
2215
2216
2217
2220
2218
2219
2221
2224
2222
2223
2225
2226
2227
2228
2229
2231
2230
2233
2232
2234
2235
2236
2237
2238
2239
2241
2240
2243
2244
2242
2245
2246
2247
2248
2249
2250
2251
2252
2254
2253
2256
2257
2259
2258
2260
2255
2262
2261
2263
2264
2265
2268
2266
2269
2267
2271
2274
2272
2273
2270
2275
2282
2280
2281
2276
2284
2283
2277
2285
2286
2287
2289
2290
2288
2291
2292
2293
2294
2295
2297
2296
2298
2300
2301
2299
2278
2279
2302
2303
2304
2306
2307
2308
2309
2305
2311
2312
2310
2313
2314
2317
2315
2319
2316
2323
2320
2321
2322
2324
2325
2326
2327
2330
2318
2328
2334
2329
2331
2333
2332
2336
2335
2338
2344
2337
2340
2339
2343
2342
2346
2341
2345
2347
2348
2349
2350
2352
2355
2353
2356
2354
2351
2359
2357
2360
2358
2363
2364
2366
2361
2365
2362
2367
2369
2370
2368
2375
2376
2374
2373
2372
2377
2379
2378
2380
2371
2381
2382
2383
2384
2385
2386
2387
2388
2389
2390
2394
2393
2392
2396
2391
2397
2398
2399
2400
2402
2406
2403
2408
2401
2409
2404
2405
2407
2410
2415
2411
2417
2414
2412
2416
2418
2413
2395
2420
2419
2421
2423
2422
2426
2424
2427
2425
2428
2429
2430
2431
2432
2436
2434
2437
2438
2435
2433
2440
2439
2441
2443
2444
2445
2447
2446
2442
2448
2449
2450
2451
2452
2453
2455
2456
2457
2458
2454
2459
2461
2460
2462
2463
2464
2467
2466
2465
2468
2470
2469
2471
2472
2473
2477
2474
2478
2476
2475
2479
2481
2480
2483
2482
2487
2485
2488
2486
2484
2493
2492
2489
2490
2491
2494
2496
2495
2497
2498
