1421177
106
184
235
429
441
566
550
625
644
632
687
703
706
729
732
735
748
749
759
772
776
817
810
833
862
873
882
894
900
880
930
936
919
923
954
1000
1013
1002
1031
1025
1039
1044
1047
1088
1184
1118
1079
1074
1129
1196
1116
1223
1226
1261
1258
1256
1292
1274
1367
1343
1381
1369
1384
1386
1391
1394
1425
1403
1436
1435
1433
1437
1441
1444
1455
1471
1484
1485
1500
1508
1517
1526
1523
1531
1522
1535
1540
1546
1547
1552
1561
1578
1575
1603
1604
1622
1625
1617
1632
1639
1651
1663
1661
1660
1664
1680
1681
1769
1781
1713
1798
1808
1816
1831
1837
1848
1864
1873
1867
1872
1901
1902
1912
1919
1930
1942
1950
1964
1993
2002
1998
2024
2035
2044
2045
2047
2056
2051
2075
2080
2072
2062
2070
2077
2078
2064
2084
2090
2094
2119
2123
2132
2156
2149
2197
2175
2174
2160
2204
2212
2214
2230
2245
2275
2379
2348
2298
2388
2406
2438
2440
2447
2453
2452
2534
2621
2519
2466
2719
2603
2498
2648
2643
2686
2796
2790
2811
2833
2845
2856
2861
2960
2852
2878
2998
3005
3136
3141
3167
3256
3318
3420
3446
3332
3386
3519
3545
3451
3514
3517
3567
3577
3595
3578
3615
3614
3613
3605
3622
3619
3625
3643
3647
3684
3692
3732
3780
3748
3824
3821
3844
3861
3911
3920
3915
3926
3928
3936
3950
3953
3944
3943
3980
3983
3984
3986
3987
4007
3988
4030
4033
4082
4062
4096
4055
4109
4052
4128
4131
4140
4163
4205
4191
4158
4145
4142
4181
4187
4188
4213
4218
4225
4228
4245
4219
4229
4328
4315
4263
4329
4353
4365
4360
4369
4406
4416
4426
4438
4397
4402
4447
4453
4452
4468
4473
4522
4590
4559
4551
4568
4581
4631
4625
4624
4638
4653
4661
4669
4687
4670
4734
4675
4722
4665
4711
4715
4739
4752
4782
4810
4806
4814
4813
4820
4823
4809
4833
4835
4838
4849
4853
4856
4860
4913
4866
4920
4928
4915
4900
4939
4935
4950
4964
4997
4999
4996
4994
5033
5095
5021
5058
5022
5025
5105
5109
5124
5134
5146
5167
5201
5200
5149
5205
5197
5184
5245
5262
5259
5174
5258
5139
5311
5272
5323
5251
5327
5278
5253
5342
5343
5348
5265
5352
5390
5337
5438
5419
5451
5506
5518
5357
5499
5462
5529
5519
5530
5562
5564
5542
5556
5553
5587
5566
5333
5652
5685
5688
5588
5599
5697
5608
5806
5765
5557
5812
5815
5711
5824
5827
5859
5875
5876
5850
5571
5848
5908
5931
5900
5951
5935
5911
5957
5955
5858
5983
5972
5948
5976
6029
6053
6052
6115
6148
6058
6075
6162
6073
5862
6154
6172
6074
6199
6213
6225
6228
6245
6175
6248
6173
6276
6278
6258
6020
6294
6209
6372
6371
6388
6311
6266
6390
6299
6415
6204
6334
6448
6488
6439
6491
6446
6500
6503
6395
6493
6515
6509
6495
6304
6542
6530
6532
6562
6494
6577
6579
6584
6671
6690
6707
6722
6731
6736
6599
6794
6754
6766
6485
6806
6618
6803
6779
6762
6842
6849
6861
6870
6871
6808
6850
6867
6922
6925
6966
6910
6976
6751
6939
6896
7008
6979
6995
7044
7028
7055
7037
7051
7073
7067
7078
7091
7092
7147
7152
7120
7179
7108
7203
7226
6948
7237
7049
7280
7284
7308
7312
7013
7240
7246
7273
7318
7333
7343
7359
7381
7089
7380
7390
7412
7349
7385
7417
7411
7347
7425
7447
7414
7466
7560
7566
7419
7554
7606
7539
7637
7632
7578
7643
7714
7640
7655
7661
7691
7723
7649
7760
7450
7824
7846
7844
7809
7857
7503
7885
7911
7953
7989
7861
7645
7961
8003
7914
8012
8042
7931
8083
8061
8096
8110
7726
8144
8125
8182
8177
8147
8190
8178
8215
8193
8236
8307
8009
5283
8075
8135
8151
8244
8338
8371
8472
8449
8535
8616
8704
8725
8853
9186
9354
9655
9739
9892
9944
9968
10000
10075
10028
10283
10018
10272
10311
10307
10318
10425
10450
10462
10469
10504
10544
10552
10633
10625
10572
10637
10638
10663
10686
10684
10726
10707
10699
10764
10769
10810
10819
10844
10869
11001
11025
11128
11103
11133
11169
11193
11187
11214
11218
11228
11247
11248
11252
11254
11257
11282
11285
11310
11369
11424
11414
11483
11492
11600
11546
11614
11659
11667
11685
11689
11711
11755
11807
11836
11885
11899
11904
11930
11925
11988
11997
12005
12023
12068
12069
12085
12158
12228
12238
12225
12242
12262
12374
12376
12378
12384
12408
12466
12664
12668
12690
12692
12776
12796
12863
12830
12866
12870
12884
12912
12920
13440
13748
13769
13796
13883
13907
13915
13952
13930
14070
14212
14213
14214
14215
14216
14217
14218
14219
14220
14221
14223
14222
14224
14228
14225
14226
14229
14227
14230
14231
14234
14233
14241
14239
14242
14237
14236
14244
14246
14247
14245
14248
14238
14240
14232
14235
14243
14249
14251
14250
14252
14253
14256
14254
14258
14259
14257
14260
14261
14262
14263
14264
14265
14272
14266
14268
14267
14269
14270
14271
14273
14274
14275
14276
14282
14280
14283
14281
14284
14278
14279
14277
14285
14287
14286
14289
14293
14294
14291
14288
14292
14290
14295
14296
14297
14299
14298
14305
14301
14300
14302
14303
14304
14307
14308
14309
14310
14312
14311
14315
14316
14313
14317
14318
14320
14319
14321
14324
14327
14323
14328
14325
14329
14330
14326
14331
14322
14332
14341
14333
14339
14337
14338
14340
14335
14336
14334
14342
14343
14344
14351
14347
14350
14349
14345
14346
14352
14348
14353
14356
14354
14355
14357
14361
14360
14362
14358
14363
14364
14365
14366
14367
14359
14368
14369
14371
14370
14372
14373
14374
14375
14377
14376
14378
14379
14380
14384
14382
14383
14385
14387
14389
14386
14388
14390
14391
14392
14393
14394
14395
14396
14399
14398
14400
14397
14401
14406
14402
14403
14410
14408
14407
14411
14409
14405
14404
14412
14413
14414
14416
14415
14418
14419
14420
14421
14417
14422
14424
14423
14435
14425
14427
14432
14433
14434
14430
14429
14426
14431
14436
14442
14440
14439
14437
14444
14438
14443
14441
14446
14445
14449
14452
14457
14448
14454
14453
14451
14456
14455
14447
14459
14458
14460
14461
14466
14467
14469
14468
14470
14471
14473
14472
14475
14474
14462
14463
14465
14464
14476
14478
14479
14477
14481
14482
14480
14483
14484
14485
14486
14488
14489
14487
14490
14491
14492
14494
14493
14496
14497
14498
14499
14500
14503
14501
14502
14504
14507
14506
14509
14510
14511
14513
14512
14514
14515
14516
14517
14518
14519
14521
14520
14522
14523
14524
14525
14526
14527
14529
14528
14531
14530
14532
14533
14534
14535
14536
14537
14538
14539
14540
14541
14542
14543
14545
14546
14544
14547
14549
14550
14552
14551
14554
14553
14555
14557
14558
14556
14559
14560
14562
14561
14563
14564
14565
14574
14568
14570
14567
14571
14566
14572
14575
14569
14573
14576
14577
14578
14579
14583
14581
14580
14585
14582
14584
14587
14586
14588
14589
14590
14598
14597
14591
14592
14593
14594
14595
14596
14599
14600
14601
14602
14606
14603
14605
14609
14607
14608
14612
14611
14610
14613
14614
14616
14619
14615
14622
14618
14623
14617
14621
14624
14625
14626
14627
14628
14629
14631
14632
14633
14630
14634
14637
14638
14639
14640
14641
14642
14644
14643
14645
14646
14647
14649
14648
14650
14651
14652
14653
14654
14656
14655
14657
14661
14659
14658
14660
14662
14663
14664
14665
14666
14670
14668
14675
14674
14671
14673
14677
14676
14672
14678
14679
14681
14683
14682
14680
14687
14686
14685
14684
14688
14689
14690
14691
14692
14693
14694
14696
14697
14695
14699
14700
14698
14703
14702
14701
14704
14705
14706
14707
14708
14713
14712
14709
14710
14711
14714
14715
14716
14718
14719
14717
14720
14723
14721
14722
14725
14724
14726
14727
14728
14729
14730
14731
14732
14736
14735
14734
14733
14737
14738
14739
14740
14741
14742
14747
14749
14750
14744
14745
14743
14748
14751
14752
14753
14758
14755
14760
14756
14754
14757
14761
14759
14763
14762
14765
14764
14767
14766
14773
14772
14770
14769
14774
14776
14779
14778
14780
14781
14782
14786
14788
14784
14785
14787
14790
14792
14791
14789
14793
14794
14795
14796
14797
14798
14799
14800
14801
14802
14803
14804
14805
14807
14809
14808
14810
14813
14811
14812
14814
14815
14816
14817
14819
14818
14821
14822
14823
14824
14827
14828
14825
14829
14831
14830
14832
14833
14834
14835
14836
14839
14840
14846
14843
14841
14847
14844
14842
14845
14848
14850
14854
14849
14855
14852
14859
14858
14856
14853
14851
14861
14860
14862
14867
14863
14866
14865
14864
14868
14870
14869
14871
14872
14873
14874
14875
14881
14882
14883
14879
14877
14876
14880
14878
14884
14887
14888
14886
14885
14889
14891
14890
14892
14894
14893
14895
14896
14897
14900
14898
14903
14902
14899
14904
14901
14906
14905
14907
14910
14909
14913
14911
14914
14917
14918
14916
14915
14919
14920
14921
14912
14922
14923
14925
14924
14926
14927
14929
14928
14930
14931
14932
14933
14934
14935
14936
14937
14939
14940
14941
14943
14942
14944
14945
14946
14947
14948
14949
14950
14951
14953
14954
14955
14952
14956
14957
14959
14958
14960
14961
14963
14965
14962
14964
14966
14969
14968
14970
14971
14972
14973
14976
14974
14977
14978
14981
14967
14975
14979
14982
14984
14985
14983
14990
14986
14987
14989
14992
14991
14988
14993
14994
14995
14997
14996
15001
15002
14998
14999
15000
15003
15004
15005
15006
15007
15008
15009
15013
15012
15010
15011
15015
15014
15017
15018
15016
15019
15020
15021
15022
15024
15025
15027
15026
15023
15029
15028
15030
15032
15031
15034
15036
15033
15044
15037
15045
15039
15040
15043
15038
15035
15041
15042
15047
15046
15050
15049
15051
15048
15054
15055
15052
15056
15053
15057
15060
15059
15064
15061
15058
15062
15070
15073
15068
15072
15069
15071
15063
15065
15066
15074
15079
15077
15082
15078
15081
15080
15076
15075
15083
15084
15085
15089
15087
15088
15086
15090
15092
15091
15093
15094
15095
15097
15098
15096
15099
15100
15102
15103
15101
15067
15104
15106
15105
15107
15108
15109
15111
15110
15112
15113
15114
15115
15117
15116
15118
15119
15120
15122
15121
15123
15125
15124
15129
15128
15127
15131
15126
15133
15134
15132
15136
15135
15137
15138
15139
15140
15141
15142
15143
15144
15145
15146
15147
15148
15149
15151
15150
15152
15153
15154
15156
15155
15157
15159
15160
15161
15158
15162
15163
15166
15167
15168
15169
15170
15171
15172
15174
15173
15175
15176
15177
15178
15179
15180
15181
15182
15183
15184
15186
15185
15187
15192
15191
15193
15194
15195
15188
15196
15189
15190
15199
15204
15201
15206
15202
15203
15200
15205
15198
15197
15207
15211
15213
15218
15214
15217
15216
15210
15215
15212
15209
15219
15220
15221
15223
15222
15224
15225
15227
15226
15229
15228
15230
15231
15235
15232
15236
15239
15241
15234
15233
15238
15237
15240
15242
15243
15244
15245
15249
15246
15248
15251
15250
15247
15253
15252
15254
15255
15256
15259
15257
15258
15260
15261
15262
15263
15264
15265
15266
15267
15269
15268
15272
15273
15274
15271
15270
15275
15276
15277
15278
15280
15279
15281
15286
15283
15287
15284
15285
15282
15288
15289
15291
15290
15294
15298
15296
15295
15293
15297
15300
15301
15302
15303
15304
15310
15308
15306
15309
15305
15307
15313
15312
15311
15314
15315
15316
15317
15320
15318
15319
15321
15324
15323
15322
15325
15326
15327
15329
15328
15330
15331
15333
15335
15334
15332
15336
15337
15338
15339
15340
15342
15345
15344
15348
15341
15343
15347
15346
15349
15350
15351
15352
15355
15353
15354
15357
15360
15363
15370
15362
15367
15356
15364
15366
15365
15361
15369
15372
15371
15373
15379
15380
15381
15382
15383
15385
15384
15386
15387
15388
15390
15389
15391
15393
15394
15392
15395
15396
15397
15398
15399
15400
15401
15402
15404
15405
15403
15406
15409
15408
15407
15411
15412
15413
15414
15415
15410
15416
15417
15418
15419
15420
15421
15422
15424
15423
15425
15374
15375
15377
15376
15426
15428
15378
15427
15429
15430
15431
15432
15434
15435
15436
15438
15437
15439
15442
15441
15444
15440
15433
15445
15447
15446
15448
15449
15451
15452
15450
15455
15454
15453
15459
15456
15458
15460
15461
15463
15465
15466
15462
15464
15469
15470
15468
15471
15472
15473
15474
15477
15476
15478
15481
15480
15482
15479
15483
15484
15487
15486
15488
15485
15489
15490
15491
15492
15493
15494
15495
15496
15497
15498
15500
15502
15501
15503
15506
15509
15504
15508
15505
15507
15510
15511
15512
15517
15514
15518
15515
15516
15513
15521
15522
15523
15524
15525
15530
15529
15526
15535
15533
15528
15527
15532
15531
15534
15537
15536
15539
15541
15543
15540
15544
15542
15545
15546
15547
15548
15549
15550
15551
15552
15555
15553
15554
15557
15558
15560
15561
15562
15565
15566
15563
15567
15564
15568
15570
15569
15571
15574
15575
15573
15576
15572
15577
15579
15581
15580
15585
15584
15589
15587
15586
15590
15591
15559
15592
15593
15594
15595
15601
15596
15599
15597
15603
15604
15605
15602
15607
15606
15611
15610
15608
15609
15614
15612
15613
