1785214
6
71
94
70
92
85
118
110
123
90
145
159
177
185
189
193
201
202
217
226
234
290
235
300
309
312
318
325
331
530
38
629
630
645
647
592
532
620
674
676
691
689
692
682
704
725
722
710
733
736
742
753
758
760
755
766
763
769
771
770
777
772
792
791
801
810
808
835
831
871
833
865
867
840
846
942
941
953
975
972
963
1007
989
987
992
988
991
1013
918
898
876
1027
1032
880
1022
1021
1039
1042
1045
1040
1061
1062
1067
1070
1071
1075
1090
1082
1017
1121
1085
1077
1101
1097
1136
1123
1147
1162
1181
1184
1189
1190
1194
1203
1209
1211
1213
1212
1215
1214
1222
1219
1224
1226
1236
1244
1247
1261
1276
1269
1289
1290
1312
1299
1106
1108
1340
1355
1351
1331
1369
1387
1363
1409
1389
1401
1423
1431
1424
1440
1418
1443
1442
1448
1457
1456
1483
1509
1513
1504
1507
1527
1535
1542
1544
1556
1561
1571
1578
1597
1607
1610
1626
1636
1639
1640
1643
1656
1654
1668
1673
1670
1678
1681
1686
1694
1703
1711
1720
1740
1763
1779
1784
1787
1806
1788
1841
1847
1868
1900
1916
1909
1908
1932
1924
1965
1974
1989
1985
1991
2041
2063
2100
2159
2130
2194
2187
2260
2312
2251
2224
2234
2245
2225
2227
2338
2349
2402
2453
2498
2500
2496
2497
2501
2499
2495
2438
2502
2516
2538
2550
2559
2560
2558
2561
2562
2563
2565
2564
2566
2567
2587
2584
2571
2574
2568
2570
2579
2569
2619
2625
2617
2643
2651
2678
2696
2703
2639
2709
2735
2739
2777
2822
2874
2847
2848
2884
2906
2741
2916
2937
2952
2974
2980
2914
2973
3002
2594
3008
3027
3029
3042
3064
3071
3077
3097
3115
3136
3082
3165
3219
3239
3134
3262
3310
3324
3308
3345
3347
3350
3355
3285
3430
3447
3370
3460
3461
3480
3491
3524
3526
3536
3546
3547
3552
3580
3554
3584
3573
3344
3609
3616
3633
3643
3645
3650
3396
3377
3421
3652
3674
3687
3698
3682
3703
3709
3708
3715
3729
3736
3742
3753
3749
3778
3835
3782
3806
3801
3853
3839
3786
3822
3612
3858
3873
3857
3916
3861
3918
3930
3967
3949
3974
3975
4003
3998
4079
4158
4050
4009
4054
4191
4132
4091
4216
4217
4239
4260
4293
4284
4268
4312
4299
4314
4323
4371
4380
4390
4456
4441
4424
4460
4471
4486
4517
4516
4512
4561
4211
4594
4573
4596
4616
4624
4679
4681
4531
4553
4526
4684
4685
4687
4725
4689
4750
4757
4777
4758
4767
4818
4783
4821
4862
4831
4880
4898
4882
4916
4939
4944
4930
4987
4999
4960
4993
5043
5143
5168
5186
5161
5065
5304
5335
5389
5310
5429
5486
5443
5470
5447
5312
5511
5522
5537
5530
5544
5570
5583
5588
5586
5592
5632
5659
5664
5698
5703
5757
5764
5781
5782
5732
5804
5809
5818
5819
5834
5852
5843
5923
5940
5969
5984
5993
6012
5996
6003
6014
6023
6058
6059
6084
6072
6115
6141
6116
6132
6127
6147
6145
6221
6181
6203
6186
6224
6294
6310
6334
6336
6393
6402
6397
6446
6440
6454
6456
6497
6544
6533
6572
6554
6585
6547
6620
6655
6665
6683
6690
6712
6696
6776
6792
6805
6811
6820
6829
6833
6837
6847
6869
6872
6523
6808
6659
6879
6920
6927
6936
6940
6964
6968
6982
7010
6981
7025
7030
7031
7109
7102
7163
7186
7190
7211
7194
7254
7223
7234
7312
7293
7294
7322
7275
7392
7325
7475
7519
7536
7573
7580
7566
7583
7711
7752
7745
7856
7844
7836
7891
7888
7906
7909
7913
7914
8001
8156
8186
7990
8213
8291
8257
8348
8354
8431
8471
8496
8459
8569
8613
8641
8739
8745
8778
8980
8895
8810
8807
8931
8981
9037
9106
9160
9330
9360
9416
9541
9518
9489
9534
9300
9588
9637
9650
9696
9804
9864
9895
9926
9978
9997
10013
10031
10058
10062
10103
10170
10133
10198
10199
10235
10130
10243
10226
10271
10293
10277
10322
10398
10256
10417
10430
10408
10447
10454
10461
10464
10415
10512
10528
10539
10547
10665
10686
10712
10757
10758
10845
10640
10543
10913
10951
11008
11023
11024
11065
11080
11107
11114
11079
11115
11138
11193
11209
11259
11264
11325
11333
11383
11399
11410
11202
11423
11464
11470
11514
11523
11520
11587
11573
11702
11710
11615
11716
11717
11723
11726
11800
11741
11720
11806
11865
11868
11880
11824
11957
11999
11973
12014
11902
12038
11892
12128
12130
12175
12160
12193
12224
12250
12258
12152
12266
12284
12347
12363
12372
12421
12403
12451
12353
12454
12486
12491
12493
12547
12520
12551
12562
12573
12588
12615
12620
12662
12642
12691
12696
12706
12762
12757
12755
12828
12845
12886
12958
12932
12998
12875
13066
13124
13113
13155
13147
13165
13220
13209
13358
13366
13394
13426
13294
13353
13368
13468
13487
13437
13500
13508
13515
13554
13567
13573
13624
13633
13626
13685
13706
13724
13744
13779
13805
13794
13956
13932
13962
13969
13998
14001
13975
14017
13921
14033
14072
14042
14092
14100
14139
14181
14194
14159
14198
14205
14214
14227
14244
14290
14310
14338
14339
14340
14341
14342
14343
14345
14346
14347
14348
14350
14351
14349
14352
14344
14353
14354
14355
14356
14357
14359
14361
14360
14362
14363
14364
14365
14366
14367
14358
14368
14370
14369
14371
14372
14373
14375
14378
14376
14377
14379
14382
14380
14381
14374
14383
14385
14389
14392
14388
14387
14391
14390
14386
14384
14393
14400
14401
14395
14405
14394
14404
14396
14402
14398
14403
14408
14406
14407
14413
14409
14412
14410
14415
14414
14411
14418
14417
14421
14419
14422
14425
14423
14424
14420
14426
14428
14427
14429
14431
14432
14430
14433
14439
14435
14438
14434
14437
14440
14443
14441
14442
14446
14451
14452
14449
14448
14447
14450
14453
14455
14454
14456
14458
14463
14462
14460
14461
14459
14464
14465
14467
14466
14468
14469
14470
14472
14471
14473
14474
14475
14477
14476
14478
14479
14480
14482
14481
14483
14485
14484
14486
14487
14488
14490
14489
14491
14493
14495
14496
14497
14500
14499
14501
14502
14503
14504
14505
14507
14506
14508
14509
14510
14512
14513
14514
14515
14516
14517
14518
14519
14520
14521
14522
14523
14524
14525
14526
14527
14528
14529
14532
14530
14534
14535
14533
14536
14538
14537
14541
14540
14539
14543
14544
14542
14545
14546
14547
14551
14548
14549
14552
14553
14558
14556
14554
14559
14492
14560
14562
14561
14563
14566
14567
14569
14571
14570
14572
14573
14575
14574
14578
14577
14579
14581
14580
14582
14583
14585
14586
14588
14592
14590
14593
14594
14596
14595
14597
14599
14600
14601
14604
14602
14605
14606
14607
14608
14609
14610
14611
14612
14617
14615
14618
14619
14622
14621
14624
14620
14625
14627
14628
14630
14629
14632
14636
14633
14634
14635
14637
14642
14639
14640
14638
14641
14643
14646
14647
14648
14652
14651
14654
14650
14653
14655
14659
14656
14658
14644
14661
14660
14662
14664
14663
14665
14666
14669
14670
14667
14684
14683
14685
14689
14692
14682
14687
14686
14690
14688
14691
14693
14694
14695
14697
14696
14702
14698
14700
14701
14699
14705
14704
14706
14708
14709
14710
14712
14715
14711
14713
14716
14717
14718
14719
14720
14721
14728
14726
14730
14731
14725
14727
14724
14723
14732
14729
14733
14735
14734
14737
14736
14738
14741
14742
14739
14740
14743
14744
14745
14746
14747
14748
14749
14750
14754
14751
14752
14755
14756
14758
14759
14760
14761
14762
14763
14765
14768
14767
14764
14770
14771
14772
14773
14774
14776
14782
14783
14784
14777
14781
14785
14779
14778
14786
14789
14791
14787
14793
14788
14796
14792
14795
14790
14794
14799
14803
14802
14925
14797
14838
14800
14801
14883
14851
14961
15005
15022
15109
15124
15133
15164
15211
15209
15355
15401
15415
15422
15440
15532
15604
15591
15772
15940
15860
15765
15837
16041
16060
16155
16172
16229
16241
16246
16245
16308
16304
16318
16378
16402
16323
16375
16436
16459
16517
16523
16544
16527
16688
16824
16843
16882
16729
16919
16957
16956
17050
16966
17087
17089
17095
17101
17153
17140
17162
17224
17243
17256
17330
17387
17364
17397
17391
17408
17436
17456
17510
17452
17537
17388
17598
17542
17629
17631
17669
17730
17742
17728
17735
17773
17799
17803
17888
17933
17957
18002
17992
17995
18009
18056
18030
18084
18100
18101
18170
18177
18176
18199
18250
18377
18265
18230
18379
18392
18404
18501
18524
18550
18740
18743
18831
18859
18964
17357
18926
18989
19009
19014
19019
19039
19139
19185
19201
19202
19235
19273
19315
19361
19381
19406
19404
19439
19463
19468
19475
19527
19581
19621
19648
19693
19663
19700
19721
19790
19782
19810
19841
19900
19919
19937
19976
20051
20063
20055
20259
20238
20328
20338
20380
20368
20409
20397
20437
20424
20450
20470
20476
20474
20549
20569
20592
20566
20532
20480
20615
20755
20797
20785
20915
20949
20910
20934
21078
20804
20880
21083
21132
21141
21155
21151
21143
21254
21239
21163
21218
21381
21267
21472
21394
21493
21414
21488
21474
21422
21341
21388
21398
21552
21568
21573
21576
21585
21599
21613
21618
21668
21699
21704
21755
21788
21804
21824
21827
21836
21841
21844
21850
21861
21966
21934
21945
21500
21505
21972
21521
21976
21974
21547
21537
21536
21993
22018
22025
22053
22061
22064
22073
22158
22138
22144
22081
22168
22175
22204
22207
22253
22268
22272
22286
22319
22329
22373
22392
22439
22490
22414
22525
22528
22533
22538
22540
22543
22568
22602
22612
22618
22613
22635
22656
22663
22660
22669
22666
22674
22679
22678
22686
22687
22708
22703
22715
22689
22727
22700
22741
22779
22794
22817
22822
22841
22851
22884
22878
22916
22906
22949
22923
22945
22971
22979
22992
22998
23001
23004
23011
23010
23006
23057
23056
23089
23078
23101
23103
23115
23135
23190
23205
23235
23253
23297
23334
23350
23356
23440
23446
23520
23505
23521
23564
23594
23614
23585
23659
23613
23606
23673
23584
23663
23690
23698
23739
23744
23759
23769
23828
23912
23914
24000
23982
24007
24020
23972
24050
24044
24146
24072
24118
23932
24150
24012
23930
24078
23928
24212
24222
24186
23834
24240
24280
24271
24268
24224
24221
24249
24344
24226
24386
24358
24413
24261
24473
24500
24302
24329
24179
24339
24510
24514
24624
24621
24598
24637
24634
24452
24532
24382
24744
24427
24800
24672
24757
24802
24691
24822
24834
24803
24815
24857
24861
24719
24766
24925
24807
24929
24881
24949
24851
24971
24939
24974
25004
25033
24902
24900
25126
25034
24958
25132
25291
25197
25030
25297
25348
25317
25368
25426
25406
25285
25105
25572
25567
25081
25561
25530
25632
25650
25641
25656
25562
25665
25678
25653
25683
25698
25732
25707
25737
25739
25750
25757
25785
25789
25606
25811
25813
25590
25843
25870
25891
25945
25951
25960
25978
25990
25989
26010
26014
26025
26040
26043
26089
26090
26107
26128
26144
26156
26158
26140
26172
26178
26189
26194
26218
26225
26220
26232
26243
26269
26262
26271
26284
26292
25015
26294
26312
26314
26328
26316
26365
26315
26368
26372
26383
26392
26405
26418
26432
26455
26439
26457
26443
23785
23836
23839
23865
23861
23900
23818
24206
24376
24805
25274
25432
25529
26476
26526
26544
26572
26569
26590
26595
26581
26578
26593
26605
26606
26613
26615
26626
26627
26640
26633
26672
26662
26690
26677
26693
26702
26709
26724
26718
26733
26753
26760
26761
26747
26726
26772
26773
26779
26793
26841
26869
26850
26880
26894
26893
26906
26912
26917
26920
26978
27010
27039
27044
27057
27072
27065
27061
27078
27089
27103
27111
27115
27116
27120
27153
27156
27178
27169
27191
27240
27201
27255
27259
27262
27270
27273
27286
27307
27319
27341
27349
27365
27373
27382
27407
27417
27432
27435
27438
27441
27445
27453
27449
27455
27478
27473
27485
27511
27486
27516
27526
27550
27551
27553
27567
27588
27602
27617
27604
27623
27651
27652
27695
27696
27703
27708
27716
27746
27770
27768
27748
27767
27780
27794
27795
27804
27814
27823
27825
27838
27855
27854
27864
27862
27875
27910
27925
27927
27929
27942
27962
27985
27995
27999
28005
28024
28011
28065
28066
28092
28111
28139
28154
28150
28157
28177
28181
28182
28185
28212
28217
28232
28235
28237
28241
28265
28267
28285
28302
28305
28304
28315
28369
28372
28388
28429
28477
28489
28497
28627
28662
28852
28880
28950
29009
29158
29193
29338
29290
29381
29387
29389
29442
29460
29443
29514
29515
29568
29556
29593
29595
29601
29664
29677
29702
29744
29757
29759
29801
29775
29903
29955
29920
30010
30134
29973
30031
30223
30233
30246
30314
30329
30417
30598
30569
30683
30699
30714
30722
30725
30741
30763
30780
30808
30812
30827
30834
30842
30868
30926
30931
30941
31037
31165
31127
31131
31222
31242
31337
31311
31420
31437
31546
31565
31563
31585
31580
31674
31677
31707
31787
31773
31820
31924
31978
32010
31977
32068
32089
32124
32141
32147
32138
32173
32179
32190
32194
32208
32283
32318
32436
32451
32570
32575
32675
32699
32733
32717
32732
32632
32680
32692
32745
32755
32868
32843
32829
32791
32817
32898
32952
32926
32840
32890
32965
32980
33005
33044
33107
33102
33157
33178
33175
33182
33195
33205
33207
33212
33231
33274
33286
33318
33309
33327
33333
33351
33350
33353
33355
33356
33359
33374
33375
33395
33397
33405
33407
33416
33418
33421
33450
33460
33461
33462
33470
33504
33494
33493
33524
33537
33520
33545
33563
33569
33522
33582
33600
33628
33674
33679
33692
33717
33688
33725
33727
33734
33738
33764
33777
33772
33753
33767
33815
33827
33800
33836
33837
33841
33847
33844
33870
33874
33859
33899
33877
33909
33973
34000
33991
34103
34145
34164
34303
34374
34380
34381
34323
34412
34425
34450
34469
34522
34561
34574
