1
0
9
2
8
5
6
4
10
11
7
12
13
14
15
19
17
16
18
22
21
20
23
24
26
25
27
30
29
28
32
31
33
34
35
36
37
38
39
42
41
40
43
44
45
46
47
48
50
49
51
52
53
54
56
57
58
55
59
60
62
61
63
64
65
68
67
66
69
70
71
72
74
73
75
76
77
78
79
80
84
85
83
82
86
87
89
88
90
91
94
95
96
93
92
97
98
99
100
101
102
106
104
105
103
109
108
110
107
111
112
121
122
123
124
125
126
127
128
129
130
131
132
133
134
135
136
137
138
113
139
117
114
115
119
120
118
116
140
141
142
143
144
145
146
148
149
151
150
154
147
153
152
155
156
162
160
161
158
159
163
164
157
165
166
167
168
169
171
170
172
176
174
173
177
175
178
179
180
181
183
184
188
186
182
189
187
185
190
191
192
195
197
194
200
198
196
193
199
201
202
203
206
205
207
208
211
210
212
209
213
214
216
217
220
218
219
221
223
225
226
224
222
227
228
229
230
233
232
231
238
235
237
234
236
240
243
242
241
246
245
248
247
244
249
239
250
251
252
253
254
255
256
259
258
257
260
261
262
264
265
267
266
268
271
270
272
269
275
276
277
279
278
282
280
281
273
283
285
284
286
287
274
291
293
289
288
294
296
290
292
295
297
298
299
300
303
304
302
305
306
301
307
308
309
310
311
313
312
316
314
315
318
317
320
321
319
322
323
324
326
325
327
328
329
331
330
333
332
334
338
337
335
343
340
339
342
341
336
344
345
348
351
350
347
353
346
352
349
354
355
356
357
358
359
360
363
361
362
364
365
366
367
368
370
369
371
372
373
375
374
376
377
378
379
382
380
383
385
381
384
386
388
387
389
391
392
395
394
398
393
390
397
396
399
400
402
401
405
403
408
404
407
406
409
410
411
412
414
413
415
418
420
419
417
416
422
423
426
427
424
433
425
429
432
431
428
434
435
444
436
437
439
438
440
442
443
441
446
445
447
448
451
450
452
453
454
455
458
456
459
460
461
462
463
466
464
465
467
468
469
472
470
471
473
475
474
476
478
479
480
481
482
483
484
485
486
487
488
489
490
491
492
494
493
495
496
498
497
499
500
501
503
504
505
506
507
508
509
510
512
511
513
514
515
516
517
518
519
520
521
522
523
525
524
527
526
528
529
530
531
532
534
535
536
537
538
539
540
541
542
543
544
545
546
547
548
549
550
551
553
554
555
556
557
558
559
560
561
562
563
564
565
566
567
568
569
571
572
574
573
575
576
578
577
588
589
585
580
579
586
581
582
587
583
590
591
596
594
595
592
600
597
598
599
601
602
603
605
606
607
610
608
604
609
611
613
614
615
616
617
618
621
619
620
625
623
624
626
627
628
629
632
630
636
635
633
634
637
631
638
639
640
641
642
644
646
643
648
647
645
649
650
651
652
653
654
655
659
656
657
658
660
662
661
663
664
665
666
668
667
669
671
670
672
674
673
675
676
677
678
680
681
682
679
685
684
683
687
686
688
689
692
690
696
694
699
697
698
695
693
691
700
701
702
703
704
705
708
709
707
706
711
710
712
713
714
718
715
716
719
721
720
717
722
723
724
725
727
726
728
731
729
732
733
734
730
735
737
739
744
743
742
748
738
740
749
746
745
753
751
747
750
752
754
757
756
758
759
762
761
763
760
764
765
766
767
768
769
770
771
774
775
772
776
777
778
780
779
781
782
785
784
783
786
788
787
789
791
793
790
794
795
796
799
797
800
803
802
801
798
804
805
806
807
813
808
810
811
809
812
815
814
816
817
818
820
822
823
824
825
826
821
828
819
827
829
830
831
838
832
834
839
836
841
835
840
833
842
843
844
845
846
851
847
852
849
848
850
853
856
854
855
857
860
862
858
859
863
864
865
866
868
871
869
867
873
872
874
870
875
876
877
878
880
879
882
881
884
885
886
883
887
888
890
891
892
894
895
893
897
896
889
898
900
899
901
905
903
906
908
907
904
902
909
911
915
913
914
916
910
912
917
918
919
920
923
924
921
925
922
927
926
928
929
930
931
934
933
936
935
932
937
938
939
940
941
942
945
947
948
946
943
949
950
951
953
954
955
957
961
959
958
963
962
960
964
965
966
967
969
968
970
972
973
971
975
974
976
977
978
979
981
983
982
985
984
980
986
987
988
992
989
993
990
994
996
995
998
997
1000
1001
1004
1002
1003
1005
1006
1007
1008
1009
1010
1011
1012
1013
1015
1014
1020
1017
1018
1016
1021
1022
1023
1024
1025
1026
1030
1028
1027
1029
1031
1032
1033
1034
1035
1036
1037
1041
1038
1039
1044
1043
1045
1046
1047
1048
1049
1052
1051
1050
1054
1053
1055
1056
1057
1058
1059
1060
1061
1063
1065
1064
1066
1067
1068
1069
1070
1071
1072
1073
1075
1076
1084
1081
1083
1085
1078
1082
1074
1080
1087
1089
1092
1090
1088
1093
1094
1091
1095
1098
1101
1096
1102
1103
1105
1099
1104
1097
1106
1107
1111
1112
1110
1113
1114
1117
1118
1119
1120
1121
1122
1115
1123
1124
1126
1127
1108
1109
1129
1130
1128
1132
1135
1133
1136
1131
1139
1116
1138
1137
1140
1141
1142
1144
1150
1146
1149
1145
1147
1148
1152
1151
1153
1156
1157
1158
1155
1160
1159
1162
1161
1164
1165
1163
1166
1143
1167
1168
1169
1171
1170
1173
1174
1175
1177
1178
1172
1176
1179
1180
1181
1182
1185
1186
1189
1191
1190
1183
1184
1188
1192
1187
1193
1194
1195
1201
1202
1203
1200
1197
1199
1204
1205
1207
1209
1206
1208
1210
1198
1212
1211
1217
1213
1214
1219
1215
1216
1218
1221
1222
1220
1226
1227
1229
1228
1223
1235
1232
1233
1237
1236
1231
1238
1234
1239
1240
1242
1243
1244
1077
1246
1224
1241
1252
1253
1248
1247
1249
1225
1254
1259
1258
1263
1264
1257
1261
1260
1256
1255
1262
1265
1270
1275
1269
1274
1273
1272
1271
1267
1276
1277
1278
1279
1280
1283
1281
1284
1285
1287
1286
1288
1289
1290
1291
1292
1293
1294
1297
1298
1296
1299
1300
1302
1303
1304
1305
1306
1310
1307
1312
1311
1309
1308
1313
1314
1315
1316
1317
1318
1320
1319
1322
1321
1323
1324
1325
1326
1327
1329
1330
1332
1333
1335
1331
1336
1337
1338
1339
1340
1341
1342
1343
1344
1345
1346
1347
1348
1349
1350
1351
1352
1353
1354
1355
1357
1358
1356
1359
1360
1361
1362
1363
1364
1365
1366
1367
1372
1369
1373
1371
1375
1374
1376
1377
1379
1381
1385
1378
1383
1380
1386
1387
1388
1390
1392
1391
1395
1394
1393
1396
1397
1399
1400
1401
1402
1403
1404
1405
1406
1410
1409
1407
1408
1411
1412
1416
1414
1418
1421
1417
1420
1415
1422
1424
1419
1413
1423
1425
1427
1429
1431
1430
1433
1434
1432
1435
1428
1436
1437
1438
1439
1441
1443
1440
1446
1444
1449
1448
1445
1447
1451
1452
1453
1454
1455
1457
1456
1459
1460
1461
1464
1462
1463
1465
1467
1466
1468
1469
1470
1474
1476
1475
1478
1479
1480
1471
1472
1473
1486
1481
1484
1483
1488
1489
1487
1485
1482
1490
1491
1492
1493
1497
1495
1496
1498
1499
1500
1501
1502
1503
1506
1505
1504
1508
1507
1509
1510
1511
1512
1513
1515
1517
1516
1514
1518
1519
1521
1520
1523
1524
1525
1526
1527
1528
1530
1531
1533
1532
1534
1535
1536
1537
1538
1539
1541
1540
1543
1542
1544
1545
1546
1548
1547
1550
1549
1551
1553
1552
1554
1555
1557
1558
1559
1560
1562
1561
1563
1565
1566
1564
1567
1568
1569
1570
1571
1572
1573
1574
1577
1576
1578
1580
1579
1581
1582
1450
1585
1586
1590
1591
1589
1583
1584
1592
1587
1593
1595
1596
1598
1601
1600
1599
1604
1603
1606
1602
1607
1609
1610
1611
1612
1613
1614
1619
1618
1615
1617
1620
1622
1624
1625
1626
1627
1628
1629
1631
1630
1632
1633
1635
1636
1637
1639
1640
1641
1642
1643
1644
1645
1646
1647
1648
1649
1650
1651
1652
1653
1655
1656
1654
1657
1658
1659
1660
1661
1662
1663
1664
1665
1667
1666
1668
1669
1670
1671
1672
1673
1674
1675
1679
1676
1680
1677
1678
1681
1683
1684
1682
1685
1686
1687
1688
1689
1692
1690
1693
1694
1695
1696
1697
1699
1698
1701
1702
1700
1705
1704
1706
1703
1707
1708
1709
1710
1712
1711
1714
1716
1713
1715
1717
1718
1719
1721
1722
1723
1725
1726
1727
1728
1724
1729
1730
1731
1732
1733
1734
1735
1740
1738
1736
1739
1737
1742
1741
1743
1744
1746
1747
1751
1750
1748
1749
1754
1753
1752
1755
1756
1757
1758
1759
1761
1760
1763
1762
1764
1765
1766
1767
1768
1771
1770
1769
1772
1774
1773
1776
1775
1777
1778
1779
1780
1781
1782
1783
1784
1786
1785
1787
1788
1790
1791
1789
1792
1793
1794
1796
1798
1797
1799
1800
1801
1802
1803
1804
1805
1808
1806
1807
1809
1810
1813
1811
1812
1818
1822
1821
1819
1820
1816
1823
1825
1824
1826
1827
1828
1831
1833
1829
1830
1834
1837
1835
1838
1839
1842
1840
1843
1841
1844
1845
1847
1846
1848
1849
1850
1851
1852
1854
1853
1855
1857
1856
1858
1859
1860
1863
1865
1862
1861
1866
1868
1867
1870
1869
1871
1872
1873
1875
1874
1876
1877
1878
1880
1882
1881
1883
1884
1885
1887
1888
1890
1889
1893
1892
1891
1895
1897
1898
1894
1896
1902
1901
1899
1903
1900
1905
1909
1906
1907
1908
1910
1911
1912
1916
1913
1919
1917
1921
1923
1920
1924
1925
1926
1927
1928
1929
1930
1933
1932
1931
1934
1935
1936
1937
1938
1939
1941
1940
1943
1942
1944
1946
1947
1948
1949
1950
1955
1954
1957
1956
1951
1953
1962
1959
1958
1960
1964
1966
1967
1965
1963
1968
1969
1970
1971
1972
1977
1975
1974
1976
1973
1979
1980
1981
1982
1983
1989
1993
1984
1992
1991
1987
1986
1988
1985
1990
1994
1997
1995
1996
1998
2000
2001
2003
1999
2002
2005
2007
2010
2008
2011
2006
2013
2015
2016
2012
2017
2018
2020
2019
2021
2026
2022
2024
2023
2025
2028
2029
2030
2031
2035
2033
2036
2034
2032
2038
2037
2039
2040
2041
2042
2044
2048
2047
2046
2045
2050
2049
2043
2051
2052
2053
2054
2055
2056
2061
2057
2058
2059
2062
2063
2064
2065
2067
2066
2068
2070
2074
2069
2073
2071
2075
2076
2077
2080
2079
2081
2086
2085
2084
2083
2087
2088
2089
2090
2091
2092
2094
2093
2098
2096
2095
2097
2099
2100
2101
2102
2106
2103
2104
2105
2108
2107
2109
2111
2110
2112
2113
2114
2115
2116
2118
2119
2120
2121
2122
2123
2124
2126
2128
2127
2129
2131
2134
2130
2132
2133
2135
2136
2138
2139
2140
2142
2143
2146
2145
2144
2147
2148
2149
2150
2151
2152
2153
2156
2155
2157
2154
2158
2159
2160
2161
2162
2163
2164
2165
2166
2167
2168
2169
2170
2172
2171
2173
2175
2174
2176
2177
2178
2179
2182
2184
2185
2187
2186
2188
2190
2195
2192
2196
2197
2198
2189
2200
2199
2201
2202
2203
2204
2205
2207
2208
2206
2212
2211
2209
2210
2216
2217
2218
2220
2221
2222
2223
2224
2225
2226
2228
2229
2231
2230
2234
2233
2232
2236
2237
2239
2238
2214
2213
2215
2240
2243
2241
2245
2246
2247
2248
2250
2251
2253
2254
2255
2257
2256
2258
2260
2259
2261
2262
2263
2264
2268
2271
2267
2273
2265
2272
2270
2269
2266
2274
2276
2283
2281
2275
2279
2284
2280
2282
2277
2285
2286
2288
2287
2293
2289
2296
2292
2291
2290
2295
2297
2298
2299
2301
2307
2306
2305
2304
2300
2303
2309
2308
2310
2311
2314
2313
2317
2316
2319
2318
2321
2320
2322
2323
2324
2326
2327
2330
2331
2329
2328
2333
2332
2334
2336
2335
2337
2338
2340
2342
2343
2345
2341
2344
2346
2347
2348
2349
2350
2353
2355
2356
2360
2357
2354
2352
2351
2361
2362
2366
2364
2368
2370
2367
2371
2369
2365
2372
2373
2378
2382
2383
2375
2384
2379
2380
2377
2374
2381
2385
2386
2391
2388
2390
2393
2387
2392
2389
2395
2396
2397
2399
2403
2398
2404
2400
2394
2402
2405
2406
2407
2413
2410
2414
2408
2411
2415
2417
2416
2418
2419
2420
2422
2421
2423
2424
2425
2427
2428
2426
2430
2435
2436
2432
2434
2433
2440
2441
2438
2439
2437
2442
2443
2444
2445
2446
2452
2451
2450
2448
2449
2453
2456
2458
2459
2457
2460
2461
2463
2465
2464
2467
2468
2470
2472
2471
2473
2474
2476
2475
2478
2479
2477
2480
2482
2483
2484
2485
2487
2489
2486
2490
2493
2496
2494
2497
2498
2499
2495
2492
2491
2500
2501
2503
2504
2507
2506
2509
2508
2505
2510
2511
2513
2514
2516
2518
2517
2519
2515
2520
2521
2522
2523
2528
2488
2527
2531
2530
2532
2534
2524
2525
2526
2537
2539
2536
2535
2538
2540
2541
2544
2542
2545
2546
2550
2548
2549
2547
2551
2552
2555
2554
2553
2556
2557
2559
2558
2560
2561
2562
2566
2563
2565
2567
2568
2570
2571
2572
2573
2575
2578
2577
2576
2579
2580
2581
2582
2584
2585
2591
2593
2594
2590
2587
2588
2589
2586
2595
2592
2597
2596
2600
2602
2601
2603
2604
2605
2599
2606
2607
2608
2609
2610
2612
2611
2613
2615
2614
2617
2616
2618
2619
2620
2621
2622
2624
2625
2623
2627
2626
2629
2630
2631
2633
2635
2638
2637
2636
2641
2639
2634
2643
2644
2646
2647
2650
2651
2649
2648
2652
2654
2653
2656
2657
2658
2660
2663
2661
2659
2662
2664
2665
2666
2667
2668
2669
2670
2675
2672
2674
2673
2678
2677
2679
2642
2681
2682
2683
2685
2688
2689
2687
2690
2691
2692
2693
2694
2695
2696
2697
2700
2699
2698
2701
2702
2703
2704
2705
2706
2707
2709
2708
2711
2710
2712
2713
2714
2715
2716
2717
2720
2718
2723
2725
2724
2727
2728
2726
2721
2730
2731
2732
2739
2737
2736
2738
2734
2735
2741
2742
2743
2744
2745
2746
2747
2748
2749
2750
2752
2751
2753
2756
2757
2758
2759
2760
2761
2764
2763
2766
2769
2767
2770
2768
2771
2762
2772
2773
2774
2777
2778
2781
2779
2776
2782
2780
2783
2784
2785
2786
2787
2788
2789
2790
2791
2792
2793
2794
2795
2796
2797
2798
2800
2802
2799
2803
2801
2804
2805
2806
2807
2808
2809
2814
2815
2813
2810
2811
2816
2817
2819
2818
2820
2821
2822
2824
2823
2826
2827
2825
2830
2829
2828
2831
2832
2834
2833
2841
2842
2836
2837
2840
2843
2838
2844
2845
2847
2849
2852
2848
2850
2854
2851
2853
2855
2857
2858
2859
2860
2862
2864
2863
2861
2865
2866
2867
2868
2869
2870
2871
2872
2874
2873
2875
2876
2877
2878
2879
2880
2882
2884
2885
2886
2887
2888
2889
2891
2890
2892
2893
2894
2895
2896
2897
2898
2899
2900
2904
2902
2905
2903
2906
2907
2908
2909
2910
2911
2912
2913
2915
2914
2916
2917
2918
2919
2920
2921
2922
2925
2927
2926
2924
2928
2929
2930
2931
2932
2934
2937
2938
2933
2935
2936
2940
2939
2942
2941
2943
2944
2945
2948
2947
2946
2949
2953
2952
2950
2954
2955
2956
2957
2960
2958
2963
2962
2964
2961
2965
2966
2967
2970
2969
2968
2971
2972
2974
2973
2975
2976
2977
2978
2980
2979
2981
2982
2984
2983
2985
2986
2988
2989
2991
2993
2994
2995
2996
2998
3001
3000
3002
3003
3005
3004
3006
3007
3008
3009
3010
3011
3012
3014
3016
3013
3017
3019
3021
3020
3024
3022
3023
3025
3027
3026
3028
3029
3031
3033
3037
3039
3030
3038
3040
3036
3034
3035
3041
3042
3043
3045
3044
3049
3047
3050
3046
3048
3051
3053
3054
3056
3055
3057
3059
3060
3058
3062
3064
3063
3065
3066
3067
3068
3070
3073
3072
3071
3069
3075
3076
3077
3078
3080
3081
3086
3083
3084
3087
3085
3088
3089
3090
3092
3093
3094
3095
3096
3098
3097
3101
3102
3104
3105
3106
3107
3110
3108
3111
3109
3113
3112
3115
3114
3116
3117
3118
3122
3120
3119
3123
3126
3124
3125
3127
3128
3129
3130
3133
3131
3132
3134
3137
3135
3138
3139
3140
3142
3141
3144
3143
3145
3146
3147
3148
3149
3150
3151
3152
3153
3154
3155
3160
3158
3161
3156
3159
3162
3163
3164
3165
3167
3168
3169
3171
3174
3172
3176
3175
3178
3177
3179
3181
3184
3183
3182
3180
3185
3186
3188
3187
3189
3194
3190
3191
3193
3192
3196
3195
3197
3198
3199
3201
3204
3200
3202
3203
3207
3206
3205
3208
3209
3210
3211
3212
3213
3214
3218
3219
3216
3215
3217
3222
3221
3225
3224
3227
3228
3229
3234
3235
3230
3239
3240
3241
3237
3236
3242
3244
3246
3247
3245
3248
3249
3252
3251
3250
3253
3254
3257
3255
3256
3258
3259
3260
3262
3261
3263
3264
3265
3267
3268
3269
3270
3271
3272
3273
3274
3275
3276
3279
3278
3281
3282
3283
3285
3286
3287
3289
3288
3290
3291
3292
3293
3294
3295
3297
3296
3299
3300
3298
3301
3304
3305
3306
3309
3307
3310
3314
3315
3311
3312
3313
3316
3317
3320
3318
3319
3321
3322
3324
3326
3325
3323
3327
3328
3331
3330
3334
3335
3336
3332
3333
3337
3329
3338
3340
3339
3343
3342
3344
3347
3341
3346
3345
3350
3351
3352
3353
3354
3355
3356
3357
3358
3359
3360
3361
3362
3363
3364
3365
3366
3367
3369
3371
3372
3374
3373
3375
3376
3377
3378
3382
3379
3383
3380
3384
3387
3388
3389
3390
3393
3392
3391
3394
3395
3396
3397
3399
3400
3401
3402
3403
3406
3404
3408
3409
3410
3411
3412
3413
3414
3415
3416
3418
3419
3420
3421
3422
3423
3425
3426
3427
3385
3428
3429
3430
3431
3432
3424
3433
3434
3437
3436
3435
3438
3439
3440
3442
3441
3443
3444
3447
3445
3446
3448
3450
3451
3453
3454
3452
3455
3456
3457
3458
3459
3460
3461
3462
3463
3464
3465
3466
3467
3468
3470
3469
3473
3474
3476
3477
3475
3478
3479
3471
3480
3481
3486
3482
3484
3487
3488
3489
3492
3490
3493
3494
3496
3495
3497
3498
3499
3500
3502
3501
3504
3503
3505
3506
3507
3508
3510
3509
3511
3512
3514
3515
3516
3517
3518
3520
3519
3521
3523
3524
3525
3522
3526
3527
3528
3530
3531
3532
3535
3534
3533
3536
3537
3538
3539
3540
3541
3545
3546
3550
3551
3548
3552
3549
3553
3554
3555
3556
3557
3558
3559
3561
3560
3562
3563
3564
3565
3566
3567
3568
3569
3572
3571
3570
3573
3574
3575
3576
3577
3578
3579
3581
3586
3580
3587
3585
3584
3588
3583
3589
3590
3591
3600
3593
3596
3598
3594
3601
3599
3592
3597
3595
3602
3603
3604
3610
3608
3606
3611
3607
3612
3609
3613
3614
3616
3617
3623
3620
3625
3621
3619
3624
3627
3626
3628
3630
3631
3632
3633
3635
3634
3636
3638
3637
3639
3640
3642
3641
3643
3644
3646
3645
3647
3650
3651
3652
3648
3649
3653
3654
3656
3657
3661
3660
3662
3663
3664
3665
3666
3667
3668
3669
3671
3672
3673
3674
3676
3675
3677
3678
3679
3680
3682
3683
3684
3685
3687
3686
3688
3689
3690
3691
3692
3693
3694
3695
3696
3697
3698
3699
3700
3701
3702
3703
3704
3706
3705
3707
3710
3709
3711
3712
3713
3714
3715
3716
3717
3718
3720
3721
3719
3722
3723
3724
3725
3727
3726
3728
3729
3730
3732
3731
3733
3734
3735
3736
3737
3739
3740
3738
3741
3743
3742
3744
3747
3746
3750
3748
3749
3751
3753
3752
3754
3745
3755
3756
3758
3757
3759
3761
3760
3762
3763
3765
3767
3766
3768
3769
3770
3771
3772
3773
3775
3776
3774
3777
3778
3780
3781
3782
3783
3784
3786
3787
3788
3789
3790
3791
3792
3793
3794
3795
3797
3796
3799
3798
3800
3802
3804
3806
3807
3809
3810
3811
3812
3805
3813
3814
3815
3816
3817
3818
3819
3820
3825
3827
3828
3829
3826
3823
3831
3830
3833
3834
3835
3838
3836
3837
3839
3842
3840
3841
3843
3844
3845
3847
3849
3846
3848
3851
3850
3852
3824
3853
3857
3862
3855
3856
3858
3854
3860
3861
3863
3864
3867
3868
3865
3871
3869
3872
3873
3870
3876
3875
3878
3880
3881
3884
3892
3894
3889
3888
3893
3885
3887
3886
3895
3896
3899
3902
3901
3904
3903
3898
3900
3905
3907
3906
3909
3908
3916
3918
3911
3910
3914
3882
3919
3921
3922
3923
3924
3925
3927
3926
3929
3933
3934
3935
3936
3937
3938
3939
3940
3941
3942
3944
3945
3947
3949
3950
3953
3954
3955
3956
3946
3951
3957
3958
3959
3960
3961
3920
3962
3963
3964
3965
3967
3970
3969
3968
3971
3972
3974
3973
3975
3976
3977
3981
3979
3980
3988
3985
3986
3982
3984
3989
3990
3993
3994
3992
3997
3996
3995
3998
4000
4001
3999
4005
4004
4003
4006
4008
4007
4010
4012
4011
4013
4014
4016
4015
4019
4018
4017
4021
4024
4023
4022
4026
4025
4027
4028
4030
4032
4033
4035
4034
4036
4037
4038
4040
4039
4041
4042
4044
4043
4046
4047
4045
4049
4048
4050
4052
4051
4053
4056
4055
4054
4058
4059
4029
4062
4064
4060
4061
4068
4067
4069
4065
4070
4072
4073
4075
4074
4071
4082
4076
4080
4079
4081
4086
4087
4084
4085
4089
4092
4088
4091
4093
4094
4097
4096
4095
4098
4099
4100
4101
4102
4104
4109
4106
4105
4103
4112
4083
4111
4114
4119
4120
4117
4113
4115
4090
4121
4122
4125
4128
4126
4124
4130
4131
4132
4116
4133
4135
4137
4139
4142
4140
4136
4138
4143
4144
4145
4150
4152
4148
4151
4146
4149
4127
4153
4154
4155
4161
4158
4156
4163
4160
4157
4134
4159
4166
4164
4167
4168
4170
4176
4177
4175
4179
4169
4178
4180
4174
4181
4182
4183
4184
4185
4189
4188
4191
4187
4190
4192
4193
4195
4196
4197
4198
4202
4201
4203
4200
4199
4204
4205
4206
4207
4208
4209
4211
4210
4212
4213
4214
4216
4218
4217
4219
4220
4222
4224
4223
4225
4226
4228
4227
4229
4230
4231
4232
4235
4233
4236
4237
4238
4240
4239
4241
4242
4243
4246
4244
4245
4247
4248
4249
4251
4250
4252
4253
4255
4256
4254
4257
4258
4259
4260
4261
4262
4263
4264
4265
4266
4267
4269
4270
4271
4272
4274
4275
4276
4277
4278
4279
4280
4281
4282
4283
4284
4285
4287
4288
4289
4290
4291
4292
4293
4294
4295
4296
4298
4300
4297
4299
4302
4303
4301
4304
4305
4306
4308
4309
4311
4310
4312
4313
4317
4316
4314
4315
4318
4319
4320
4322
4325
4324
4326
4327
4323
4321
4328
4329
4330
4331
4332
4333
4334
4337
4336
4335
4338
4339
4340
4341
4343
4342
4344
4345
4349
4346
4348
4347
4351
4350
4352
4355
4354
4353
4360
4359
4357
4356
4358
4361
4362
4370
4368
4372
4367
4371
4364
4363
4365
4369
4366
4373
4375
4374
4378
4377
4376
4379
4381
4380
4382
4383
4385
4384
4390
4391
4386
4388
4387
4392
4394
4393
4395
4397
4398
4396
4400
4401
4399
4403
4402
4404
4405
4407
4406
4408
4409
4410
4389
4411
4412
4414
4415
4413
4416
4418
4420
4421
4422
4423
4417
4424
4426
4427
4428
4429
4430
4425
4431
4432
4433
4435
4434
4436
4437
4441
4440
4439
4442
4446
4443
4447
4448
4449
4450
4454
4453
4452
4455
4456
4457
4460
4459
4463
4467
4468
4465
4469
4466
4464
4461
4470
4471
4472
4473
4475
4474
4476
4477
4478
4479
4480
4481
4482
4483
4487
4486
4484
4488
4485
4489
4490
4491
4493
4494
4500
4495
4496
4497
4498
4504
4505
4507
4509
4510
4508
4511
4512
4513
4514
4516
4517
4515
4506
4502
4501
4503
4518
4519
4520
4521
4524
4523
4522
4525
4526
4528
4527
4529
4530
4531
4533
4532
4535
4537
4539
4538
4540
4534
4542
4544
4541
4543
4547
4545
4546
4548
4549
4550
4554
4552
4551
4553
4559
4557
4555
4558
4556
4560
4562
4568
4564
4565
4567
4569
4561
4563
4572
4573
4570
4576
4566
4577
4575
4574
4578
4579
4580
4582
4581
4585
4584
4587
4583
4586
4589
4588
4593
4594
4595
4596
4599
4600
4602
4601
4598
4604
4603
4605
4609
4610
4608
4611
4607
4606
4613
4612
4614
4615
4618
4617
4619
4621
4620
4622
4623
4616
4625
4624
4628
4632
4627
4626
4629
4590
4630
4631
4633
4634
4635
4637
4639
4636
4638
4642
4641
4640
4643
4644
4652
4645
4650
4648
4647
4649
4651
4646
4655
4656
4657
4658
4659
4660
4661
4662
4654
4653
4663
4664
4665
4666
4667
4670
4669
4672
4668
4671
4673
4674
4675
4676
4677
4678
4679
4680
4682
4684
4681
4683
4686
4685
4687
4690
4688
4692
4691
4695
4694
4693
4697
4696
4698
4699
4700
4701
4703
4702
4705
4704
4706
4707
4710
4708
4709
4711
4712
4713
4714
4715
4717
4716
4720
4719
4718
4721
4722
4723
4724
4725
4726
4728
4727
4729
4731
4730
4732
4733
4734
4735
4741
4736
4738
4740
4742
4744
4739
4737
4743
4746
4745
4751
4748
4752
4747
4753
4750
4749
4754
4755
4756
4757
4759
4762
4760
4763
4765
4761
4758
4767
4766
4768
4769
4770
4771
4772
4776
4775
4777
4780
4774
4782
4783
4781
4784
4785
4786
4787
4789
4790
4788
4792
4793
4791
4796
4795
4794
4798
4799
4801
4802
4803
4797
4805
4806
4804
4807
4809
4810
4812
4817
4816
4814
4815
4813
4818
4811
4820
4819
4821
4823
4826
4822
4824
4829
4825
4827
4833
4832
4830
4834
4837
4843
4836
4839
4840
4844
4841
4835
4838
4842
4845
4848
4847
4846
4850
4854
4849
4852
4853
4851
4855
4856
4857
4858
4859
4860
4865
4864
4862
4866
4867
4861
4868
4869
4870
4871
4872
4874
4873
4875
4876
4877
4879
4878
4881
4880
4882
4885
4884
4887
4888
4890
4889
4894
4892
4893
4891
4896
4898
4899
4900
4903
4904
4910
4906
4909
4911
4905
4913
4921
4917
4918
4912
4914
4920
4916
4922
4923
4924
4926
4925
4933
4932
4931
4928
4930
4934
4935
4936
4937
4938
4940
4941
4944
4943
4945
4946
4947
4948
4949
4950
4951
4953
4952
4958
4954
4959
4957
4955
4960
4963
4964
4967
4968
4972
4971
4969
4966
4970
4973
4974
4975
4977
4978
4976
4983
4981
4979
4982
4986
4984
4980
4987
4988
4989
4990
4993
4996
4992
4995
4997
4991
4999
4998
5000
5001
5002
5003
5005
5004
5009
5011
5006
5007
5008
5010
5012
5014
5013
5016
5019
5017
5018
5015
5020
5021
5024
5023
5022
5025
5026
5027
5028
5029
5030
5032
5031
5037
5033
5034
5036
5038
5039
5040
5041
5042
5043
5045
5047
5044
5046
5049
5051
5052
5053
5054
5055
5056
5057
5059
5058
5060
5061
5062
5063
5064
5065
5067
5070
5069
5068
5071
5072
5073
5076
5074
5077
5075
5078
5080
5079
5081
5082
5084
5086
5083
5085
5087
5088
5089
5090
5091
5092
5093
5094
5096
5095
5097
5098
5100
5099
5101
5102
5103
5104
5105
5107
5106
5108
5109
5110
5111
5112
5114
5113
5115
5117
5118
5119
5120
5122
5121
5123
5124
5125
5126
5128
5127
5129
5132
5130
5131
5135
5133
5134
5136
5138
5137
5139
5140
5141
5142
5143
5146
5144
5145
5147
5148
5149
5150
5152
5154
5159
5151
5158
5155
5161
5160
5153
5156
5164
5165
5167
5166
5168
5169
5173
5171
5170
5174
5172
5175
5176
5177
5178
5181
5179
5180
5184
5182
5183
5185
5186
5187
5188
5192
5190
5189
5194
5193
5195
5197
5200
5196
5198
5203
5204
5201
5205
5206
5208
5209
5207
5211
5210
5212
5213
5222
5220
5218
5215
5214
5217
5219
5221
5216
5223
5228
5224
5234
5229
5225
5230
5227
5226
5232
5235
5236
5237
5238
5239
5244
5240
5241
5242
5245
5243
5246
5247
5248
5250
5249
5251
5252
5253
5255
5257
5256
5254
5258
5260
5259
5261
5262
5263
5266
5269
5267
5264
5268
5270
5271
5272
5273
5274
5275
5276
5277
5278
5279
5280
5281
5282
5283
5284
5285
5286
5287
5289
5288
5290
5293
5291
5295
5294
5296
5297
5298
5299
5302
5303
5305
5306
5304
5307
5309
5310
5311
5312
5313
5315
5318
5317
5319
5321
5320
5322
5323
5324
5325
5326
5328
5329
5330
5332
5331
5335
5339
5336
5334
5333
5338
5340
5341
5342
5343
5345
5348
5346
5344
5349
5347
5352
5354
5355
5356
5357
5358
5359
5361
5362
5360
5364
5363
5365
5366
5367
5369
5370
5371
5372
5373
5374
5376
5375
5377
5378
5379
5380
5381
5382
5383
5384
5385
5387
5386
5388
5389
5390
5391
5392
5393
5394
5395
5396
5397
5398
5399
5400
5401
5403
5402
5404
5405
5406
5407
5408
5409
5410
5411
5412
5413
5414
5415
5416
5417
5418
5419
5420
5421
5422
5423
5424
5425
5426
5427
5428
5430
5429
5431
5432
5433
5434
5435
5436
5437
5438
5441
5439
5440
5442
5444
5448
5446
5449
5443
5447
5450
5451
5453
5452
5454
5455
5458
5464
5457
5460
5456
5462
5461
5463
5459
5465
5466
5475
5468
5467
5469
5472
5473
5471
5476
5470
5478
5477
5479
5480
5482
5485
5488
5484
5486
5487
5490
5489
5491
5494
5493
5496
5495
5497
5498
5499
5500
5501
5502
5503
5504
5507
5506
5505
5508
5510
5511
5513
5512
5516
5515
5518
5520
5519
5521
5523
5522
5524
5517
5526
5525
5527
5528
5529
5532
5531
5536
5530
5534
5535
5533
5538
5537
5539
5540
5543
5544
5541
5542
5545
5546
5547
5548
5549
5550
5551
5552
5553
5554
5558
5560
5557
5556
5559
5561
5562
5564
5563
5565
5566
5569
5572
5573
5571
5574
5575
5576
5577
5578
5579
5580
5581
5582
5583
5584
5585
5586
5588
5587
5589
5590
5591
5592
5594
5593
5595
5596
5597
5599
5598
5600
5601
5602
5603
5605
5604
5606
5610
5608
5607
5609
5611
5612
5613
5614
5615
5617
5618
5619
5620
5622
5621
5623
5625
5624
5628
5627
5629
5630
5631
5632
5633
5634
5638
5636
5635
5637
5639
5640
5641
5642
5644
5643
5645
5646
5647
5648
5649
5650
5651
5652
5654
5653
5657
5659
5660
5663
5664
5665
5667
5666
5669
5668
5670
5671
5672
5674
5675
5677
5676
5681
5679
5683
5678
5680
5684
5685
5686
5687
5688
5691
5692
5689
5690
5693
5694
5695
5696
5697
5698
5699
5700
5701
5705
5703
5704
5702
5706
5707
5708
5709
5710
5711
5712
5713
5714
5715
5716
5718
5721
5717
5720
5723
5724
5725
5726
5727
5728
5729
5730
5731
5732
5733
5734
5735
5736
5738
5737
5739
5740
5742
5741
5743
5745
5746
5747
5749
5748
5750
5751
5752
5754
5753
5755
5756
5758
5759
5757
5760
5761
5762
5764
5765
5766
5767
5768
5769
5770
5771
5772
5773
5774
5777
5776
5775
5778
5779
5781
5780
5784
5782
5783
5787
5785
5786
5791
5789
5794
5796
5790
5793
5788
5797
5795
5792
5798
5799
5800
5802
5806
5801
5804
5805
5803
5807
5808
5809
5810
5811
5814
5815
5819
5817
5818
5816
5822
5821
5820
5823
5824
5827
5829
5830
5828
5834
5833
5832
5831
5825
5835
5838
5841
5842
5843
5844
5845
5846
5848
5847
5850
5849
5852
5853
5854
5856
5855
5858
5861
5862
5860
5859
5863
5864
5865
5866
5867
5868
5870
5869
5871
5873
5872
5874
5875
5876
5877
5878
5879
5883
5880
5885
5888
5882
5886
5881
5884
5887
5889
5893
5900
5890
5896
5898
5901
5892
5899
5894
5902
5903
5904
5905
5908
5906
5912
5914
5910
5915
5913
5907
5916
5919
5918
5920
5925
5921
5917
5924
5922
5923
5926
5927
5929
5930
5931
5934
5935
5933
5932
5936
5937
5938
5939
5940
5941
5942
5943
5945
5944
5946
5948
5947
5949
5951
5953
5952
5954
5955
5956
5957
5958
5960
5959
5961
5966
5968
5969
5970
5964
5971
5972
5976
5965
5975
5977
5963
5973
5978
5979
5982
5987
5981
5980
5985
5983
5984
5988
5986
5989
5990
5991
5992
5994
5996
5993
5997
5995
5998
5999
6000
6001
6002
6003
6004
6005
6006
6007
6009
6008
6010
6013
6014
6015
6016
6019
6018
6023
6021
6020
6017
6022
6024
6025
6026
6027
6028
6029
6031
6032
6033
6030
6034
6036
6035
6037
6038
6039
6042
6040
6047
6043
6046
6041
6044
6048
6049
6050
6051
6052
6056
6054
6058
6060
6055
6059
6057
6053
6061
6062
6063
6068
6064
6069
6070
6065
6066
6071
6072
6073
6067
6074
6075
6076
6077
6083
6082
6079
6078
6080
6081
6084
6085
6086
6092
6087
6089
6088
6093
6103
6098
6099
6102
6100
6106
6107
6108
6105
6104
6110
6113
6111
6109
6112
6116
6115
6118
6114
6117
6119
6120
6123
6122
6121
6091
6094
6096
6095
6097
6124
6125
6129
6130
6128
6131
6132
6133
6138
6137
6142
6139
6140
6141
6134
6135
6136
6143
6144
6145
6147
6149
6146
6151
6150
6154
6153
6152
6155
6156
6157
6158
6159
6161
6160
6163
6162
6164
6165
6166
6167
6169
6170
6171
6172
6173
6174
6175
6176
6179
6178
6181
6182
6183
6184
6185
6186
6187
6188
6189
6191
6193
6195
6196
6197
6198
6199
6200
6201
6203
6202
6204
6205
6208
6207
6206
6210
6209
6214
6215
6216
6217
6218
6219
6220
6225
6223
6221
6226
6228
6227
6229
6230
6231
6232
6233
6234
6236
6235
6238
6237
6239
6240
6241
6243
6244
6245
6246
6247
6248
6250
6253
6249
6251
6252
6256
6257
6258
6259
6260
6261
6266
6270
6267
6271
6262
6263
6269
6265
6268
6272
6273
6274
6275
6280
6285
6278
6282
6276
6284
6283
6286
6287
6288
6292
6289
6297
6290
6291
6293
6295
6296
6294
6298
6300
6299
6301
6304
6306
6305
6302
6303
6307
6308
6310
6309
6312
6318
6321
6319
6311
6313
6314
6317
6316
6320
6323
6324
6326
6325
6329
6332
6328
6333
6330
6331
6334
6335
6337
6338
6340
6339
6343
6345
6341
6342
6346
6348
6350
6351
6352
6353
6357
6354
6356
6355
6361
6358
6359
6362
6360
6363
6364
6365
6366
6367
6370
6368
6372
6373
6371
6369
6374
6375
6377
6376
6378
6379
6380
6384
6381
6385
6387
6383
6389
6390
6391
6393
6394
6395
6396
6397
6398
6401
6399
6400
6402
6403
6404
6405
6406
6407
6408
6411
6410
6409
6414
6412
6413
6415
6416
6418
6419
6422
6421
6425
6429
6427
6431
6423
6420
6430
6424
6433
6432
6434
6436
6438
6437
6435
6439
6441
6442
6443
6445
6446
6447
6448
6449
6453
6452
6451
6450
6454
6455
6456
6457
6458
6459
6460
6463
6462
6461
6464
6466
6465
6469
6468
6471
6473
6474
6475
6477
6479
6481
6480
6484
6482
6485
6483
6486
6487
6489
6490
6499
6493
6496
6494
6500
6501
6498
6497
6495
6492
6502
6511
6504
6508
6509
6506
6514
6507
6510
6503
6512
6516
6518
6515
6524
6521
6517
6520
6522
6519
6523
6525
6526
6529
6528
6527
6532
6534
6533
6536
6530
6531
6537
6539
6545
6540
6546
6543
6542
6549
6547
6538
6535
6551
6552
6555
6556
6557
6554
6559
6558
6560
6561
6553
6562
6563
6564
6565
6566
6567
6569
6570
6571
6572
6573
6574
6576
6577
6575
6578
6579
6580
6581
6582
6585
6586
6583
6584
6587
6588
6589
6590
6591
6593
6595
6592
6594
6596
6597
6598
6599
6601
6600
6602
6604
6605
6608
6606
6607
6550
6609
6610
6611
6612
6613
6617
6614
6615
6616
6618
6619
6568
6621
6622
6620
6623
6625
6624
6626
6628
6627
6629
6630
6631
6632
6633
6634
6635
6637
6640
6638
6641
6642
6643
6644
6645
6646
6647
6648
6650
6649
6651
6652
6653
6654
6655
6659
6662
6656
6658
6660
6661
6665
6664
6670
6666
6673
6671
6667
6668
6672
6674
6677
6679
6675
6683
6678
6680
6682
6681
6685
6684
6692
6693
6690
6688
6687
6686
6691
6695
6694
6696
6701
6697
6703
6700
6706
6702
6704
6705
6707
6711
6713
6712
6710
6663
6709
6714
6716
6715
6708
6718
6726
6719
6725
6720
6723
6724
6717
6721
6722
6727
6733
6731
6736
6729
6732
6728
6739
6738
6741
6730
6740
6746
6744
6748
6734
6737
6735
6749
6747
6750
6755
6751
6757
6758
6759
6752
6742
6756
6743
6760
6753
6762
6765
6766
6761
6771
6764
6767
6773
6768
6772
6776
6777
6775
6763
6778
6779
6784
6780
6782
6786
6785
6781
6787
6788
6789
6791
6790
6793
6794
6796
6792
6774
6769
6795
6801
6802
6798
6804
6805
6807
6809
6810
6808
6813
6799
6811
6815
6783
6818
6819
6816
6817
6823
6814
6821
6820
6826
6800
6825
6828
6822
6829
6830
6827
6832
6833
6831
6812
6834
6835
6837
6836
6840
6839
6838
6844
6848
6824
6846
6851
6852
6850
6842
6849
6853
6854
6856
6858
6859
6860
6862
6863
6864
6855
6865
6857
6843
6861
6867
6868
6871
6874
6875
6876
6873
6870
6872
6869
6877
6879
6880
6881
6882
6885
6887
6890
6883
6891
6892
6889
6886
6897
6898
6895
6866
6899
6894
6902
6903
6900
6906
6908
6907
6912
6888
6910
6901
6915
6909
6917
6921
6896
6893
6916
6923
6919
6924
6926
6904
6925
6928
6932
6934
6927
6929
6931
6933
6936
6937
6918
6939
6913
6920
6935
6940
6942
6943
6944
6945
6946
6947
6948
6949
6950
6941
6952
6954
6957
6956
6951
6958
6959
6953
6960
6962
6963
6970
6966
6938
6955
6845
6972
6965
6971
6961
6968
6964
6969
6967
6974
6973
6976
6975
6982
6977
6981
6980
6978
6983
6984
6985
6986
6987
6988
6989
6990
6993
6992
6991
6995
6994
6996
6997
6998
6999
7007
7000
7004
7010
7009
7002
7011
7001
7012
7003
7014
7018
7013
7022
7017
7019
7024
7015
7021
7016
7025
7026
7029
7028
7033
7034
7036
7032
7035
7030
7039
7037
7040
7041
7042
7046
7049
7045
7043
7048
7044
7047
7051
7052
7053
7055
7057
7060
7056
7062
7059
7064
7058
7065
7063
7066
7067
7069
7070
7075
7076
7074
7072
7073
7077
7078
7079
7080
7085
7084
7091
7094
7092
7086
7095
7089
7096
7097
7098
7100
7105
7099
7101
7102
7107
7103
7104
7106
7108
7109
7112
7116
7122
7121
7123
7124
7110
7125
7126
7128
7127
7129
7131
7130
7132
7133
7134
7136
7135
7137
7138
7139
7140
7141
7142
7143
7144
7145
7146
7148
7147
7149
7152
7115
7153
7150
7113
7117
7118
7114
7151
7154
7155
7164
7158
7161
7160
7157
7163
7156
7159
7162
7165
7166
7167
7169
7175
7172
7170
7177
7176
7173
7174
7179
7180
7183
7181
7185
7186
7184
7188
7187
7189
7190
7191
7192
7193
7194
7195
7198
7196
7197
7199
7200
7201
7203
7204
7206
7205
7207
7208
7209
7210
7211
7215
7212
7216
7214
7213
7217
7218
7219
7220
7221
7222
7226
7225
7224
7229
7227
7230
7228
7231
7232
7233
7234
7238
7235
7240
7243
7237
7241
7239
7242
7236
7244
7246
7245
7248
7251
7249
7253
7252
7254
7247
7250
7255
7256
7257
7259
7263
7260
7261
7264
7265
7262
7266
7267
7269
7270
7276
7272
7271
7273
7275
7277
7280
7278
7279
7281
7282
7283
7286
7287
7284
7291
7290
7289
7288
7292
7293
7285
7294
7295
7298
7299
7300
7303
7297
7305
7302
7304
7301
7306
7307
7309
7311
7315
7312
7313
7308
7318
7310
7317
7316
7319
7320
7321
7328
7323
7325
7326
7327
7324
7329
7331
7322
7332
7333
7339
7335
7336
7337
7340
7334
7341
7342
7338
7345
7346
7347
7348
7349
7350
7354
7352
7353
7351
7355
7356
7357
7358
7359
7360
7361
7363
7362
7364
7365
7368
7366
7370
7369
7371
7372
7373
7374
7375
7380
7376
7378
7377
7379
7381
7382
7383
7385
7386
7387
7393
7390
7392
7391
7388
7394
7396
7395
7397
7398
7404
7400
7399
7406
7407
7402
7401
7408
7403
7405
7409
7410
7412
7411
7417
7420
7413
7418
7414
7421
7419
7415
7423
7422
7428
7427
7425
7431
7424
7429
7436
7432
7434
7426
7438
7433
7435
7440
7430
7441
7442
7443
7445
7444
7449
7448
7452
7446
7451
7450
7447
7453
7454
7455
7461
7456
7458
7464
7460
7463
7462
7457
7465
7466
7473
7475
7476
7472
7477
7470
7467
7474
7469
7471
7478
7484
7483
7485
7486
7480
7482
7487
7481
7479
7488
7489
7491
7492
7493
7494
7490
7496
7501
7499
7497
7500
7503
7504
7505
7510
7513
7512
7516
7509
7508
7515
7506
7517
7514
7527
7525
7518
7529
7519
7524
7523
7528
7521
7522
7530
7531
7532
7533
7536
7538
7537
7541
7534
7540
7542
7543
7547
7549
7544
7545
7548
7551
7550
7555
7553
7552
7561
7562
7558
7568
7557
7565
7567
7559
7564
7566
7569
7570
7572
7573
7574
7575
7577
7579
7581
7578
7571
7576
7582
7583
7584
7587
7586
7588
7589
7591
7585
7596
7590
7595
7597
7598
7599
7600
7602
7603
7606
7605
7607
7609
7608
7601
7610
7611
7613
7615
7614
7620
7619
7622
7616
7623
7618
7617
7624
7625
7626
7628
7629
7634
7633
7627
7635
7632
7631
7637
7636
7638
7639
7641
7644
7646
7648
7640
7647
7643
7645
7650
7649
7652
7653
7655
7654
7659
7660
7661
7658
7657
7656
7663
7662
7664
7665
7668
7669
7673
7667
7672
7671
7674
7676
7677
7679
7680
7681
7682
7683
7684
7686
7685
7688
7691
7687
7689
7690
7692
7693
7694
7701
7698
7695
7700
7697
7696
7699
7703
7702
7704
7706
7705
7710
7713
7708
7711
7714
7712
7709
7707
7715
7716
7717
7720
7718
7719
7722
7724
7721
7727
7725
7723
7728
7729
7733
7736
7730
7737
7735
7738
7740
7731
7732
7734
7742
7745
7749
7747
7750
7748
7751
7743
7753
7752
7754
7756
7757
7758
7761
7764
7763
7760
7759
7762
7765
7766
7767
7768
7774
7771
7769
7773
7776
7770
7775
7777
7779
7778
7772
7780
7781
7782
7784
7791
7790
7789
7783
7786
7788
7787
7793
7794
7796
7797
7807
7798
7805
7802
7809
7810
7800
7806
7804
7811
7813
7812
7815
7822
7818
7816
7817
7823
7820
7819
7824
7825
7826
7827
7828
7831
7832
7833
7829
7830
7834
7835
7837
7836
7838
7839
7843
7842
7845
7846
7847
7844
7848
7850
7849
7851
7852
7853
7854
7855
7856
7857
7858
7859
7861
7863
7864
7866
7865
7870
7871
7872
7873
7874
7875
7877
7876
7878
7880
7881
7882
7883
7884
7885
7886
7888
7887
7891
7890
7889
7893
7892
7894
7895
7897
7898
7899
7900
7902
7901
7904
7903
7906
7905
7907
7908
7909
7910
7911
7912
7913
7914
7915
7921
7919
7917
7916
7922
7920
7923
7924
7925
7926
7927
7931
7929
7928
7930
7934
7936
7935
7932
7933
7937
7941
7942
7943
7944
7938
7946
7939
7945
7947
7940
7948
7951
7954
7958
7952
7953
7955
7956
7957
7950
7959
7960
7961
7963
7962
7967
7965
7966
7964
7969
7968
7970
7971
7972
7973
7974
7977
7976
7978
7980
7979
7981
7983
7986
7985
7987
7989
7988
7990
7991
7993
7994
7997
7998
7995
7992
8000
7999
8001
8004
8005
8006
8003
8008
8009
8007
8011
8010
8012
8013
8014
8015
8016
8020
8017
8018
8022
8019
8021
8023
8024
8025
8026
8028
8032
8029
8031
8030
8027
8035
8033
8034
8036
8037
8042
8041
8038
8039
8043
8046
8044
8045
8047
8040
8056
8051
8057
8048
8050
8058
8052
8049
8054
8053
8059
8063
8060
8069
8070
8061
8066
8065
8062
8071
8072
8073
8075
8081
8078
8074
8077
8076
8082
8083
8087
8085
8086
8088
8084
8090
8091
8092
8093
8094
8096
8097
8099
8098
8100
8101
8102
8103
8064
8089
8095
8079
8105
8104
8106
8110
8111
8108
8112
8107
8113
8109
8114
8116
8119
8117
8120
8118
8127
8122
8125
8121
8128
8123
8129
8130
8132
8131
8133
8134
8139
8135
8136
8138
8140
8141
8142
8144
8143
8145
8147
8149
8148
8150
8152
8151
8154
8155
8153
8156
8157
8161
8162
8159
8158
8168
8167
8165
8160
8164
8166
8169
8170
8176
8178
8175
8174
8179
8177
8180
8173
8181
8171
8182
8183
8184
8185
8186
8187
8193
8191
8188
8190
8192
8194
8196
8195
8197
8198
8203
8202
8200
8201
8204
8199
8205
8206
8207
8208
8209
8210
8211
8214
8215
8217
8218
8213
8212
8219
8220
8221
8222
8223
8225
8224
8229
8227
8230
8232
8231
8233
8234
8235
8236
8237
8240
8238
8239
8241
8242
8243
8244
8245
8246
8247
8248
8250
8249
8251
8252
8253
8255
8257
8254
8256
8258
8259
8260
8261
8262
8263
8264
8268
8265
8267
8266
8270
8269
8271
8272
8273
8274
8280
8279
8282
8278
8275
8283
8277
8281
8284
8276
8285
8286
8289
8295
8294
8291
8288
8290
8293
8287
8296
8298
8297
8299
8304
8301
8302
8305
8300
8303
8308
8307
8306
8309
8310
8312
8315
8316
8317
8314
8313
8319
8318
8321
8320
8322
8323
8327
8330
8326
8328
8332
8331
8329
8324
8334
8333
8335
8336
8337
8338
8341
8339
8343
8342
8344
8346
8348
8350
8349
8351
8352
8353
8357
8354
8355
8358
8359
8360
8361
8362
8363
8364
8365
8367
8366
8374
8369
8368
8373
8371
8372
8370
8375
8376
8378
8379
8384
8381
8380
8385
8383
8382
8386
8388
8389
8390
8397
8391
8395
8394
8396
8393
8392
8399
8400
8402
8401
8405
8407
8409
8410
8408
8403
8404
8411
8412
8413
8416
8419
8420
8418
8414
8415
8423
8421
8424
8426
8429
8431
8435
8432
8433
8434
8436
8439
8437
8438
8398
8440
8441
8442
8445
8444
8446
8448
8450
8449
8455
8460
8452
8454
8453
8456
8458
8457
8451
8459
8461
8462
8463
8468
8470
8469
8471
8467
8466
8473
8472
8474
8475
8464
8476
8477
8481
8487
8482
8488
8484
8485
8489
8490
8491
8492
8493
8495
8497
8498
8500
8501
8503
8504
8496
8505
8502
8506
8507
8508
8509
8511
8512
8513
8516
8514
8517
8518
8521
8523
8522
8524
8525
8527
8528
8526
8529
8531
8530
8532
8533
8534
8535
8536
8538
8539
8540
8541
8537
8542
8543
8544
8546
8545
8548
8550
8552
8551
8554
8555
8553
8556
8557
8559
8560
8558
8562
8563
8565
8567
8566
8568
8564
8569
8570
8571
8572
8574
8575
8583
8579
8577
8582
8576
8581
8578
8580
8585
8586
8593
8590
8591
8592
8599
8595
8597
8596
8601
8600
8603
8604
8602
8605
8611
8610
8608
8606
8607
8612
8613
8614
8615
8616
8618
8617
8622
8625
8619
8621
8624
8626
8627
8623
8628
8629
8630
8631
8635
8644
8637
8633
8642
8638
8641
8632
8643
8640
8634
8646
8649
8650
8647
8648
8654
8656
8659
8655
8653
8658
8660
8661
8666
8672
8664
8670
8671
8668
8669
8663
8662
8675
8676
8677
8674
8682
8680
8678
8679
8681
8673
8685
8684
8683
8692
8690
8691
8697
8696
8687
8698
8701
8703
8704
8705
8708
8711
8707
8712
8714
8716
8715
8718
8717
8719
8720
8722
8723
8730
8724
8725
8731
8727
8726
8728
8732
8738
8739
8741
8742
8740
8743
8744
8745
8746
8747
8749
8750
8748
8751
8752
8753
8754
8755
8758
8756
8759
8761
8763
8765
8764
8766
8767
8768
8769
8771
8770
8772
8773
8774
8776
8777
8779
8780
8781
8782
8778
8783
8788
8789
8786
8784
8790
8785
8791
8793
8792
8733
8794
8796
8735
8737
8736
8795
8797
8799
8800
8802
8801
8808
8803
8810
8806
8809
8805
8811
8812
8814
8813
8815
8819
8816
8820
8817
8821
8822
8823
8824
8826
8827
8828
8829
8833
8831
8835
8830
8834
8836
8837
8838
8840
8841
8842
8843
8845
8846
8844
8847
8849
8851
8852
8850
8853
8854
8855
8856
8858
8857
8861
8860
8859
8862
8863
8864
8865
8866
8867
8871
8872
8877
8869
8875
8876
8870
8874
8868
8873
8880
8883
8881
8888
8887
8884
8885
8879
8882
8878
8889
8890
8891
8892
8895
8897
8896
8899
8900
8894
8898
8901
8902
8903
8904
8907
8906
8911
8909
8908
8910
8912
8913
8915
8916
8917
8918
8919
8920
8921
8922
8924
8926
8923
8925
8928
8927
8929
8930
8931
8932
8933
8937
8935
8939
8938
8940
8934
8941
8942
8943
8944
8945
8946
8949
8947
8958
8955
8953
8948
8952
8951
8957
8963
8961
8964
8967
8968
8960
8962
8965
8959
8966
8977
8973
8975
8974
8972
8970
8976
8969
8978
8971
8981
8988
8985
8984
8986
8979
8982
8987
8980
8983
8996
8993
8990
8998
8991
8999
8995
8992
8994
8997
9001
9000
9004
9013
9012
9011
9015
9014
9016
9018
9003
9007
9009
9019
9010
9005
9017
9006
9002
9027
9022
9029
9030
9024
9031
9020
9023
9028
9025
9032
9042
9040
9033
9035
9041
9034
9036
9043
9038
9044
9051
9047
9046
9052
9050
9048
9045
9049
9053
9059
9064
9056
9062
9060
9057
9058
9065
9066
9054
9067
9068
9069
9071
9075
9070
9074
9076
9072
9073
9077
9078
9080
9079
9081
9082
9086
9083
9085
9084
9088
9087
9089
9090
9092
9091
9093
9097
9095
9094
9100
9098
9101
9102
9103
9104
9105
9111
9110
9107
9116
9119
9118
9114
9115
9117
9120
9121
9124
9128
9125
9129
9130
9131
9132
9133
9134
9135
9138
9136
9140
9139
9141
9142
9143
9144
9145
9147
9146
9148
9149
9151
9153
9155
9122
9123
9156
9158
9157
9160
9161
9162
9163
9164
9165
9166
9167
9168
9169
9170
9171
9172
9173
9174
9175
9176
9177
9178
9179
9180
9181
9182
9183
9184
9185
9186
9187
9188
9191
9189
9192
9190
9193
9194
9195
9197
9198
9199
9207
9206
9202
9204
9205
9208
9201
9200
9203
9209
9219
9216
9214
9218
9215
9217
9213
9220
9210
9211
9223
9222
9221
9225
9226
9227
9228
9230
9232
9229
9233
9234
9235
9237
9240
9236
9239
9238
9242
9241
9243
9244
9249
9246
9251
9252
9248
9254
9245
9256
9255
9253
9259
9257
9260
9261
9258
9263
9262
9264
9265
9266
9269
9268
9271
9270
9273
9272
9267
9277
9276
9278
9279
9280
9281
9282
9292
9293
9284
9287
9285
9294
9275
9274
9288
9295
9296
9297
9299
9298
9300
9301
9303
9302
9304
9305
9283
9306
9307
9308
9309
9310
9311
9312
9314
9313
9315
9318
9316
9317
9319
9320
9321
9322
9323
9324
9325
9328
9329
9326
9330
9332
9331
9335
9333
9334
9327
9336
9339
9340
9341
9342
9343
9345
9346
9344
9347
9349
9348
9352
9354
9357
9355
9356
9358
9353
9350
9360
9361
9363
9366
9365
9367
9362
9368
9364
9369
9370
9373
9371
9378
9380
9372
9379
9374
9377
9376
9375
9381
9383
9385
9390
9387
9388
9391
9386
9389
9384
9392
9393
9394
9395
9399
9400
9396
9401
9397
9402
9403
9404
9405
9406
9408
9414
9412
9416
9411
9413
9410
9409
9418
9417
9419
9420
9426
9425
9422
9421
9424
9423
9427
9428
9429
9430
9435
9433
9432
9434
9436
9439
9440
9441
9443
9446
9445
9444
9447
9448
9449
9450
9452
9451
9454
9453
9455
9456
9458
9459
9461
9457
9463
9462
9431
9464
9438
9465
9466
9467
9469
9468
9470
9437
9471
9472
9473
9477
9476
9475
9479
9478
9474
9481
9482
9480
9483
9485
9489
9484
9486
9487
9488
9490
9491
9492
9493
9494
9495
9496
9497
9501
9499
9500
9498
9505
9503
9506
9507
9508
9510
9514
9515
9512
9511
9516
9517
9509
9513
9518
9520
9526
9522
9525
9527
9521
9529
9531
9528
9530
9532
9533
9536
9537
9538
9534
9540
9541
9543
9539
9544
9546
9545
9549
9550
9551
9552
9553
9561
9559
9554
9562
9560
9557
9555
9548
9556
9558
9570
9565
9572
9567
9571
9563
9569
9568
9564
9573
9574
9576
9577
9578
9582
9586
9583
9579
9581
9585
9587
9588
9589
9590
9592
9593
9597
9595
9596
9598
9591
9594
9599
9600
9603
9607
9601
9602
9610
9609
9604
9608
9606
9611
9620
9619
9617
9612
9616
9621
9618
9625
9624
9623
9622
9627
9626
9628
9629
9635
9633
9630
9632
9631
9634
9613
9636
9614
9615
9637
9638
9642
9640
9639
9641
9647
9646
9643
9648
9645
9644
9649
9652
9650
9651
9653
9657
9654
9662
9663
9660
9661
9655
9659
9656
9664
9665
9666
9671
9670
9674
9669
9673
9672
9667
9675
9676
9677
9678
9679
9681
9680
9683
9682
9686
9684
9685
9688
9692
9693
9695
9691
9687
9696
9694
9689
9698
9697
9701
9699
9700
9703
9704
9705
9707
9706
9708
9709
9710
9714
9715
9713
9711
9716
9719
9720
9717
9718
9721
9724
9722
9730
9728
9723
9729
9725
9727
9726
9731
9733
9732
9739
9742
9735
9736
9738
9734
9741
9743
9744
9745
9746
9747
9752
9753
9754
9750
9749
9755
9756
9757
9758
9759
9764
9762
9761
9760
9763
9766
9765
9767
9768
9769
9771
9774
9773
9772
9770
9775
9777
9778
9776
9779
9780
9782
9786
9788
9790
9789
9794
9791
9795
9787
9781
9783
9793
9792
9784
9796
9797
9798
9801
9805
9800
9802
9806
9799
9803
9804
9807
9808
9810
9809
9811
9812
9816
9814
9815
9817
9819
9818
9821
9820
9822
9823
9824
9825
9826
9827
9829
9828
9831
9837
9836
9838
9833
9840
9835
9830
9839
9834
9841
9842
9843
9844
9850
9847
9848
9849
9845
9846
9851
9852
9853
9854
9863
9858
9862
9855
9864
9860
9865
9866
9868
9872
9875
9874
9869
9873
9871
9876
9878
9884
9881
9880
9886
9885
9882
9887
9890
9888
9891
9894
9889
9892
9893
9883
9877
9867
9895
9896
9900
9897
9899
9898
9904
9903
9902
9901
9907
9905
9909
9914
9912
9913
9910
9908
9906
9917
9918
9911
9921
9923
9924
9919
9925
9927
9922
9928
9932
9931
9934
9938
9937
9939
9942
9943
9944
9933
9946
9947
9948
9949
9950
9951
9952
9955
9954
9957
9960
9961
9963
9962
9930
9965
9929
9969
9971
9970
9941
9976
9974
9972
9973
9945
9986
9987
9981
9984
9982
9988
9989
9992
9991
9990
9993
9995
9956
9998
10003
10002
10004
9964
10001
10008
9999
10007
10009
10010
10012
10013
10015
10017
10014
10018
10020
10019
9978
10021
10023
10025
10026
10028
10030
10029
10031
10032
10034
10033
10037
10024
10016
10041
10005
10038
10027
10039
10035
10036
10043
10044
10053
10045
10048
10050
10049
10046
10047
10051
10057
10063
10055
10056
10062
10061
10060
10058
10059
10054
10073
10066
10070
10068
10065
10072
10064
10067
10071
10069
10082
10079
10078
10076
10083
10077
10080
10081
10075
10074
10085
10084
10089
10088
10090
10092
10086
10093
10087
10091
10095
10094
10102
10101
10099
10103
10100
10097
10098
10106
10105
10096
10111
10110
10113
10112
10114
10107
10108
10109
10115
10116
10121
10122
10124
10125
10119
10127
10117
10120
10118
10126
10131
10135
10128
10129
10137
10136
10134
10133
10130
10132
10138
10140
10147
10143
10142
10144
10139
10141
10148
10146
10145
10152
10149
10150
10151
10153
10154
10155
10156
10158
10157
10161
10165
10160
10162
10164
10163
10159
10166
10167
10168
10169
10171
10170
10174
10173
10175
10172
10176
10177
10178
10186
10181
10180
10185
10183
10184
10187
10182
10189
10188
10192
10198
10190
10194
10196
10197
10195
10193
10199
10200
10204
10208
10210
10203
10201
10206
10202
10207
10205
10211
10212
10213
10214
10215
10223
10216
10229
10225
10221
10231
10227
10228
10219
10222
10232
10230
10233
10235
10237
10242
10241
10243
10238
10240
10236
10239
10244
10246
10247
10250
10251
10249
10248
10254
10253
10255
10256
10257
10258
10264
10268
10259
10261
10262
10266
10265
10271
10272
10273
10276
10269
10280
10277
10274
10286
10281
10278
10288
10287
10290
10295
10289
10299
10297
10300
10308
10291
10279
10283
10267
10284
10296
10270
10275
10292
10293
10311
10309
10305
10310
10312
10306
10303
10298
10302
10304
10313
10317
10315
10323
10320
10318
10321
10324
10322
10314
10330
10328
10334
10325
10327
10331
10329
10333
10326
10332
10344
10335
10347
10342
10340
10346
10343
10336
10345
10338
10351
10348
10352
10353
10354
10357
10358
10350
10349
10356
10366
10364
10360
10361
10367
10365
10368
10363
10362
10359
10372
10379
10371
10378
10375
10369
10370
10377
10373
10374
10388
10383
10390
10386
10387
10380
10381
10385
10384
10391
10392
10396
10394
10395
10393
10398
10400
10402
10397
10403
10408
10410
10404
10405
10412
10409
10407
10413
10406
10411
10425
10427
10421
10422
10424
10423
10416
10418
10415
10420
10432
10428
10433
10434
10439
10438
10436
10437
10429
10435
10452
10441
10446
10444
10445
10442
10451
10443
10449
10447
10460
10457
10462
10454
10455
10463
10461
10458
10459
10453
10464
10469
10474
10472
10470
10475
10471
10465
10476
10468
10473
10478
10487
10488
10477
10485
10486
10481
10484
10480
10483
10489
10494
10497
10491
10492
10498
10499
10495
10490
10496
10504
10509
10506
10502
10503
10505
10510
10501
10507
10508
10516
10519
10515
10517
10518
10513
10514
10520
10521
10523
10529
10512
10528
10526
10525
10511
10527
10524
10530
10531
10532
10537
10536
10533
10540
10539
10534
10535
10542
10544
10543
10545
10550
10552
10549
10551
10547
10546
10553
10555
10554
10556
10560
10559
10562
10561
10557
10558
10563
10567
10566
10568
10572
10571
10573
10574
10570
10569
10575
10583
10578
10577
10582
10576
10580
10579
10581
10584
10585
10588
10586
10593
10589
10591
10590
10587
10592
10595
10594
10596
10597
10598
10600
10602
10605
10599
10601
10604
10603
10606
10607
10612
10611
10608
10609
10614
10619
10617
10618
10616
10615
10621
10622
10623
10620
10625
10624
10630
10628
10626
10629
10631
10632
10633
10634
10635
10637
10636
10639
10638
10640
10642
10644
10641
10643
10649
10646
10652
10645
10654
10653
10657
10655
10656
10659
10660
10661
10662
10664
10666
10665
10667
10668
10670
10669
10671
10672
10673
10676
10675
10674
10677
10678
10682
10680
10679
10681
10683
10684
10685
10687
10688
10689
10690
10692
10691
10694
10693
10695
10697
10699
10701
10702
10703
10704
10705
10708
10710
10707
10706
10712
10709
10713
10714
10715
10716
10718
10720
10717
10723
10724
10726
10722
10725
10728
10727
10729
10730
10733
10731
10734
10738
10740
10737
10741
10732
10736
10735
10742
10745
10744
10747
10743
10748
10751
10746
10758
10757
10749
10756
10753
10752
10750
10755
10754
10759
10760
10761
10772
10773
10782
10776
10763
10770
10769
10764
10765
10768
10766
10784
10783
10785
10786
10788
10789
10790
10792
10787
10796
10794
10793
10797
10800
10799
10798
10803
10801
10806
10804
10807
10808
10809
10811
10810
10819
10816
10813
10818
10812
10817
10820
10822
10821
10824
10823
10828
10829
10771
10825
10826
10830
10831
10832
10834
10833
10836
10838
10840
10841
10844
10839
10842
10843
10846
10845
10847
10848
10849
10850
10851
10853
10854
10852
10857
10855
10856
10861
10860
10858
10862
10863
10864
10865
10867
10868
10870
10871
10869
10873
10876
10872
10875
10866
10877
10880
10878
10885
10884
10888
10887
10882
10883
10881
10879
10890
10891
10894
10893
10899
10897
10898
10895
10896
10892
10900
10901
10902
10903
10905
10909
10912
10910
10906
10908
10911
10907
10904
10913
10916
10920
10921
10923
10922
10914
10919
10918
10915
10917
10924
10925
10928
10933
10931
10932
10926
10930
10927
10929
10934
10935
10943
10936
10938
10941
10940
10945
10948
10947
10950
10952
10949
10953
10954
10956
10962
10959
10960
10961
10963
10964
10970
10966
10967
10972
10968
10974
10975
10976
10979
10980
10978
10981
10982
10985
10986
10983
10984
10988
10989
10990
10993
10994
10992
10991
10995
10939
10944
10937
10946
10996
10997
10999
10998
11000
11001
11002
11006
11003
11004
11005
11007
11008
11010
11012
11013
11016
11020
11017
11014
11019
11021
11027
11018
11023
11026
11028
11029
11032
11030
11039
11035
11033
11034
11036
11038
11040
11041
11042
11043
11044
11046
11049
11045
11051
11050
11052
11047
11053
11054
11055
11056
11057
11062
11060
11059
11064
11061
11063
11058
11066
11065
11069
11074
11067
11070
11071
11075
11073
11068
11076
11072
11077
11078
11079
11081
11080
11082
11084
11086
11083
11085
11087
11088
11089
11090
11091
11092
11099
11102
11104
11096
11103
11101
11093
11095
11113
11105
11110
11107
11106
11114
11108
11111
11112
11116
11122
11117
11115
11118
11120
11097
11123
11119
11128
11132
11130
11129
11127
11125
11126
11124
11131
11135
11134
11133
11138
11140
11141
11137
11139
11136
11144
11147
11148
11143
11150
11142
11146
11121
11154
11152
11151
11153
11156
11155
11157
11158
11159
11160
11164
11149
11166
11169
11163
11168
11171
11173
11165
11172
11170
11145
11175
11176
11179
11178
11180
11183
11184
11182
11181
11174
11189
11188
11190
11185
11191
11192
11193
11194
11195
11196
11197
11198
11199
11200
11201
11204
11206
11209
11210
11205
11207
11215
11177
11216
11217
11218
11213
11219
11220
11221
11223
11224
11226
11225
11228
11187
11222
11231
11232
11234
11233
11235
11230
11238
11236
11239
11208
11240
11242
11241
11243
11245
11249
11247
11248
11250
11251
11253
11252
11254
11255
11258
11260
11227
11262
11263
11264
11256
11261
11265
11259
11266
11268
11273
11272
11270
11269
11271
11274
11275
11278
11280
11282
11283
11281
11279
11284
11285
11286
11277
11287
11293
11289
11291
11296
11288
11297
11292
11298
11301
11294
11302
11276
11303
11306
11307
11308
11304
11310
11311
11312
11313
11314
11315
11316
11318
11319
11295
11320
11324
11326
11327
11329
11300
11325
11330
11331
11328
11332
11334
11336
11337
11309
11333
11340
11321
11299
11339
11342
11343
11344
11346
11347
11348
11349
11338
11345
11350
11335
11355
11354
11357
11352
11351
11356
11341
11353
11360
11358
11359
11363
11365
11361
11367
11366
11364
11368
11369
11370
11372
11380
11376
11371
11374
11373
11378
11375
11379
11381
11384
11383
11382
11388
11385
11387
11390
11386
11391
11389
11392
11393
11394
11395
11398
11396
11400
11399
11397
11401
11402
11403
11404
11405
11406
11407
11411
11413
11409
11408
11410
11414
11412
11416
11415
11417
11418
11419
11425
11420
11423
11421
11427
11424
11428
11426
11422
11429
11430
11436
11437
11432
11439
11431
11440
11434
11442
11435
11443
11444
11449
11445
11446
11452
11451
11447
11450
11455
11454
11462
11459
11458
11457
11464
11456
11465
11463
11460
11466
11467
11474
11468
11471
11470
11472
11473
11469
11441
11475
11476
11477
11482
11480
11484
11481
11483
11479
11485
11486
11487
11488
11489
11490
11494
11495
11493
11492
11496
11498
11497
11499
11500
11501
11502
11503
11505
11509
11504
11508
11510
11511
11512
11507
11513
11514
11515
11517
11519
11522
11520
11526
11525
11527
11521
11524
11518
11529
11528
11533
11537
11534
11536
11531
11530
11538
11535
11539
11540
11541
11544
11542
11545
11543
11546
11549
11550
11551
11555
11556
11558
11554
11557
11559
11560
11548
11547
11561
11562
11563
11565
11564
11566
11567
11569
11568
11570
11571
11572
11573
11575
11574
11577
11578
11579
11581
11584
11585
11586
11588
11589
11590
11591
11592
11593
11596
11595
11594
11598
11599
11600
11601
11602
11603
11606
11604
11607
11609
11615
11610
11613
11611
11614
11612
11616
11617
11618
11619
11625
11623
11627
11620
11622
11626
11629
11630
11631
11628
11632
11634
11638
11643
11644
11639
11640
11637
11641
11645
11635
11646
11649
11651
11652
11655
11654
11656
11658
11657
11650
11653
11659
11660
11661
11662
11663
11665
11669
11664
11674
11668
11666
11672
11673
11675
11676
11677
11679
11683
11678
11681
11680
11685
11682
11684
11686
11687
11688
11689
11690
11694
11692
11701
11696
11698
11697
11700
11695
11702
11703
11704
11706
11711
11708
11712
11714
11710
11713
11709
11715
11717
11716
11718
11724
11719
11720
11722
11723
11726
11721
11727
11728
11730
11738
11733
11732
11741
11736
11731
11740
11737
11739
11735
11742
11745
11750
11749
11751
11753
11744
11752
11747
11746
11754
11743
11755
11758
11763
11756
11762
11761
11759
11764
11767
11766
11768
11769
11771
11770
11773
11775
11776
11774
11772
11777
11778
11781
11784
11785
11790
11788
11789
11792
11791
11787
11793
11796
11795
11786
11798
11797
11800
11809
11808
11802
11803
11799
11807
11811
11810
11813
11816
11818
11825
11821
11824
11817
11822
11820
11826
11827
11828
11834
11832
11833
11835
11829
11836
11837
11838
11839
11845
11840
11846
11843
11844
11847
11842
11849
11848
11850
11851
11853
11854
11856
11859
11852
11858
11860
11855
11801
11861
11862
11864
11867
11871
11863
11870
11872
11875
11866
11873
11877
11878
11879
11887
11883
11890
11884
11886
11881
11888
11889
11882
11885
11892
11891
11893
11895
11898
11899
11894
11900
11896
11897
11902
11901
11903
11904
11906
11909
11907
11910
11908
11911
11912
11913
11916
11914
11917
11918
11919
11924
11921
11923
3
81
204
477
263
533
174
1005
1040
1079
1196
1134
1426
1458
1522
1575
1398
1594
1623
1720
1817
1832
1886
2004
1961
2137
2133
2249
2315
2302
2655
2684
2686
2733
2804
2839
2872
2923
2990
3074
3136
3079
3348
3507
3522
3548
3542
3891
4108
4194
4458
4451
4492
4831
4868
4942
4898
5116
5157
5300
5474
5481
5514
5555
5658
5706
5744
5751
5774
5812
5813
5837
5891
5909
6126
6344
6426
6347
6488
6428
6603
6676
6699
6745
6797
6930
7038
7093
7171
7182
7498
7630
7667
7678
7896
8002
8055
8124
8228
8340
8311
8377
8465
8494
8549
8499
8657
8760
8734
8914
9112
9152
9196
9337
9460
9519
9859
9935
10011
10118
10285
10371
10419
10564
10650
10721
10947
10965
11048
11161
11211
11552
11582
11605
11633
11757
11822
