8
7
6
3
1
5
9
2
4
0
10
11
12
14
13
15
18
17
19
16
20
22
21
24
26
23
25
27
29
31
32
30
28
33
34
35
38
37
36
40
41
39
42
43
45
44
48
46
47
49
52
50
51
53
54
55
56
57
58
61
62
59
60
63
64
65
66
67
68
73
70
69
71
72
74
77
75
76
78
79
82
80
81
83
84
87
85
86
88
89
90
91
92
93
94
97
95
98
96
99
100
101
102
104
108
106
105
107
109
110
112
111
103
113
114
117
116
115
118
119
122
124
125
128
126
123
120
121
127
129
130
131
134
132
133
136
135
137
138
139
140
141
143
144
145
142
148
147
146
151
149
150
152
153
154
157
156
155
159
160
158
161
162
164
165
166
167
163
169
168
170
171
172
173
175
174
176
177
181
178
182
180
185
179
183
186
187
184
194
195
193
192
189
196
197
188
190
191
198
199
200
201
204
205
202
203
207
206
208
209
210
212
214
219
216
213
217
211
218
215
220
221
222
223
225
228
226
227
224
229
230
233
232
231
235
234
239
237
240
236
238
241
243
242
244
245
246
248
249
250
253
252
251
247
255
254
256
258
259
257
260
263
261
262
265
264
266
267
268
269
270
271
272
273
274
275
276
277
279
280
278
281
282
283
284
285
287
286
289
288
290
293
291
292
294
295
296
297
299
298
300
302
303
301
305
304
307
306
308
309
310
311
313
314
312
315
317
316
319
318
320
321
322
323
324
325
326
327
329
328
330
331
333
332
334
335
343
341
344
338
337
336
339
345
342
340
346
348
347
354
353
350
349
355
352
351
357
358
356
366
367
368
371
370
369
362
359
363
360
361
365
364
374
373
372
378
376
379
377
375
381
380
384
382
383
385
386
388
389
387
390
391
392
393
394
395
396
399
401
400
398
397
403
402
404
405
407
409
408
410
413
412
414
406
411
415
416
417
418
419
421
422
420
423
425
424
426
428
427
429
430
432
431
433
435
434
436
437
438
439
441
440
443
442
445
444
446
448
447
449
450
451
452
455
453
454
456
458
459
457
460
462
465
464
461
463
466
467
469
468
470
471
472
473
475
474
476
479
477
478
480
481
482
484
483
485
486
489
487
488
491
490
492
493
494
497
499
498
502
501
503
500
496
495
507
505
512
511
509
513
508
510
506
504
521
515
519
522
514
523
518
520
516
517
524
531
525
527
529
530
533
532
526
528
534
542
540
537
535
538
536
544
546
547
549
545
550
548
551
557
556
553
552
555
554
558
541
539
563
564
562
561
560
565
559
543
566
567
568
572
569
574
573
570
571
575
576
577
578
582
583
584
581
585
579
580
586
587
588
590
592
593
594
589
595
591
596
597
613
608
609
611
610
612
616
619
614
618
617
615
620
625
622
623
621
624
626
627
606
607
628
631
630
629
633
632
634
635
636
637
638
642
640
644
646
643
647
645
641
648
639
654
651
656
652
653
655
658
657
661
660
659
662
664
663
665
666
667
668
669
671
672
670
673
674
675
676
677
649
650
679
678
680
681
682
683
684
685
688
690
689
686
687
691
692
693
694
695
696
698
699
697
700
702
701
703
704
705
706
711
713
709
710
707
708
712
602
603
715
714
601
605
598
600
604
599
716
717
720
718
719
723
721
725
722
724
726
727
729
728
733
730
732
731
734
736
735
739
738
737
741
740
746
745
742
743
748
747
749
750
752
755
753
754
756
757
758
751
744
759
760
761
762
764
763
765
766
767
768
769
770
771
775
773
774
772
776
777
778
780
781
779
786
783
785
784
782
787
788
789
790
791
792
794
793
796
795
797
799
801
800
798
802
803
804
806
805
808
809
812
807
811
810
813
814
815
816
822
823
818
824
817
826
819
821
820
827
830
829
828
831
832
834
835
825
833
836
837
839
838
843
844
841
842
845
840
846
847
848
849
850
851
854
855
852
853
856
857
859
860
863
862
861
858
866
865
864
868
867
869
871
870
872
873
875
874
876
877
878
881
879
882
880
883
884
885
887
886
888
889
891
892
893
890
894
895
896
898
897
899
902
903
901
900
904
905
907
913
906
916
909
915
910
914
908
911
912
917
926
921
922
919
925
923
918
924
920
928
927
929
935
933
938
934
932
936
937
940
941
939
942
943
945
947
944
946
948
950
951
949
953
958
956
952
954
955
957
959
961
960
963
962
964
965
967
968
966
971
970
969
972
974
973
975
978
976
980
979
981
977
982
984
983
985
986
989
988
987
990
991
992
993
995
994
996
998
1002
997
999
1001
1000
1004
1005
1006
1003
1008
1007
1010
1009
1012
1014
1011
1013
1015
1016
1017
1018
1019
1025
1021
1022
1026
1023
1020
1024
1027
1028
1029
1030
1035
1034
1032
1036
1031
1033
1039
1038
1037
1040
1041
1042
1049
1045
1043
1047
1046
1048
1044
1050
1051
1052
1053
1055
1057
1056
1059
1054
1060
1061
1058
1062
1063
1064
1065
1066
1075
1076
1072
1068
1071
1070
1069
1073
1074
1067
1078
1077
1079
1080
1083
1082
1081
1085
1084
1086
1087
1088
1089
1096
1092
1090
1095
1094
1093
1091
1097
1098
1099
1101
1104
1105
1100
1102
1103
1106
1107
1108
1109
1110
1111
1114
1116
1115
1113
1112
1118
1117
1119
1120
1121
1122
1123
1126
1124
1130
1125
1127
1128
1129
1131
1132
1133
1136
1135
1139
1134
1141
1138
1137
1140
1143
1142
1145
1144
1150
1151
1148
1149
1146
1147
1152
1153
1155
1154
1156
1157
1158
1161
1159
1160
1163
1162
1164
1165
1166
1167
1168
1171
1169
1173
1172
1170
1176
1175
1174
1177
1178
1183
1180
1179
1181
1182
1185
1184
1186
1187
1188
1190
1189
1194
1198
1191
1193
1196
1197
1195
1192
1199
1200
1201
1206
1203
1202
1204
1205
1208
1207
1209
1210
1211
1216
1213
1218
1212
1219
1214
1220
1217
1215
1221
1222
1223
1225
1224
1233
1226
1232
1231
1234
1227
1230
1228
1229
1235
1239
1237
1243
1238
1236
1241
1244
1240
1242
1254
1251
1245
1246
1248
1249
1247
1253
1252
1250
1261
1257
1262
1259
1263
1260
1255
1256
1258
1264
1265
1266
1269
1267
1268
1270
1271
1273
1272
1274
1275
1276
1277
1278
1279
1281
1280
1283
1284
1282
1285
1287
1286
1288
1293
1289
1290
1292
1295
1291
1294
1297
1296
1298
1303
1299
1300
1302
1304
1308
1305
1301
1307
1306
1310
1316
1313
1318
1311
1315
1309
1314
1312
1317
1320
1325
1327
1321
1319
1324
1326
1328
1322
1323
1337
1336
1335
1332
1338
1334
1331
1329
1330
1333
1341
1342
1339
1340
1348
1343
1347
1346
1345
1344
1358
1355
1349
1351
1353
1356
1352
1350
1357
1354
1359
1367
1368
1360
1363
1362
1361
1366
1365
1364
1370
1373
1369
1376
1372
1371
1374
1378
1375
1377
1379
1380
1382
1381
1387
1383
1386
1385
1388
1384
1389
1390
1391
1392
1394
1397
1396
1393
1399
1395
1398
1400
1401
1402
1405
1403
1404
1406
1407
1408
1409
1410
1411
1412
1413
1414
1415
1416
1418
1417
1419
1420
1421
1422
1424
1423
1426
1427
1429
1431
1428
1430
1432
1425
1433
1434
1436
1435
1440
1441
1437
1438
1444
1439
1443
1442
1445
1448
1447
1446
1454
1449
1450
1452
1453
1451
1464
1459
1462
1455
1460
1456
1457
1463
1461
1458
1465
1467
1472
1468
1474
1469
1471
1466
1470
1473
1484
1483
1480
1478
1477
1479
1476
1482
1475
1481
1487
1489
1491
1486
1488
1493
1485
1494
1490
1492
1501
1504
1497
1500
1498
1499
1503
1502
1495
1496
1512
1505
1508
1511
1506
1514
1510
1507
1513
1509
1517
1519
1521
1515
1524
1518
1522
1520
1516
1523
1534
1526
1531
1532
1533
1530
1525
1535
1529
1536
1528
1527
1538
1542
1544
1543
1546
1539
1541
1545
1540
1537
1548
1547
1549
1554
1551
1555
1556
1553
1550
1552
1557
1558
1559
1561
1560
1564
1563
1566
1562
1565
1568
1567
1569
1570
1571
1572
1573
1574
1575
1576
1577
1578
1579
1581
1580
1582
1585
1584
1583
1586
1588
1587
1589
1590
1591
1592
1593
1594
1595
1596
1597
1598
1599
1600
1601
1602
1603
1604
1605
1606
1607
1609
1608
1610
1612
1611
1614
1615
1613
1616
1617
1618
1619
1620
1621
1622
1625
1623
1626
1624
1627
1628
1629
1632
1630
1631
1633
1634
1635
1636
1637
1638
1639
1640
1641
1642
1644
1645
1646
1647
1643
1648
1649
1650
1652
1651
1653
1654
1655
1657
1656
1659
1658
1660
1662
1661
1667
1666
1665
1664
1668
1663
1669
1671
1670
1672
1679
1673
1678
1676
1675
1674
1677
1680
1681
1682
1685
1687
1683
1694
1688
1686
1691
1692
1690
1689
1684
1693
1696
1695
1700
1699
1697
1702
1703
1701
1698
1704
1705
1706
1707
1708
1714
1711
1709
1710
1712
1713
1715
1716
1717
1718
1719
1721
1722
1720
1724
1723
1725
1726
1727
1728
1729
1733
1730
1732
1731
1734
1735
1738
1736
1737
1739
1740
1741
1742
1743
1744
1747
1748
1746
1745
1751
1750
1754
1752
1749
1753
1758
1756
1755
1757
1759
1760
1761
1762
1766
1763
1768
1764
1767
1765
1770
1771
1769
1772
1773
1778
1776
1780
1779
1781
1774
1775
1777
1785
1784
1783
1788
1786
1787
1789
1791
1782
1790
1794
1792
1793
1797
1795
1796
1798
1799
1801
1802
1804
1803
1805
1806
1808
1807
1809
1810
1811
1813
1812
1816
1814
1815
1817
1818
1819
1821
1820
1822
1824
1823
1826
1825
1828
1827
1830
1829
1831
1832
1833
1834
1835
1837
1838
1836
1839
1840
1800
1841
1843
1845
1842
1844
1846
1848
1852
1850
1847
1851
1849
1853
1855
1856
1854
1857
1858
1861
1862
1859
1860
1863
1864
1865
1867
1868
1871
1870
1869
1872
1866
1873
1875
1874
1876
1877
1883
1885
1886
1887
1878
1882
1881
1880
1888
1879
1884
1889
1890
1891
1892
1894
1895
1893
1896
1898
1899
1900
1901
1897
1902
1903
1905
1906
1904
1910
1908
1909
1911
1912
1913
1907
1914
1915
1916
1917
1919
1918
1920
1921
1922
1923
1924
1925
1926
1927
1928
1930
1932
1929
1933
1931
1934
1935
1936
1937
1940
1938
1941
1942
1939
1943
1944
1945
1946
1947
1949
1948
1950
1951
1953
1952
1954
1955
1956
1957
1958
1960
1959
1962
1961
1963
1965
1966
1964
1967
1969
1970
1968
1971
1972
1973
1980
1978
1979
1975
1974
1983
1976
1977
1984
1985
1986
1981
1982
1987
1990
1989
1988
1991
1992
1994
1993
1995
1996
1997
1998
2000
1999
2006
2005
2002
2010
2009
2011
2004
2007
2008
2012
2001
2003
2014
2018
2016
2013
2019
2020
2022
2015
2021
2017
2023
2024
2026
2027
2032
2030
2029
2028
2031
2025
2033
2034
2035
2041
2043
2037
2036
2040
2039
2038
2042
2044
2045
2046
2047
2049
2052
2051
2050
2048
2053
2054
2055
2056
2057
2063
2059
2060
2061
2066
2067
2065
2062
2058
2064
2069
2070
2068
2071
2075
2072
2073
2076
2077
2074
2078
2079
2081
2082
2084
2087
2086
2083
2085
2080
2088
2089
2091
2090
2095
2092
2093
2097
2094
2096
2098
2099
2100
2101
2102
2105
2108
2106
2103
2107
2104
2109
2110
2111
2112
2113
2118
2116
2119
2114
2117
2115
2121
2120
2122
2123
2124
2125
2129
2127
2128
2126
2130
2131
2132
2133
2134
2135
2136
2137
2139
2141
2140
2138
2142
2143
2144
2145
2146
2147
2148
2150
2149
2151
2152
2153
2155
2154
2156
2157
2158
2160
2161
2163
2170
2159
2164
2166
2169
2165
2167
2168
2162
2179
2177
2171
2175
2174
2173
2176
2172
2178
2180
2189
2190
2188
2193
2192
2191
2195
2194
2182
2183
2185
2186
2181
2198
2197
2187
2203
2202
2199
2201
2200
2184
2205
2204
2206
2208
2209
2211
2210
2212
2196
2213
2214
2207
2215
2220
2218
2221
2217
2219
2216
2222
2223
2224
2225
2235
2229
2231
2226
2232
2227
2228
2230
2242
2239
2238
2236
2240
2237
2241
2233
2243
2250
2249
2246
2247
2248
2244
2245
2234
2251
2254
2258
2256
2253
2255
2252
2257
2260
2261
2259
2263
2262
2264
2266
2267
2268
2269
2265
2271
2270
2272
2273
2275
2274
2276
2277
2278
2279
2280
2282
2281
2283
2285
2284
2286
2287
2288
2289
2290
2292
2296
2293
2294
2295
2297
2291
2298
2299
2300
2304
2302
2303
2301
2309
2306
2307
2310
2305
2308
2313
2314
2312
2311
2315
2319
2318
2316
2317
2325
2320
2326
2327
2328
2330
2329
2331
2332
2334
2333
2337
2336
2335
2340
2339
2324
2322
2323
2321
2341
2343
2342
2347
2348
2346
2349
2351
2352
2350
2353
2355
2354
2338
2356
2357
2359
2358
2361
2363
2362
2364
2360
2367
2345
2344
2366
2372
2368
2373
2371
2369
2370
2365
2374
2375
2377
2381
2383
2378
2382
2380
2384
2385
2386
2387
2388
2395
2394
2389
2392
2390
2391
2393
2396
2397
2398
2399
2400
2401
2402
2403
2405
2404
2407
2408
2409
2410
2412
2411
2413
2414
2406
2379
2415
2417
2416
2418
2420
2421
2422
2419
2426
2425
2427
2428
2429
2432
2430
2431
2433
2434
2435
2436
2437
2438
2439
2440
2442
2443
2441
2444
2445
2446
2447
2448
2449
2450
2452
2453
2454
2451
2455
2456
2457
2458
2460
2462
2461
2459
2463
2464
2465
2466
2467
2468
2469
2470
2471
2423
2472
2424
2473
2474
2475
2476
2477
2478
2481
2483
2479
2480
2482
2484
2485
2486
2487
2488
2489
2490
2491
2492
2495
2494
2493
2498
2497
2496
2499
2500
2501
2502
2503
2504
2505
2506
2507
2509
2508
2510
2511
2513
2512
2514
2515
2516
2517
2518
2520
2519
2521
2523
2522
2524
2525
2526
2527
2528
2529
2530
2531
2532
2533
2536
2534
2535
2537
2538
2539
2541
2540
2542
2543
2544
2545
2546
2547
2548
2549
2550
2553
2551
2552
2554
2555
2556
2557
2559
2558
2560
2562
2563
2561
2564
2565
2566
2567
2568
2570
2571
2569
2574
2575
2573
2578
2572
2585
2586
2584
2587
2589
2588
2591
2592
2590
2593
2595
2594
2597
2598
2596
2576
2577
2600
2599
2601
2602
2603
2580
2579
2581
2583
2604
2582
2605
2606
2608
2607
2609
2610
2611
2613
2612
2614
2617
2616
2618
2615
2619
2620
2621
2623
2622
2624
2627
2626
2625
2630
2629
2628
2631
2632
2633
2634
2635
2636
2637
2641
2640
2642
2643
2639
2638
2645
2644
2646
2648
2647
2650
2651
2649
2652
2653
2655
2654
2656
2657
2658
2659
2663
2660
2661
2666
2662
2671
2670
2667
2668
2672
2669
2665
2673
2674
2676
2677
2678
2675
2679
2680
2681
2682
2683
2684
2685
2686
2687
2688
2689
2691
2692
2690
2693
2695
2694
2696
2697
2698
2699
2700
2701
2705
2704
2702
2706
2703
2707
2708
2709
2710
2713
2711
2712
2716
2714
2715
2717
2719
2718
2720
2728
2721
2727
2723
2724
2725
2722
2726
2729
2730
2736
2734
2731
2733
2732
2735
2739
2737
2738
2740
2741
2742
2744
2748
2750
2743
2745
2746
2749
2747
2752
2756
2760
2759
2751
2753
2763
2766
2764
2761
2762
2765
2767
2769
2770
2771
2772
2768
2773
2774
2775
2777
2776
2778
2779
2780
2782
2784
2781
2783
2785
2786
2788
2789
2787
2791
2790
2792
2754
2755
2758
2757
2797
2793
2795
2796
2794
2798
2799
2800
2801
2802
2803
2804
2808
2805
2806
2807
2809
2810
2811
2812
2813
2814
2816
2815
2817
2818
2822
2819
2820
2821
2829
2827
2828
2824
2826
2830
2823
2825
2834
2831
2832
2838
2833
2837
2835
2836
2840
2839
2841
2842
2843
2846
2845
2847
2849
2850
2848
2844
2851
2852
2853
2854
2855
2856
2857
2858
2859
2860
2861
2862
2864
2863
2865
2866
2869
2867
2870
2871
2868
2873
2874
2876
2875
2872
2877
2878
2879
2880
2881
2885
2883
2882
2886
2884
2887
2888
2890
2889
2891
2892
2893
2896
2895
2894
2897
2898
2899
2901
2900
2902
2903
2904
2905
2906
2907
2908
2909
2910
2911
2912
2913
2914
2915
2916
2917
2918
2919
2920
2921
2922
2923
2924
2926
2927
2925
2928
2929
2931
2930
2932
2933
2935
2938
2937
2936
2939
2940
2941
2934
2942
2943
2944
2945
2946
2947
2948
2949
2950
2951
2952
2954
2953
2956
2955
2957
2958
2959
2960
2964
2962
2961
2963
2966
2965
2967
2968
2969
2970
2971
2972
2974
2973
2975
2976
2977
2978
2983
2988
2984
2986
2985
2980
2982
2979
2981
2989
2990
2994
2992
2995
2991
2996
2998
2993
2999
3006
3003
3001
3002
3007
3004
3005
3013
3008
3014
3010
3012
3011
2987
3000
2997
3009
3017
3016
3018
3015
3020
3019
3021
3022
3024
3023
3025
3026
3030
3029
3028
3027
3031
3032
3034
3033
3036
3035
3039
3038
3040
3041
3042
3037
3043
3045
3044
3046
3047
3049
3048
3051
3050
3052
3053
3054
3055
3056
3057
3058
3061
3059
3060
3062
3063
3066
3064
3065
3067
3068
3069
3070
3071
3073
3072
3076
3075
3077
3074
3078
3079
3080
3081
3082
3083
3084
3086
3085
3088
3087
3089
3091
3090
3092
3093
3094
3095
3096
3102
3103
3098
3100
3101
3097
3099
3104
3105
3106
3110
3107
3111
3108
3109
3114
3112
3113
3115
3116
3121
3119
3124
3120
3118
3122
3117
3126
3123
3125
3127
3128
3129
3131
3135
3134
3132
3130
3137
3136
3133
3138
3139
3140
3142
3144
3147
3141
3145
3146
3143
3150
3148
3149
3151
3156
3159
3157
3160
3152
3153
3158
3154
3155
3161
3168
3166
3162
3169
3170
3164
3165
3163
3171
3167
3172
3174
3173
3175
3176
3180
3177
3179
3178
3181
3182
3183
3184
3191
3186
3189
3188
3187
3190
3192
3193
3185
3194
3195
3196
3199
3197
3204
3201
3200
3198
3202
3205
3203
3206
3207
3208
3210
3209
3214
3213
3212
3215
3211
3216
3217
3218
3220
3219
3225
3223
3227
3221
3226
3228
3222
3224
3229
3230
3231
3232
3233
3234
3235
3237
3238
3236
3240
3239
3241
3242
3243
3244
3245
3247
3248
3249
3246
3251
3250
3252
3253
3255
3254
3257
3256
3258
3261
3259
3262
3263
3260
3264
3265
3266
3267
3268
3269
3272
3270
3274
3271
3273
3282
3275
3283
3279
3284
3277
3280
3281
3276
3278
3286
3285
3288
3291
3289
3292
3290
3287
3294
3293
3296
3295
3298
3299
3301
3302
3297
3300
3304
3303
3305
3306
3307
3308
3309
3311
3310
3312
3313
3314
3315
3316
3317
3318
3321
3320
3319
3322
3323
3324
3326
3328
3327
3325
3329
3331
3330
3332
3337
3334
3336
3338
3335
3333
3339
3340
3341
3342
3347
3349
3346
3344
3345
3348
3343
3351
3350
3352
3353
3354
3355
3358
3357
3361
3360
3362
3356
3359
3363
3364
3366
3365
3367
3368
3369
3372
3370
3371
3373
3374
3375
3376
3377
3378
3379
3380
3382
3384
3383
3381
3385
3387
3386
3389
3388
3390
3391
3392
3394
3393
3395
3399
3400
3398
3396
3397
3401
3402
3404
3403
3405
3406
3410
3408
3407
3409
3411
3412
3413
3414
3415
3416
3419
3421
3420
3417
3422
3418
3423
3424
3425
3426
3427
3428
3429
3430
3431
3432
3436
3438
3433
3435
3442
3437
3439
3441
3434
3440
3444
3443
3448
3450
3446
3447
3449
3452
3454
3445
3451
3453
3455
3460
3457
3461
3458
3459
3462
3464
3463
3456
3465
3469
3472
3474
3466
3467
3475
3473
3471
3470
3468
3477
3476
3479
3478
3484
3480
3483
3485
3482
3481
3487
3486
3488
3489
3490
3491
3494
3493
3495
3492
3496
3498
3497
3499
3500
3505
3501
3504
3503
3506
3502
3508
3507
3509
3511
3510
3513
3512
3518
3515
3514
3519
3517
3516
3520
3521
3522
3523
3524
3527
3525
3526
3529
3528
3530
3531
3532
3533
3534
3535
3537
3536
3538
3539
3541
3542
3544
3540
3543
3545
3547
3546
3548
3549
3554
3551
3552
3553
3550
3555
3556
3557
3558
3559
3560
3561
3562
3565
3563
3564
3566
3567
3568
3569
3570
3571
3572
3573
3574
3577
3575
3576
3579
3578
3580
3581
3582
3583
3584
3585
3586
3588
3590
3587
3589
3591
3592
3593
3594
3595
3596
3599
3597
3598
3600
3603
3602
3604
3606
3601
3605
3607
3608
3609
3610
3615
3616
3614
3613
3612
3611
3617
3618
3619
3620
3621
3623
3622
3624
3625
3626
3629
3627
3628
3630
3631
3632
3633
3634
3636
3635
3638
3637
3640
3639
3641
3642
3643
3644
3645
3646
3649
3647
3651
3653
3654
3648
3650
3652
3655
3656
3662
3660
3658
3661
3663
3664
3659
3666
3665
3657
3667
3668
3670
3669
3671
3676
3674
3673
3675
3672
3678
3677
3679
3680
3681
3682
3684
3686
3683
3685
3688
3689
3687
3690
3691
3692
3699
3695
3696
3694
3693
3701
3698
3700
3702
3697
3704
3703
3707
3710
3712
3706
3708
3709
3705
3711
3713
3714
3715
3716
3717
3718
3720
3723
3726
3721
3722
3724
3725
3719
3727
3728
3729
3731
3736
3735
3734
3732
3737
3730
3733
3738
3739
3740
3741
3743
3742
3746
3744
3749
3750
3747
3748
3745
3751
3752
3753
3754
3755
3756
3758
3757
3761
3762
3760
3759
3763
3764
3765
3767
3766
3769
3768
3771
3775
3776
3777
3770
3773
3774
3772
3780
3781
3782
3783
3786
3785
3784
3787
3788
3789
3791
3790
3792
3794
3793
3796
3798
3797
3795
3799
3800
3801
3802
3803
3807
3805
3806
3804
3808
3809
3810
3811
3813
3814
3812
3815
3817
3818
3816
3819
3820
3822
3821
3823
3827
3826
3825
3824
3828
3829
3830
3833
3835
3831
3834
3832
3836
3837
3839
3840
3838
3842
3778
3779
3845
3843
3841
3844
3847
3846
3849
3848
3850
3853
3851
3857
3856
3852
3858
3854
3855
3859
3860
3861
3862
3865
3864
3863
3869
3868
3867
3866
3871
3870
3872
3873
3874
3879
3875
3876
3881
3880
3877
3878
3882
3883
3884
3885
3886
3888
3891
3890
3889
3887
3893
3894
3892
3895
3896
3897
3899
3900
3898
3901
3903
3904
3902
3905
3906
3907
3908
3909
3910
3915
3913
3917
3914
3911
3916
3912
3918
3919
3920
3921
3926
3923
3929
3928
3930
3931
3932
3933
3935
3934
3936
3937
3922
3938
3939
3943
3940
3941
3944
3945
3946
3942
3947
3948
3950
3949
3953
3951
3952
3955
3954
3956
3957
3958
3962
3961
3960
3959
3963
3964
3965
3966
3967
3969
3970
3968
3971
3972
3973
3974
3976
3975
3978
3977
3981
3979
3980
3925
3927
3924
3983
3982
3985
3984
3986
3987
3988
3992
3991
3995
3989
3993
3994
3990
3996
3997
3998
3999
4000
4001
4002
4003
4004
4005
4008
4007
4006
4009
4010
4011
4012
4014
4013
4017
4015
4018
4016
4019
4020
4021
4022
4023
4024
4025
4026
4027
4029
4028
4032
4031
4030
4033
4034
4035
4036
4039
4037
4040
4041
4042
4038
4043
4044
4045
4046
4048
4047
4049
4051
4050
4052
4053
4055
4054
4057
4058
4059
4062
4065
4060
4061
4063
4064
4056
4066
4067
4068
4069
4070
4071
4072
4073
4074
4075
4077
4078
4076
4079
4080
4081
4082
4083
4084
4085
4086
4087
4088
4089
4090
4091
4092
4093
4094
4095
4096
4097
4099
4098
4103
4100
4106
4101
4102
4107
4104
4105
4108
4109
4111
4110
4113
4112
4116
4115
4114
4117
4119
4118
4120
4121
4123
4122
4124
4126
4127
4125
4128
4129
4131
4130
4132
4133
4134
4135
4139
4137
4138
4136
4140
4141
4143
4142
4144
4145
4146
4148
4147
4149
4150
4154
4151
4153
4155
4152
4156
4165
4160
4158
4161
4162
4157
4166
4163
4164
4159
4167
4168
4169
4173
4170
4174
4171
4176
4177
4175
4172
4178
4179
4180
4185
4183
4188
4181
4186
4184
4187
4182
4189
4190
4191
4192
4194
4199
4197
4195
4193
4200
4196
4198
4201
4202
4203
4211
4206
4208
4205
4210
4209
4207
4204
4212
4213
4214
4215
4216
4217
4219
4221
4222
4220
4218
4223
4224
4225
4226
4227
4228
4233
4234
4230
4231
4229
4232
4236
4235
4237
4238
4244
4240
4243
4245
4242
4246
4247
4248
4241
4239
4249
4250
4251
4252
4254
4255
4258
4256
4257
4253
4259
4260
4262
4261
4263
4264
4270
4267
4266
4265
4269
4271
4272
4274
4273
4275
4277
4276
4278
4281
4280
4268
4279
4283
4282
4284
4285
4286
4289
4287
4291
4288
4290
4292
4293
4294
4295
4296
4297
4298
4301
4299
4302
4300
4305
4304
4303
4306
4307
4313
4309
4312
4316
4311
4308
4317
4310
4321
4319
4323
4320
4322
4324
4325
4314
4315
4318
4326
4327
4328
4329
4333
4332
4331
4335
4334
4330
4336
4337
4338
4339
4340
4341
4342
4343
4346
4344
4345
4347
4348
4349
4350
4351
4352
4353
4354
4355
4356
4357
4358
4359
4361
4360
4362
4363
4364
4365
4366
4367
4368
4370
4371
4372
4369
4373
4374
4375
4377
4376
4378
4383
4379
4380
4382
4381
4384
4385
4386
4387
4388
4389
4390
4391
4392
4394
4393
4395
4396
4397
4398
4399
4400
4401
4402
4403
4405
4408
4404
4406
4407
4409
4410
4411
4412
4413
4415
4418
4419
4421
4416
4422
4414
4420
4417
4423
4425
4424
4426
4427
4430
4432
4431
4429
4433
4428
4434
4435
4437
4436
4438
4439
4442
4440
4443
4444
4445
4441
4447
4446
4448
4449
4454
4450
4452
4451
4453
4455
4456
4457
4458
4459
4460
4461
4462
4464
4463
4465
4466
4467
4468
4469
4470
4471
4473
4472
4474
4475
4476
4480
4477
4479
4478
4481
4482
4483
4484
4485
4486
4487
4488
4489
4490
4491
4492
4493
4494
4496
4495
4497
4498
4499
4500
4501
4502
4503
4505
4506
4504
4507
4508
4509
4511
4510
4515
4519
4520
4521
4516
4512
4514
4517
4513
4518
4522
4527
4524
4523
4525
4530
4532
4531
4529
4528
4526
4533
4534
4535
4537
4542
4536
4539
4540
4538
4541
4543
4544
4545
4549
4548
4550
4551
4547
4552
4553
4546
4555
4554
4556
4557
4561
4560
4562
4558
4563
4559
4564
4565
4567
4566
4568
4572
4569
4571
4570
4573
4574
4575
4578
4576
4577
4579
4580
4582
4581
4584
4585
4587
4586
4588
4583
4589
4590
4591
4592
4593
4594
4595
4597
4599
4596
4598
4600
4602
4601
4603
4604
4605
4606
4607
4613
4612
4608
4610
4609
4611
4616
4614
4615
4617
4619
4618
4620
4623
4626
4624
4627
4625
4621
4622
4628
4629
4630
4631
4634
4635
4637
4636
4633
4632
4638
4639
4640
4641
4643
4642
4647
4646
4645
4644
4649
4650
4648
4651
4652
4653
4654
4655
4657
4656
4659
4658
4662
4661
4664
4665
4663
4660
4669
4666
4667
4668
4672
4670
4674
4676
4679
4675
4678
4673
4671
4677
4681
4680
4682
4684
4683
4685
4688
4687
4686
4689
4690
4691
4692
4693
4694
4695
4696
4697
4702
4699
4700
4698
4701
4703
4705
4704
4706
4709
4708
4707
4712
4710
4711
4713
4714
4715
4716
4717
4718
4719
4720
4722
4721
4725
4723
4726
4727
4724
4728
4729
4730
4731
4732
4733
4735
4734
4739
4736
4737
4738
4740
4741
4742
4743
4744
4745
4747
4748
4746
4750
4751
4749
4752
4753
4754
4755
4756
4757
4759
4758
4763
4764
4760
4765
4766
4762
4761
4767
4768
4771
4769
4770
4774
4775
4772
4777
4776
4773
4778
4779
4780
4782
4783
4787
4786
4788
4790
4785
4784
4781
4789
4791
4792
4794
4796
4799
4793
4800
4795
4798
4801
4802
4797
4803
4804
4805
4806
4812
4811
4807
4810
4809
4808
4813
4814
4815
4816
4817
4818
4819
4823
4820
4821
4822
4826
4825
4824
4828
4827
4829
4830
4833
4835
4831
4834
4837
4832
4838
4836
4839
4840
4841
4842
4843
4847
4846
4848
4844
4845
4849
4850
4851
4852
4854
4853
4856
4858
4855
4857
4861
4859
4860
4862
4863
4865
4864
4866
4868
4870
4869
4871
4867
4872
4873
4875
4874
4876
4877
4880
4879
4878
4882
4883
4886
4885
4884
4881
4887
4896
4890
4889
4891
4892
4888
4895
4894
4893
4897
4899
4898
4901
4900
4906
4902
4905
4904
4907
4903
4908
4909
4910
4911
4913
4912
4915
4914
4916
4918
4917
4919
4921
4920
4923
4929
4928
4931
4922
4925
4924
4927
4930
4926
4932
4935
4933
4938
4936
4939
4937
4941
4940
4934
4942
4944
4943
4945
4946
4948
4950
4951
4952
4949
4947
4953
4954
4956
4955
4957
4958
4959
4963
4964
4961
4962
4966
4960
4965
4967
4968
4969
4970
4972
4973
4971
4975
4974
4976
4977
4978
4979
4980
4981
4982
4983
4984
4986
4988
4989
4990
4985
4987
4991
4992
4993
4994
4995
4996
4997
5000
4998
4999
5001
5002
5003
5004
5005
5006
5007
5009
5008
5010
5011
5012
5013
5015
5014
5016
5017
5018
5019
5020
5021
5022
5025
5023
5024
5027
5026
5028
5029
5030
5031
5032
5036
5033
5038
5035
5037
5039
5034
5040
5041
5042
5050
5046
5044
5049
5053
5045
5054
5047
5056
5051
5048
5055
5043
5052
5060
5063
5059
5061
5062
5064
5057
5065
5066
5058
5068
5067
5072
5076
5069
5073
5074
5070
5075
5071
5077
5078
5079
5085
5086
5082
5080
5083
5081
5084
5087
5088
5092
5093
5091
5089
5094
5096
5095
5090
5098
5097
5099
5106
5102
5107
5104
5100
5103
5108
5105
5101
5114
5115
5109
5116
5112
5118
5113
5110
5117
5111
5121
5119
5120
5124
5125
5126
5122
5127
5128
5123
5129
5131
5133
5132
5135
5136
5138
5137
5130
5134
5139
5143
5142
5140
5141
5147
5144
5148
5146
5145
5149
5150
5151
5152
5157
5156
5153
5154
5158
5155
5159
5160
5161
5164
5166
5167
5168
5165
5162
5163
5169
5170
5171
5177
5173
5180
5179
5172
5181
5174
5175
5176
5178
5185
5187
5184
5189
5183
5191
5186
5190
5188
5182
5193
5201
5199
5200
5196
5194
5198
5197
5192
5195
5202
5205
5208
5213
5212
5211
5204
5210
5214
5206
5207
5209
5203
5216
5215
5218
5219
5223
5220
5217
5224
5222
5221
5226
5225
5231
5234
5230
5229
5233
5228
5227
5232
5236
5235
5244
5242
5239
5238
5240
5241
5245
5237
5246
5243
5248
5255
5250
5249
5253
5254
5252
5251
5247
5256
5257
5263
5260
5262
5258
5259
5261
5265
5266
5264
5267
5269
5268
5271
5272
5273
5274
5276
5275
5270
5277
5278
5279
5280
5281
5282
5285
5283
5284
5286
5287
5288
5289
5290
5291
5292
5295
5294
5293
5296
5298
5297
5301
5299
5302
5300
5306
5305
5303
5304
5311
5310
5309
5312
5316
5315
5314
5313
5319
5317
5320
5318
5323
5321
5322
5324
5328
5325
5327
5326
5332
5330
5331
5329
5307
5308
5333
5334
5335
5336
5337
5341
5339
5342
5338
5346
5343
5344
5340
5345
5350
5349
5351
5347
5348
5352
5355
5354
5353
5356
5365
5363
5362
5366
5367
5369
5368
5357
5361
5373
5359
5371
5358
5360
5372
5370
5374
5376
5379
5381
5375
5378
5382
5377
5380
5383
5385
5384
5386
5388
5387
5389
5391
5395
5400
5392
5393
5396
5398
5397
5399
5402
5403
5394
5404
5405
5406
5407
5411
5401
5410
5413
5408
5364
5414
5412
5409
5390
5416
5415
5419
5420
5418
5423
5422
5421
5425
5426
5424
5429
5428
5427
5430
5432
5431
5435
5434
5436
5438
5433
5439
5440
5443
5441
5442
5444
5437
5445
5446
5447
5448
5449
5450
5452
5451
5453
5455
5454
5456
5417
5457
5459
5458
5463
5460
5461
5464
5462
5465
5466
5469
5468
5470
5471
5473
5472
5474
5476
5475
5478
5477
5480
5479
5481
5482
5483
5485
5484
5487
5486
5488
5489
5490
5491
5493
5492
5495
5496
5494
5498
5497
5499
5500
5501
5502
5505
5503
5504
5467
5507
5508
5509
5510
5512
5515
5511
5513
5514
5516
5517
5518
5519
5520
5521
5525
5522
5523
5524
5526
5528
5527
5529
5530
5531
5532
5534
5533
5537
5536
5535
5538
5539
5540
5541
5542
5544
5543
5545
5547
5506
5548
5549
5550
5551
5546
5554
5552
5553
5557
5556
5555
5558
5559
5561
5560
5562
5564
5563
5565
5566
5567
5568
5569
5570
5571
5574
5572
5573
5575
5576
5577
5578
5579
5581
5580
5584
5583
5585
5586
5588
5587
5589
5582
5590
5591
5592
5593
5595
5594
5596
5597
5598
5599
5601
5600
5602
5603
5604
5606
5605
5608
5607
5609
5610
5611
5612
5613
5614
5616
5615
5617
5618
5620
5623
5619
5621
5622
5624
5626
5625
5627
5628
5632
5630
5629
5631
5633
5634
5635
5636
5637
5638
5639
5643
5640
5641
5642
5644
5646
5645
5647
5648
5649
5650
5651
5653
5652
5657
5655
5659
5660
5662
5661
5656
5658
5654
5663
5672
5665
5666
5671
5668
5667
5670
5669
5673
5664
5675
5674
5676
5678
5677
5679
5682
5683
5680
5681
5684
5685
5686
5687
5688
5689
5693
5690
5691
5692
5694
5695
5696
5698
5697
5699
5700
5701
5704
5703
5702
5705
5708
5707
5706
5709
5710
5711
5714
5713
5715
5712
5718
5717
5716
5719
5720
5721
5723
5724
5722
5725
5728
5727
5731
5726
5729
5730
5732
5734
5733
5737
5735
5741
5740
5739
5738
5736
5742
5743
5744
5745
5746
5749
5751
5752
5748
5747
5750
5753
5754
5755
5756
5757
5758
5761
5762
5760
5759
5763
5764
5765
5766
5767
5768
5769
5772
5773
5771
5770
5774
5775
5777
5776
5778
5779
5782
5785
5783
5784
5780
5786
5788
5789
5787
5781
5790
5791
5792
5793
5794
5796
5799
5798
5795
5800
5801
5803
5802
5805
5804
5806
5807
5808
5809
5812
5810
5811
5817
5813
5816
5815
5820
5797
5819
5814
5821
5818
5822
5823
5824
5831
5829
5827
5830
5828
5826
5832
5825
5833
5834
5842
5839
5838
5837
5835
5840
5841
5836
5843
5844
5854
5847
5851
5848
5845
5852
5853
5849
5850
5846
5855
5856
5861
5863
5864
5862
5860
5857
5858
5859
5865
5866
5867
5868
5869
5870
5872
5873
5871
5874
5875
5876
5878
5879
5877
5880
5881
5882
5884
5883
5885
5886
5889
5887
5888
5890
5891
5892
5894
5896
5893
5895
5897
5899
5900
5898
5904
5901
5906
5905
5903
5902
5907
5909
5910
5908
5913
5914
5916
5912
5915
5911
5917
5919
5918
5920
5926
5923
5921
5924
5922
5925
5927
5929
5928
5930
5931
5932
5933
5936
5934
5935
5937
5938
5940
5939
5941
5942
5943
5944
5946
5945
5947
5950
5949
5951
5952
5948
5953
5954
5955
5956
5957
5959
5958
5960
5961
5962
5963
5964
5965
5966
5967
5968
5969
5970
5972
5971
5973
5974
5975
5976
5978
5977
5979
5981
5983
5980
5982
5984
5985
5986
5988
5989
5987
5990
5991
5992
5993
5994
5995
5996
5997
5999
5998
6000
6001
6002
6003
6004
6006
6005
6007
6009
6008
6010
6011
6012
6015
6016
6014
6021
6017
6018
6013
6020
6022
6019
6023
6024
6025
6026
6027
6031
6030
6028
6029
6032
6033
6034
6035
6036
6037
6039
6040
6041
6038
6042
6043
6044
6045
6046
6047
6048
6049
6051
6052
6050
6053
6054
6055
6056
6057
6058
6061
6062
6060
6059
6063
6064
6065
6066
6067
6068
6069
6071
6070
6072
6073
6074
6075
6076
6077
6078
6079
6081
6082
6080
6083
6084
6085
6086
6087
6088
6089
6093
6091
6090
6092
6094
6095
6096
6097
6098
6099
6104
6103
6100
6109
6105
6107
6101
6106
6102
6108
6110
6113
6111
6112
6119
6115
6114
6118
6117
6116
6120
6121
6122
6123
6124
6125
6127
6126
6128
6129
6130
6131
6132
6133
6135
6134
6136
6137
6138
6139
6140
6141
6143
6142
6144
6145
6146
6147
6149
6148
6150
6151
6152
6153
6154
6155
6156
6159
6157
6158
6160
6161
6163
6162
6164
6165
6166
6168
6169
6167
6170
6171
6172
6173
6174
6176
6175
6177
6178
6179
6180
6181
6182
6183
6186
6184
6185
6189
6188
6187
6190
6192
6191
6193
6194
6195
6196
6198
6199
6197
6200
6202
6201
6203
6204
6205
6206
6209
6208
6207
6210
6211
6212
6214
6215
6216
6213
6218
6217
6219
6220
6222
6221
6223
6224
6226
6225
6228
6230
6229
6227
6232
6231
6233
6236
6234
6235
6238
6237
6239
6240
6241
6242
6243
6244
6246
6245
6247
6248
6250
6249
6252
6251
6253
6255
6254
6256
6259
6258
6260
6261
6262
6257
6265
6266
6263
6264
6271
6270
6268
6267
6269
6272
6275
6274
6276
6273
6277
6278
6281
6279
6280
6282
6286
6285
6283
6284
6288
6290
6287
6292
6289
6291
6294
6296
6293
6295
6297
6302
6299
6300
6301
6298
6305
6306
6304
6303
6307
6311
6313
6312
6308
6316
6315
6309
6310
6314
6317
6322
6324
6323
6321
6319
6325
6327
6318
6326
6320
6334
6328
6332
6337
6333
6331
6330
6335
6329
6336
6338
6339
6341
6340
6342
6343
6346
6345
6347
6344
6348
6349
6357
6354
6355
6351
6356
6350
6352
6353
6358
6359
6362
6361
6366
6367
6363
6360
6365
6364
6368
6369
6370
6371
6372
6373
6377
6378
6376
6374
6375
6379
6380
6383
6382
6386
6384
6388
6387
6385
6389
6390
6392
6391
6393
6394
6396
6398
6399
6397
6395
6401
6400
6402
6403
6404
6407
6406
6405
6408
6409
6410
6411
6381
6412
6413
6414
6415
6416
6417
6418
6419
6420
6421
6422
6423
6424
6425
6426
6427
6429
6428
6430
6431
6432
6433
6435
6436
6434
6437
6439
6438
6440
6441
6442
6443
6444
6445
6448
6446
6450
6451
6447
6449
6452
6453
6454
6455
6456
6459
6457
6461
6462
6463
6460
6458
6465
6464
6466
6467
6468
6473
6470
6469
6471
6472
6474
6475
6476
6477
6478
6481
6483
6479
6480
6482
6485
6484
6486
6487
6488
6489
6490
6491
6492
6493
6494
6495
6496
6497
6498
6499
6501
6500
6506
6502
6504
6503
6505
6507
6508
6509
6511
6510
6513
6512
6515
6514
6516
6518
6517
6520
6521
6519
6522
6523
6524
6525
6526
6528
6527
6529
6531
6530
6532
6533
6534
6537
6536
6535
6538
6539
6541
6540
6542
6543
6544
6546
6547
6548
6545
6550
6549
6551
6552
6553
6554
6555
6557
6556
6558
6561
6568
6567
6564
6565
6559
6562
6563
6566
6560
6569
6571
6572
6573
6577
6576
6575
6574
6570
6578
6579
6580
6581
6582
6583
6588
6585
6587
6584
6586
6589
6590
6591
6592
6594
6593
6595
6597
6598
6599
6596
6600
6602
6601
6603
6604
6610
6608
6607
6611
6606
6612
6605
6609
6614
6613
6615
6619
6617
6620
6622
6621
6618
6623
6624
6616
6625
6626
6628
6627
6630
6633
6634
6631
6629
6632
6636
6635
6637
6638
6642
6641
6640
6645
6646
6644
6643
6639
6647
6648
6649
6650
6652
6653
6651
6654
6655
6658
6656
6657
6659
6660
6661
6664
6666
6663
6668
6667
6665
6662
6669
6670
6671
6674
6673
6672
6678
6675
6677
6676
6679
6680
6681
6682
6683
6684
6688
6685
6687
6689
6686
6690
6691
6692
6693
6694
6698
6697
6699
6695
6701
6700
6696
6702
6704
6703
6705
6706
6707
6708
6710
6709
6711
6713
6714
6712
6715
6716
6718
6726
6717
6719
6722
6723
6725
6724
6721
6720
6732
6734
6733
6730
6731
6729
6727
6735
6736
6728
6741
6746
6744
6738
6737
6743
6742
6740
6739
6745
6748
6750
6755
6753
6751
6747
6754
6756
6749
6752
6758
6760
6759
6761
6765
6766
6757
6762
6764
6763
6767
6768
6769
6770
6772
6775
6776
6773
6774
6771
6778
6779
6777
6780
6781
6783
6782
6785
6786
6784
6787
6788
6789
6790
6791
6792
6795
6794
6796
6797
6793
6800
6798
6799
6801
6804
6802
6811
6807
6809
6803
6808
6806
6805
6810
6814
6815
6818
6817
6819
6821
6816
6812
6813
6820
6824
6822
6825
6823
6826
6827
6831
6829
6830
6828
6833
6832
6834
6835
6836
6838
6837
6840
6839
6841
6842
6844
6843
6845
6846
6848
6847
6851
6850
6849
6852
6853
6854
6855
6856
6857
6858
6859
6862
6860
6861
6864
6863
6865
6866
6867
6868
6869
6877
6875
6876
6871
6874
6872
6873
6870
6880
6885
6886
6878
6881
6879
6884
6887
6882
6883
6888
6889
6897
6895
6894
6892
6891
6896
6890
6893
6898
6901
6905
6902
6900
6904
6903
6907
6899
6908
6906
6909
6911
6910
6912
6913
6916
6914
6917
6915
6918
6919
6920
6921
6922
6923
6924
6925
6927
6929
6928
6926
6930
6931
6932
6933
6935
6934
6938
6937
6939
6936
6941
6940
6942
6943
6944
6945
6946
6948
6947
6949
6950
6951
6952
6953
6955
6954
6956
6957
6958
6959
6962
6961
6960
6963
6965
6964
6966
6967
6968
6969
6971
6970
6973
6975
6972
6974
6976
6977
6978
6979
6980
6981
6982
6983
6984
6987
6986
6985
6989
6988
6990
6991
6992
6993
6994
6997
6995
6996
6998
6999
7001
7000
7002
7003
7004
7005
7006
7007
7009
7008
7012
7011
7010
7013
7014
7015
7016
7017
7019
7018
7022
7020
7021
7023
7024
7026
7025
7027
7028
7029
7030
7033
7032
7031
7034
7035
7036
7044
7041
7039
7043
7040
7042
7037
7038
7046
7048
7049
7050
7047
7051
7052
7053
7054
7055
7057
7058
7059
7061
7063
7062
7064
7060
7065
7067
7066
7068
7070
7069
7072
7073
7074
7075
7078
7079
7077
7076
7081
7082
7056
7045
7071
7080
7085
7083
7086
7087
7084
7088
7091
7090
7089
7092
7094
7095
7093
7098
7096
7099
7097
7102
7101
7100
7105
7104
7107
7106
7103
7109
7108
7110
7111
7112
7115
7117
7116
7113
7114
7119
7121
7118
7120
7122
7124
7125
7123
7126
7127
7128
7132
7130
7129
7131
7133
7134
7135
7136
7137
7138
7140
7142
7141
7139
7143
7144
7145
7146
7147
7148
7151
7150
7152
7149
7161
7154
7157
7156
7159
7162
7158
7160
7155
7153
7167
7165
7172
7169
7164
7171
7168
7163
7170
7166
7174
7180
7178
7177
7182
7179
7173
7176
7175
7181
7183
7185
7184
7191
7192
7186
7187
7189
7188
7190
7193
7194
7195
7196
7199
7197
7201
7202
7200
7198
7203
7205
7204
7206
7209
7211
7208
7207
7212
7210
7213
7216
7214
7215
7217
7219
7222
7221
7218
7220
7223
7224
7225
7226
7227
7228
7231
7230
7229
7232
7233
7234
7235
7236
7237
7239
7238
7241
7242
7240
7243
7244
7246
7245
7247
7257
7251
7254
7253
7248
7255
7250
7249
7256
7252
7260
7265
7263
7267
7264
7262
7258
7259
7261
7266
7268
7269
7274
7275
7276
7272
7277
7270
7273
7271
7278
7279
7280
7281
7283
7284
7282
7286
7287
7285
7288
7289
7290
7291
7292
7293
7294
7295
7296
7298
7297
7299
7300
7301
7302
7303
7304
7306
7305
7308
7307
7309
7311
7310
7313
7312
7314
7316
7315
7318
7317
7321
7319
7320
7322
7323
7324
7325
7327
7326
7328
7329
7330
7333
7332
7334
7331
7335
7336
7337
7338
7339
7340
7342
7343
7341
7344
7345
7346
7347
7348
7349
7350
7351
7353
7352
7354
7355
7358
7357
7356
7359
7360
7362
7361
7363
7364
7365
7368
7366
7367
7369
7370
7371
7372
7373
7374
7375
7377
7376
7378
7379
7380
7382
7381
7383
7384
7385
7386
7387
7388
7389
7390
7391
7393
7392
7394
7398
7400
7397
7395
7396
7399
7402
7404
7403
7401
7410
7408
7407
7405
7409
7406
7411
7414
7412
7413
7415
7416
7417
7418
7419
7420
7423
7422
7424
7421
7425
7426
7427
7428
7430
7429
7431
7432
7434
7433
7436
7435
7438
7444
7443
7439
7446
7440
7437
7445
7442
7441
7448
7452
7451
7454
7450
7453
7447
7456
7455
7449
7457
7458
7460
7465
7461
7463
7462
7459
7464
7466
7467
7468
7470
7473
7475
7472
7471
7476
7469
7478
7474
7477
7479
7480
7481
7482
7488
7483
7487
7485
7486
7484
7489
7491
7490
7492
7494
7496
7497
7493
7499
7498
7495
7500
7501
7502
7504
7503
7505
7509
7507
7508
7510
7511
7506
7512
7513
7514
7515
7518
7517
7516
7519
7521
7520
7523
7524
7522
7525
7527
7531
7530
7528
7529
7532
7534
7533
7535
7526
7536
7540
7537
7539
7542
7538
7541
7543
7544
7545
7546
7548
7547
7549
7551
7552
7550
7555
7554
7556
7557
7558
7559
7560
7563
7561
7562
7564
7565
7566
7567
7568
7569
7570
7572
7573
7571
7574
7576
7575
7577
7578
7579
7582
7583
7580
7581
7585
7584
7586
7587
7588
7589
7591
7592
7590
7553
7593
7594
7595
7604
7603
7596
7600
7601
7602
7597
7598
7599
7606
7611
7609
7613
7610
7607
7608
7612
7605
7614
7615
7623
7619
7618
7621
7622
7617
7624
7625
7616
7620
7626
7627
7628
7629
7631
7632
7634
7630
7633
7636
7635
7637
7638
7639
7642
7643
7644
7640
7648
7651
7649
7641
7647
7650
7645
7653
7654
7652
7660
7659
7655
7656
7661
7662
7658
7663
7664
7665
7666
7667
7668
7669
7670
7671
7672
7673
7674
7675
7678
7679
7677
7676
7680
7646
7681
7682
7683
7684
7685
7687
7686
7688
7689
7690
7691
7692
7693
7694
7695
7696
7657
7697
7698
7700
7699
7701
7702
7703
7704
7706
7705
7707
7708
7709
7710
7711
7713
7712
7714
7716
7715
7717
7718
7720
7719
7721
7723
7722
7724
7726
7725
7727
7728
7731
7730
7729
7733
7734
7732
7735
7736
7738
7737
7739
7740
7741
7744
7742
7743
7745
7746
7748
7747
7750
7749
7751
7752
7761
7756
7762
7755
7754
7759
7760
7753
7758
7757
7763
7765
7770
7769
7764
7772
7767
7771
7766
7768
7773
7774
7775
7776
7781
7779
7777
7780
7778
7782
7783
7784
7785
7786
7792
7789
7790
7791
7787
7788
7793
7794
7795
7796
7797
7799
7801
7798
7802
7800
7803
7805
7806
7804
7807
7808
7809
7810
7811
7813
7812
7814
7816
7815
7817
7818
7819
7820
7821
7822
7823
7825
7824
7826
7827
7828
7829
7830
7831
7832
7835
7833
7834
7836
7837
7838
7839
7840
7841
7842
7843
7845
7844
7846
7848
7847
7849
7850
7851
7852
7853
7854
7855
7856
7858
7857
7859
7861
7860
7862
7863
7864
7865
7866
7868
7867
7869
7871
7870
7872
7873
7874
7875
7876
7877
7878
7879
7880
7882
7881
7883
7884
7885
7886
7888
7889
7887
7892
7890
7891
7893
7894
7895
7896
7897
7899
7898
7902
7900
7901
7903
7904
7905
7906
7909
7907
7908
7910
7912
7911
7913
7914
7916
7915
7919
7918
7917
7920
7922
7921
7923
7924
7925
7926
7927
7928
7929
7930
7932
7931
7933
7934
7936
7935
7938
7937
7939
7940
7941
7942
7943
7944
7945
7946
7947
7949
7948
7950
7951
7952
7953
7954
7955
7956
7959
7957
7958
7960
7961
7962
7963
7964
7966
7965
7967
7969
7968
7970
7971
7972
7973
7974
7976
7975
7979
7977
7978
7980
7981
7982
7983
7984
7985
7986
7989
7988
7990
7987
7992
7991
7993
7994
7995
7996
7998
7997
8000
7999
8002
8001
8004
8003
8005
8006
8007
8008
8010
8009
8015
8013
8016
8011
8014
8012
8017
8018
8019
8021
8022
8027
8023
8025
8026
8024
8020
8028
8030
8029
8031
8032
8034
8035
8037
8036
8033
8038
8039
8040
8041
8042
8043
8044
8045
8047
8046
8048
8052
8051
8050
8049
8054
8057
8053
8056
8055
8058
8059
8060
8061
8062
8063
8064
8067
8066
8065
8068
8069
8071
8072
8070
8073
8074
8075
8076
8077
8078
8079
8081
8082
8080
8083
8084
8086
8085
8087
8088
8089
8091
8090
8092
8093
8094
8096
8095
8098
8097
8099
8100
8101
8102
8103
8107
8105
8108
8104
8106
8109
8110
8111
8112
8113
8115
8114
8116
8118
8117
8119
8120
8121
8122
8123
8124
8125
8126
8127
8128
8129
8130
8131
8132
8133
8134
8135
8136
8137
8138
8139
8140
8141
8142
8143
8144
8145
8146
8147
8148
8149
8150
8151
8153
8152
8154
8155
8156
8157
8158
8159
8160
8161
8163
8162
8164
8165
8174
8169
8171
8173
8175
8172
8168
8170
8167
8166
8182
8180
8181
8184
8185
8178
8179
8176
8177
8183
8187
8189
8188
8191
8190
8192
8193
8194
8195
8196
8197
8199
8201
8200
8204
8198
8203
8205
8206
8207
8214
8208
8215
8211
8212
8216
8210
8213
8217
8209
8218
8219
8220
8221
8222
8223
8224
8225
8227
8226
8228
8231
8230
8229
8232
8233
8235
8234
8236
8237
8240
8238
8239
8241
8242
8244
8245
8246
8243
8247
8248
8250
8252
8249
8251
8253
8254
8256
8255
8258
8257
8259
8260
8261
8262
8263
8264
8266
8265
8268
8267
8269
8270
8271
8272
8273
8274
8279
8277
8276
8275
8278
8280
8281
8283
8282
8284
8288
8287
8289
8285
8286
8290
8291
8292
8293
8294
8296
8299
8302
8300
8303
8297
8298
8301
8295
8304
8314
8310
8309
8306
8308
8313
8305
8307
8311
8312
8319
8315
8322
8323
8316
8318
8324
8321
8320
8317
8329
8328
8327
8202
8325
8326
8334
8335
8331
8333
8332
8330
8336
8337
8339
8338
8344
8341
8342
8345
8343
8340
8347
8346
8348
8349
8350
8351
8355
8353
8352
8354
8357
8356
8359
8358
8360
8361
8362
8363
8364
8365
8366
8367
8369
8370
8368
8371
8372
8373
8374
8375
8376
8377
8382
8381
8378
8383
8380
8384
8379
8385
8386
8387
8388
8392
8391
8393
8390
8395
8389
8397
8396
8394
8400
8398
8399
8401
8403
8404
8402
8407
8405
8406
8408
8410
8411
8412
8413
8416
8415
8417
8414
8409
8418
8420
8419
8421
8422
8423
8427
8426
8424
8428
8425
8429
8430
8431
8432
8433
8434
8435
8436
8438
8437
8439
8441
8440
8442
8443
8444
8445
8447
8446
8448
8449
8450
8452
8454
8453
8451
8458
8456
8455
8457
8459
8460
8461
8463
8462
8464
8465
8468
8466
8467
8469
8471
8470
8473
8472
8474
8475
8476
8477
8478
8479
8480
8483
8481
8482
8485
8486
8487
8488
8489
8490
8491
8492
8494
8493
8498
8496
8497
8495
8499
8500
8501
8502
8503
8505
8504
8506
8508
8507
8509
8484
8510
8516
8517
8514
8515
8513
8511
8518
8512
8520
8519
8521
8523
8528
8529
8526
8522
8527
8524
8525
8530
8531
8532
8533
8534
8541
8537
8536
8535
8538
8539
8540
8542
8544
8543
8551
8550
8547
8549
8546
8545
8552
8548
8554
8553
8555
8558
8564
8556
8562
8563
8559
8557
8561
8560
8565
8566
8572
8567
8569
8571
8570
8568
8574
8573
8576
8575
8577
8578
8579
8580
8583
8584
8585
8581
8582
8586
8587
8588
8589
8590
8591
8592
8593
8596
8595
8594
8600
8598
8597
8599
8602
8601
8603
8604
8606
8607
8610
8609
8605
8608
8611
8612
8613
8614
8620
8617
8619
8615
8616
8618
8621
8623
8622
8624
8626
8627
8625
8632
8633
8629
8631
8630
8628
8634
8635
8636
8637
8640
8639
8638
8641
8643
8645
8642
8646
8644
8647
8648
8649
8650
8654
8656
8653
8652
8651
8657
8655
8659
8658
8660
8664
8661
8663
8662
8667
8668
8665
8666
8675
8672
8674
8670
8676
8677
8669
8673
8671
8678
8679
8680
8681
8683
8687
8684
8682
8686
8685
8688
8689
8690
8691
8693
8692
8697
8696
8695
8698
8694
8699
8700
8701
8702
8703
8704
8708
8706
8709
8710
8707
8705
8713
8711
8712
8714
8715
8716
8721
8719
8720
8717
8722
8718
8724
8726
8725
8723
8727
8728
8730
8731
8736
8733
8729
8737
8735
8734
8732
8738
8739
8741
8742
8743
8747
8748
8745
8749
8746
8740
8744
8750
8751
8752
8754
8755
8757
8759
8756
8753
8758
8760
8761
8762
8764
8763
8765
8768
8769
8767
8766
8772
8770
8771
8774
8773
8775
8776
8779
8778
8781
8782
8783
8784
8777
8780
8785
8786
8787
8788
8789
8790
8791
8793
8794
8795
8792
8796
8797
8798
8799
8800
8801
8804
8802
8805
8803
8808
8807
8806
8809
8810
8811
8812
8813
8818
8814
8819
8820
8816
8821
8815
8817
8822
8823
8825
8828
8829
8835
8824
8832
8834
8827
8833
8831
8830
8826
8836
8837
8841
8838
8843
8842
8844
8846
8839
8840
8847
8845
8849
8848
8851
8855
8850
8854
8856
8853
8857
8852
8859
8858
8861
8860
8865
8862
8866
8863
8864
8867
8868
8869
8870
8871
8873
8872
8875
8874
8878
8881
8876
8877
8879
8880
8883
8882
8884
8885
8886
8887
8888
8890
8889
8891
8892
8893
8895
8896
8898
8897
8900
8901
8899
8902
8903
8904
8905
8906
8907
8910
8911
8908
8914
8909
8913
8912
8916
8915
8918
8920
8923
8917
8922
8921
8919
8925
8924
8926
8927
8931
8930
8932
8934
8933
8928
8929
8935
8936
8938
8937
8940
8942
8894
8941
8939
8944
8943
8945
8946
8947
8948
8951
8950
8954
8955
8957
8949
8953
8952
8956
8958
8959
8961
8962
8960
8965
8966
8968
8964
8963
8967
8969
8970
8971
8972
8973
8974
8977
8976
8979
8975
8981
8980
8978
8983
8982
8984
8993
8986
8992
8990
8988
8991
8985
8989
8987
8994
8995
8999
9002
9000
8996
8998
9004
9001
8997
9003
9005
9009
9008
9011
9014
9006
9012
9013
9007
9015
9010
9016
9017
9019
9018
9020
9024
9023
9025
9021
9022
9026
9027
9028
9030
9029
9034
9031
9037
9033
9035
9032
9040
9039
9038
9036
9042
9041
9043
9044
9048
9047
9049
9046
9045
9050
9051
9052
9053
9054
9055
9056
9057
9059
9058
9060
9062
9061
9063
9064
9065
9066
9067
9068
9069
9074
9072
9071
9073
9070
9076
9075
9077
9078
9079
9081
9080
9082
9083
9086
9087
9084
9085
9088
9089
9090
9091
9092
9095
9094
9096
9097
9099
9100
9093
9101
9098
9102
9103
9104
9105
9107
9106
9111
9108
9109
9110
9112
9113
9114
9115
9119
9117
9116
9120
9123
9122
9121
9124
9125
9118
9126
9127
9128
9131
9129
9130
9133
9134
9135
9132
9136
9137
9138
9139
9140
9142
9143
9141
9144
9147
9145
9146
9148
9149
9150
9151
9154
9152
9155
9158
9157
9159
9156
9161
9160
9153
9162
9163
9164
9165
9168
9170
9169
9171
9167
9166
9172
9173
9174
9176
9175
9178
9182
9179
9180
9177
9184
9181
9183
9185
9187
9186
9192
9190
9189
9191
9188
9194
9193
9195
9196
9197
9198
9202
9200
9199
9201
9206
9203
9204
9207
9208
9212
9211
9209
9215
9214
9213
9210
9216
9217
9218
9220
9223
9224
9222
9225
9219
9221
9226
9227
9228
9229
9230
9234
9231
9233
9235
9232
9236
9237
9238
9239
9240
9241
9242
9244
9243
9205
9246
9248
9245
9247
9249
9250
9252
9251
9253
9257
9255
9256
9254
9258
9260
9259
9261
9262
9263
9272
9267
9264
9271
9265
9266
9268
9273
9270
9269
9274
9275
9277
9283
9285
9279
9282
9280
9278
9281
9276
9289
9284
9288
9293
9290
9294
9286
9287
9291
9292
9295
9296
9297
9298
9299
9301
9302
9303
9304
9300
9305
9306
9307
9308
9309
9310
9314
9312
9315
9311
9313
9316
9317
9319
9318
9320
9321
9323
9322
9326
9324
9325
9329
9327
9328
9330
9332
9331
9333
9334
9335
9336
9338
9339
9337
9340
9341
9343
9342
9345
9344
9346
9348
9350
9349
9347
9355
9356
9354
9353
9352
9357
9359
9360
9358
9351
9361
9362
9365
9363
9367
9369
9366
9364
9368
9370
9371
9373
9372
9374
9378
9376
9375
9379
9377
9380
9381
9383
9384
9382
9385
9389
9390
9386
9387
9391
9388
9392
9394
9393
9395
9396
9398
9397
9399
9400
9403
9401
9402
9405
9404
9407
9408
9410
9412
9406
9409
9411
9413
9414
9416
9415
9420
9418
9417
9421
9424
9423
9422
9425
9426
9427
9429
9428
9432
9434
9430
9433
9435
9431
9436
9437
9438
9439
9441
9443
9442
9440
9449
9450
9419
9453
9448
9445
9444
9446
9451
9447
9452
9454
9455
9458
9457
9462
9460
9464
9456
9461
9463
9459
9465
9467
9466
9468
9469
9470
9476
9478
9473
9472
9475
9471
9474
9477
9479
9480
9481
9483
9482
9487
9484
9491
9485
9489
9486
9488
9490
9493
9492
9494
9495
9496
9498
9499
9501
9497
9503
9500
9504
9505
9506
9507
9508
9509
9513
9512
9511
9514
9515
9510
9517
9516
9518
9519
9522
9521
9520
9524
9523
9525
9526
9527
9529
9532
9530
9533
9528
9531
9534
9535
9536
9537
9538
9539
9542
9540
9544
9541
9545
9543
9546
9547
9548
9551
9550
9549
9552
9553
9502
9555
9556
9554
9557
9559
9560
9561
9558
9564
9566
9563
9567
9562
9565
9568
9569
9570
9573
9575
9574
9571
9577
9572
9578
9576
9579
9580
9581
9583
9584
9590
9585
9588
9582
9589
9591
9587
9586
9593
9592
9595
9598
9594
9600
9597
9599
9596
9601
9606
9603
9607
9610
9608
9609
9602
9611
9605
9604
9612
9613
9616
9617
9618
9619
9621
9614
9615
9623
9620
9622
9624
9626
9630
9632
9627
9628
9625
9631
9629
9633
9634
9635
9636
9639
9643
9638
9637
9640
9641
9642
9645
9644
9646
9647
9648
9653
9654
9655
9656
9650
9651
9649
9652
9657
9658
9659
9662
9660
9661
9664
9669
9666
9665
9663
9668
9667
9670
9671
9673
9676
9675
9678
9677
9674
9672
9679
9680
9681
9683
9682
9685
9684
9686
9688
9690
9691
9687
9689
9692
9693
9695
9697
9700
9699
9694
9702
9696
9698
9701
9703
9704
9705
9706
9708
9709
9707
9711
9710
9713
9714
9715
9716
9712
9717
9726
9724
9720
9719
9723
9721
9722
9718
9727
9725
9728
9729
9730
9731
9732
9733
9734
9737
9736
9738
9735
9740
9739
9741
9742
9743
9744
9746
9745
9747
9748
9750
9751
9749
9752
9753
9755
9754
9756
9757
9758
9760
9762
9759
9761
9763
9764
9766
9767
9768
9765
9772
9770
9774
9773
9769
9771
9775
9780
9777
9779
9784
9781
9782
9778
9776
9783
9785
9786
9787
9789
9791
9788
9792
9795
9794
9793
9790
9796
9797
9798
9799
9800
9801
9802
9805
9804
9803
9806
9808
9807
9809
9810
9813
9811
9812
9814
9816
9815
9817
9819
9818
9820
9822
9821
9823
9824
9825
9830
9827
9826
9828
9829
9831
9832
9833
9834
9835
9836
9840
9837
9838
9845
9841
9843
9849
9842
9846
9839
9844
9847
9848
9850
9856
9854
9851
9855
9853
9857
9858
9859
9860
9852
9861
9863
9862
9864
9869
9865
9867
9870
9866
9868
9871
9873
9872
9875
9876
9879
9878
9877
9874
9881
9880
9883
9882
9884
9887
9886
9885
9889
9888
9891
9890
9893
9892
9894
9896
9895
9897
9898
9902
9903
9901
9899
9900
9904
9905
9906
9907
9908
9910
9914
9913
9911
9912
9909
9916
9915
9917
9918
9920
9919
9924
9921
9928
9925
9923
9926
9922
9927
9929
9930
9932
9934
9936
9931
9937
9933
9938
9939
9940
9935
9941
9942
9943
9944
9946
9945
9950
9949
9948
9947
9952
9951
9953
9954
9955
9956
9958
9957
9962
9961
9959
9963
9960
9964
9965
9966
9967
9968
9970
9973
9971
9969
9974
9975
9972
9978
9977
9976
9979
9980
9981
9986
9983
9987
9982
9984
9985
9990
9989
9988
9991
9992
9994
9995
9996
9993
9998
9997
10000
10002
10004
10001
10007
10003
10008
9999
10005
10006
10009
10019
10020
10021
10022
10023
10024
10025
10026
10027
10028
10029
10010
10014
10013
10015
10011
10017
10012
10016
10030
10018
10031
10032
10034
10040
10038
10037
10039
10036
10033
10042
10035
10043
10045
10047
10044
10052
10046
10050
10051
10048
10041
10049
10053
10055
10054
10056
10058
10062
10059
10061
10057
10060
10063
10065
10066
10064
10069
10067
10070
10072
10068
10071
10073
10074
10075
10076
10077
10078
10081
10079
10080
10082
10083
10084
10085
10086
10087
10088
10089
10090
10091
10095
10093
10096
10092
10094
10097
10098
10099
10100
10101
10108
10102
10106
10109
10107
10104
10103
10105
10110
10111
10113
10112
10119
10114
10116
10115
10118
10117
10120
10121
10122
10123
10124
10125
10126
10127
10128
10130
10129
10131
10132
10133
10134
10135
10136
10137
10138
10141
10142
10140
10139
10143
10144
10145
10146
10147
10148
10149
10150
10152
10156
10151
10154
10155
10153
10165
10159
10160
10158
10161
10157
10163
10162
10166
10164
10167
10168
10169
10170
10172
10175
10171
10177
10173
10174
10176
10178
10179
10180
10181
10182
10183
10184
10185
10189
10186
10187
10188
10190
10191
10194
10198
10195
10197
10200
10201
10193
10196
10192
10202
10203
10210
10207
10208
10204
10206
10205
10209
10211
10212
10213
10217
10219
10214
10215
10218
10216
10220
10221
10222
10225
10227
10224
10229
10231
10228
10230
10226
10223
10236
10232
10237
10240
10235
10239
10234
10238
10233
10199
10241
10242
10245
10243
10244
10250
10246
10248
10249
10247
10251
10252
10253
10254
10255
10257
10256
10262
10260
10258
10259
10261
10263
10264
10265
10266
10270
10267
10271
10269
10268
10272
10273
10274
10275
10276
10277
10279
10278
10282
10280
10286
10284
10283
10281
10285
10287
10288
10289
10290
10291
10294
10296
10295
10293
10292
10297
10298
10299
10300
10301
10302
10303
10306
10304
10308
10309
10305
10307
10312
10310
10311
10313
10314
10317
10323
10318
10315
10322
10316
10321
10320
10319
10324
10325
10327
10329
10326
10328
10332
10333
10334
10331
10330
10335
10336
10337
10339
10338
10340
10343
10341
10344
10342
10345
10346
10347
10348
10349
10350
10351
10353
10352
10354
10355
10356
10357
10360
10359
10358
10361
10362
10363
10364
10365
10366
10367
10370
10368
10369
10371
10372
10373
10374
10375
10376
10377
10380
10378
10379
10381
10382
10383
10384
10385
10386
10387
10389
10388
10390
10391
10392
10394
10393
10395
10396
10397
10398
10399
10400
10402
10405
10401
10403
10409
10408
10406
10407
10404
10410
10411
