1
7
4
5
2
8
3
0
6
9
11
12
10
14
13
16
15
17
18
19
22
21
23
20
24
25
29
30
26
28
27
33
32
31
34
35
36
37
39
38
40
42
43
41
44
46
47
48
50
51
52
45
49
53
54
55
56
57
58
61
62
60
59
63
64
66
67
65
73
69
71
70
68
75
76
77
72
79
80
83
84
85
81
78
87
82
86
89
88
91
90
92
93
94
98
102
97
99
100
101
103
104
106
108
107
105
109
74
110
111
113
114
115
112
117
116
118
119
122
120
121
123
125
124
126
127
130
128
129
131
134
132
133
137
136
138
139
140
142
141
145
144
143
146
147
148
149
150
153
155
154
156
157
135
152
151
158
160
159
163
164
166
165
167
161
162
168
169
170
171
173
176
177
174
175
172
178
179
181
180
182
185
183
186
184
187
188
189
191
192
190
194
193
196
195
198
197
199
200
202
201
203
204
206
205
208
209
207
212
211
213
215
216
214
210
219
217
220
218
221
222
223
225
224
96
95
229
233
226
230
228
227
231
232
235
234
238
236
237
242
239
241
244
243
245
240
247
246
248
250
253
249
251
255
254
252
256
258
257
259
261
260
262
264
263
265
267
266
268
269
270
271
272
275
274
278
273
276
277
279
281
280
282
283
284
285
287
288
286
289
290
291
292
294
293
297
296
295
298
300
299
301
302
303
304
306
305
308
307
314
309
312
310
311
313
315
318
317
316
321
322
320
324
319
323
325
327
326
328
329
333
331
332
330
334
338
336
337
335
339
340
341
342
343
344
345
348
347
346
349
351
350
352
353
354
355
357
356
359
358
360
361
362
363
364
365
368
367
366
369
371
372
370
373
374
375
377
378
376
379
380
382
384
381
383
385
386
387
388
389
390
391
393
394
392
395
396
398
397
400
399
401
403
402
404
405
406
407
408
410
411
409
415
413
412
414
418
417
420
421
416
422
423
424
426
427
428
429
419
430
431
433
432
434
425
435
437
439
438
436
440
441
442
443
444
445
448
447
449
446
450
452
453
451
454
455
459
456
458
457
461
460
464
462
463
465
469
466
467
468
470
471
474
472
473
475
478
477
483
481
484
486
476
482
485
480
479
487
488
489
492
493
494
496
490
495
491
497
498
499
506
501
502
504
505
500
503
507
508
509
511
510
513
512
515
516
514
518
517
519
520
521
522
523
524
525
528
526
527
529
530
531
532
534
533
535
537
538
536
539
541
540
542
543
544
546
545
547
549
548
550
551
552
553
554
555
556
557
558
561
559
562
560
563
564
565
566
567
568
570
572
573
569
571
574
575
576
578
577
579
580
581
582
583
584
585
586
588
587
589
590
591
592
594
593
596
595
597
598
599
600
601
603
602
604
608
606
605
607
609
610
611
613
612
616
615
614
618
617
619
620
621
622
623
624
625
626
627
629
628
630
631
632
633
634
641
642
637
638
639
640
635
636
644
643
646
647
649
651
653
648
654
645
650
652
655
657
658
663
661
659
660
656
664
662
665
666
668
674
669
673
667
671
672
670
677
676
675
678
680
684
683
682
679
681
685
687
686
688
693
694
695
689
692
696
691
690
697
700
698
699
702
701
704
706
707
705
703
709
708
710
711
712
713
717
716
715
714
719
720
718
722
721
723
724
726
727
725
731
730
732
729
728
733
734
735
736
737
740
741
742
739
738
743
744
745
746
747
750
748
754
749
752
755
753
751
756
757
758
763
759
761
762
760
765
767
766
764
768
772
774
769
770
776
775
777
771
773
778
781
787
786
780
783
785
779
788
782
784
789
791
792
790
796
795
793
802
804
801
800
797
794
798
799
803
814
813
808
812
811
807
809
806
805
810
822
815
819
820
824
823
816
817
821
818
831
828
827
826
832
830
825
834
833
829
835
836
840
839
837
838
844
841
842
843
845
846
847
848
850
854
853
852
851
849
855
856
857
858
859
864
861
862
860
863
865
866
867
868
869
870
873
872
871
874
876
875
877
878
879
883
880
884
882
881
886
885
887
888
889
891
890
896
894
892
895
898
899
893
897
900
901
904
903
902
905
906
908
907
909
910
911
912
914
913
915
917
916
919
918
920
921
922
924
923
925
927
926
928
929
930
931
932
933
934
940
937
935
938
936
939
941
942
943
944
947
946
949
945
950
948
952
954
957
951
953
961
956
958
962
955
960
959
964
965
971
970
968
969
967
972
963
966
973
974
975
976
977
981
978
980
979
982
984
983
985
986
992
990
988
991
989
987
993
994
995
996
999
1002
998
1001
1000
1004
997
1005
1003
1006
1007
1008
1010
1011
1009
1012
1014
1016
1013
1017
1015
1018
1020
1022
1025
1021
1024
1027
1028
1023
1026
1019
1029
1030
1032
1031
1037
1034
1035
1038
1033
1036
1040
1039
1041
1042
1043
1048
1044
1045
1047
1046
1049
1050
1051
1052
1053
1054
1055
1056
1059
1058
1060
1063
1062
1057
1061
1065
1064
1066
1067
1071
1072
1068
1070
1069
1073
1074
1075
1076
1077
1078
1079
1080
1081
1083
1082
1085
1084
1086
1087
1088
1089
1090
1091
1094
1093
1095
1092
1096
1097
1098
1099
1100
1101
1103
1102
1107
1105
1104
1106
1109
1108
1110
1115
1114
1118
1116
1113
1112
1120
1119
1111
1117
1121
1124
1129
1126
1127
1130
1128
1125
1123
1122
1131
1133
1132
1139
1134
1137
1140
1135
1138
1136
1142
1141
1143
1144
1150
1147
1146
1145
1148
1149
1152
1151
1153
1154
1155
1158
1156
1160
1159
1157
1163
1164
1162
1161
1165
1167
1166
1170
1169
1168
1172
1171
1173
1174
1175
1176
1179
1180
1177
1178
1182
1181
1184
1183
1185
1186
1190
1188
1187
1189
1191
1192
1194
1193
1195
1196
1197
1198
1199
1200
1201
1202
1203
1204
1206
1205
1207
1208
1209
1210
1211
1212
1213
1214
1216
1215
1217
1219
1220
1218
1221
1222
1223
1224
1225
1226
1230
1227
1232
1228
1229
1231
1233
1234
1235
1236
1237
1238
1240
1239
1241
1242
1244
1246
1243
1245
1247
1248
1250
1253
1256
1254
1252
1255
1251
1257
1249
1258
1259
1268
1267
1264
1263
1266
1261
1262
1265
1260
1277
1276
1275
1278
1271
1269
1273
1272
1274
1270
1284
1283
1280
1282
1287
1288
1281
1285
1286
1279
1289
1292
1291
1295
1294
1296
1290
1297
1298
1293
1299
1300
1301
1302
1303
1304
1308
1307
1305
1309
1306
1310
1311
1312
1313
1317
1316
1315
1314
1319
1318
1320
1321
1322
1323
1324
1326
1325
1327
1328
1330
1331
1332
1329
1333
1334
1335
1336
1338
1339
1337
1340
1342
1341
1344
1343
1345
1346
1347
1351
1348
1350
1352
1354
1353
1349
1355
1357
1356
1364
1358
1361
1360
1362
1359
1366
1363
1365
1367
1368
1369
1371
1370
1374
1372
1376
1375
1377
1373
1378
1379
1380
1381
1382
1383
1384
1387
1386
1385
1388
1389
1390
1391
1392
1393
1394
1396
1395
1397
1398
1399
1400
1401
1402
1404
1407
1403
1406
1405
1408
1409
1411
1410
1412
1413
1414
1416
1418
1415
1417
1419
1422
1420
1421
1423
1425
1424
1426
1436
1431
1433
1428
1429
1435
1434
1432
1427
1430
1437
1438
1441
1440
1443
1445
1442
1446
1439
1444
1447
1449
1448
1453
1455
1456
1452
1451
1454
1457
1450
1458
1459
1460
1461
1462
1465
1463
1464
1466
1467
1468
1469
1470
1471
1472
1473
1475
1474
1476
1477
1478
1479
1480
1481
1482
1483
1484
1485
1486
1487
1488
1491
1492
1494
1493
1489
1495
1496
1490
1498
1497
1499
1500
1501
1502
1506
1505
1508
1503
1510
1504
1509
1507
1511
1512
1513
1515
1514
1518
1517
1519
1521
1522
1520
1516
1523
1524
1525
1526
1528
1527
1529
1532
1530
1533
1531
1534
1535
1543
1542
1544
1545
1539
1536
1540
1541
1538
1537
1546
1547
1549
1553
1552
1551
1554
1548
1550
1555
1557
1556
1558
1563
1564
1559
1565
1562
1561
1560
1567
1568
1566
1569
1572
1571
1574
1575
1573
1570
1576
1577
1582
1583
1579
1580
1581
1578
1585
1584
1586
1589
1587
1592
1588
1591
1594
1595
1593
1596
1590
1599
1597
1598
1600
1603
1601
1602
1606
1604
1605
1607
1609
1610
1613
1612
1614
1615
1616
1608
1611
1617
1618
1620
1619
1622
1623
1621
1626
1624
1625
1627
1628
1635
1629
1634
1630
1631
1636
1633
1632
1637
1638
1639
1640
1644
1641
1646
1642
1643
1645
1647
1648
1649
1650
1651
1654
1655
1652
1653
1656
1657
1658
1659
1660
1661
1662
1665
1666
1667
1668
1669
1664
1670
1663
1671
1672
1674
1673
1675
1676
1680
1678
1677
1679
1681
1682
1683
1684
1686
1685
1687
1692
1691
1689
1690
1688
1693
1694
1695
1696
1697
1698
1699
1701
1702
1700
1703
1704
1705
1706
1707
1708
1711
1714
1712
1710
1713
1716
1715
1709
1718
1719
1723
1722
1721
1726
1724
1720
1725
1732
1734
1730
1717
1735
1727
1729
1728
1733
1731
1737
1736
1739
1738
1741
1743
1745
1742
1744
1740
1746
1747
1748
1749
1750
1754
1751
1753
1755
1752
1756
1757
1760
1762
1767
1764
1765
1766
1761
1759
1758
1763
1769
1770
1771
1773
1775
1776
1768
1774
1772
1777
1778
1779
1780
1783
1787
1784
1782
1786
1785
1781
1788
1789
1790
1791
1793
1792
1795
1796
1794
1797
1798
1799
1800
1801
1802
1803
1807
1804
1806
1805
1809
1808
1810
1811
1812
1813
1814
1815
1816
1817
1820
1818
1821
1819
1822
1823
1824
1825
1826
1827
1832
1831
1828
1830
1829
1833
1834
1835
1836
1837
1838
1840
1841
1839
1842
1843
1844
1845
1846
1847
1848
1849
1850
1851
1852
1853
1854
1855
1856
1857
1858
1859
1860
1861
1862
1864
1863
1866
1865
1867
1868
1869
1870
1871
1872
1874
1873
1875
1876
1877
1878
1879
1880
1883
1881
1882
1892
1887
1893
1888
1884
1885
1890
1889
1886
1891
1895
1894
1898
1896
1903
1901
1899
1900
1902
1897
1904
1907
1905
1909
1911
1913
1908
1910
1912
1914
1906
1916
1915
1917
1918
1919
1920
1922
1921
1923
1924
1926
1925
1927
1928
1929
1930
1933
1934
1931
1932
1935
1936
1937
1938
1939
1940
1942
1941
1943
1944
1945
1946
1947
1948
1949
1951
1950
1954
1952
1955
1953
1958
1957
1956
1959
1960
1961
1962
1963
1964
1965
1967
1966
1968
1969
1970
1971
1972
1973
1976
1975
1978
1974
1979
1977
1980
1981
1982
1983
1984
1986
1985
1987
1989
1988
1990
1992
1991
1993
1994
1995
1996
1997
1998
2003
1999
2002
2000
2001
2004
2005
2006
2007
2008
2009
2010
2012
2011
2013
2014
2017
2016
2015
2018
2019
2022
2024
2020
2023
2021
2025
2026
2027
2028
2029
2032
2031
2034
2030
2033
2038
2036
2035
2037
2039
2043
2042
2044
2040
2041
2047
2045
2049
2048
2050
2057
2056
2055
2058
2052
2053
2051
2059
2060
2061
2066
2054
2046
2072
2068
2062
2065
2071
2067
2063
2070
2064
2069
2075
2078
2082
2073
2076
2081
2077
2079
2080
2074
2086
2085
2083
2084
2089
2087
2092
2090
2091
2088
2093
2097
2095
2098
2100
2099
2101
2094
2096
2102
2109
2108
2104
2105
2106
2111
2107
2112
2110
2103
2113
2114
2116
2117
2122
2121
2118
2115
2120
2119
2123
2124
2126
2125
2127
2128
2130
2129
2131
2132
2133
2134
2135
2136
2137
2140
2141
2143
2139
2142
2144
2145
2138
2146
2147
2148
2149
2150
2152
2151
2153
2154
2155
2156
2157
2158
2159
2160
2161
2162
2163
2164
2165
2166
2169
2168
2167
2171
2172
2170
2173
2174
2176
2175
2177
2178
2179
2180
2182
2181
2183
2186
2184
2185
2187
2188
2189
2190
2192
2191
2193
2194
2195
2196
2198
2199
2197
2200
2201
2202
2203
2204
2205
2206
2207
2208
2211
2210
2209
2212
2213
2215
2214
2216
2217
2220
2218
2221
2219
2222
2223
2225
2224
2226
2227
2228
2229
2231
2230
2232
2233
2235
2234
2236
2238
2239
2240
2237
2241
2242
2243
2244
2245
2246
2247
2250
2248
2249
2251
2253
2252
2254
2255
2256
2257
2261
2258
2263
2260
2259
2262
2264
2266
2265
2267
2269
2268
2270
2273
2271
2274
2275
2277
2276
2272
2278
2279
2280
2281
2282
2283
2286
2284
2285
2287
2288
2289
2290
2291
2292
2294
2293
2296
2295
2297
2298
2299
2300
2301
2302
2303
2304
2305
2306
2307
2309
2308
2310
2311
2312
2316
2314
2315
2317
2321
2319
2313
2318
2320
2326
2324
2323
2325
2328
2327
2329
2331
2330
2332
2335
2333
2340
2334
2339
2337
2336
2338
2341
2343
2342
2344
2346
2349
2345
2347
2350
2322
2348
2351
2352
2353
2354
2355
2356
2357
2358
2359
2360
2368
2364
2362
2363
2367
2361
2365
2366
2369
2370
2371
2372
2376
2374
2375
2377
2373
2378
2379
2381
2380
2382
2383
2385
2384
2386
2388
2387
2389
2390
2391
2392
2393
2395
2396
2394
2399
2400
2397
2402
2401
2398
2403
2404
2405
2406
2407
2408
2409
2412
2411
2410
2413
2414
2416
2415
2417
2418
2419
2423
2420
2421
2424
2422
2425
2426
2427
2428
2429
2430
2436
2432
2434
2437
2431
2439
2433
2438
2435
2440
2441
2442
2443
2448
2447
2450
2449
2444
2445
2446
2452
2453
2451
2454
2455
2456
2460
2459
2457
2458
2461
2462
2463
2466
2468
2470
2469
2464
2473
2467
2465
2472
2471
2476
2475
2474
2481
2478
2477
2480
2483
2479
2482
2484
2485
2486
2489
2487
2488
2492
2491
2490
2493
2494
2495
2496
2503
2505
2498
2497
2500
2499
2502
2501
2504
2506
2510
2509
2507
2513
2512
2511
2515
2516
2514
2508
2517
2518
2521
2524
2519
2525
2526
2520
2528
2522
2527
2523
2537
2532
2531
2535
2529
2534
2536
2530
2538
2533
2546
2541
2545
2539
2540
2542
2543
2544
2547
2548
2549
2553
2550
2551
2554
2557
2555
2556
2558
2552
2561
2566
2559
2568
2567
2562
2563
2565
2560
2564
2576
2570
2572
2578
2573
2574
2569
2571
2579
2583
2581
2582
2580
2586
2590
2587
2591
2588
2575
2592
2589
2577
2596
2594
2593
2595
2597
2600
2598
2599
2584
2585
2601
2603
2604
2605
2602
2606
2608
2607
2609
2610
2612
2611
2615
2614
2613
2616
2618
2617
2619
2620
2625
2621
2622
2624
2623
2628
2627
2629
2626
2630
2631
2634
2632
2633
2637
2636
2635
2638
2639
2640
2641
2642
2643
2644
2647
2648
2645
2649
2650
2646
2652
2653
2651
2654
2656
2657
2655
2659
2658
2660
2661
2662
2664
2663
2667
2665
2666
2668
2669
2670
2674
2672
2678
2679
2676
2675
2671
2677
2684
2681
2680
2682
2685
2683
2673
2686
2687
2688
2691
2690
2694
2695
2689
2692
2693
2696
2697
2698
2701
2702
2706
2700
2704
2705
2708
2703
2699
2707
2709
2711
2713
2714
2717
2710
2718
2712
2715
2716
2721
2720
2719
2730
2729
2731
2732
2733
2734
2736
2737
2735
2739
2738
2740
2741
2742
2743
2746
2745
2744
2724
2723
2748
2722
2728
2727
2725
2726
2749
2747
2751
2750
2754
2753
2756
2758
2755
2757
2759
2752
2760
2761
2762
2764
2763
2765
2768
2769
2767
2766
2771
2770
2772
2774
2773
2776
2779
2782
2777
2778
2781
2780
2775
2783
2784
2785
2788
2786
2791
2789
2790
2787
2792
2793
2795
2794
2796
2797
2798
2799
2802
2800
2804
2801
2805
2803
2807
2806
2808
2810
2809
2811
2813
2814
2812
2815
2817
2816
2819
2820
2818
2821
2822
2823
2827
2824
2825
2826
2830
2829
2828
2831
2832
2833
2834
2835
2836
2837
2838
2839
2841
2840
2842
2843
2844
2845
2846
2847
2848
2851
2850
2849
2852
2853
2854
2855
2856
2857
2858
2859
2861
2860
2862
2863
2865
2864
2866
2867
2868
2869
2870
2872
2871
2874
2873
2877
2875
2876
2878
2879
2881
2880
2888
2884
2885
2883
2887
2882
2889
2886
2891
2890
2892
2893
2894
2895
2898
2896
2899
2897
2900
2901
2902
2903
2904
2905
2907
2909
2906
2910
2908
2911
2914
2919
2915
2912
2916
2918
2913
2917
2920
2921
2925
2922
2926
2928
2929
2923
2924
2927
2930
2931
2932
2933
2941
2936
2934
2935
2940
2937
2939
2938
2942
2948
2945
2944
2947
2949
2950
2946
2951
2952
2943
2953
2954
2957
2956
2955
2960
2959
2963
2962
2958
2964
2961
2965
2966
2967
2972
2969
2970
2971
2968
2973
2974
2975
2976
2977
2978
2980
2979
2982
2981
2983
2984
2985
2986
2987
2988
2990
2989
2996
2994
2991
2998
2992
2997
2993
2995
2999
3000
3001
3002
3004
3007
3003
3009
3008
3005
3010
3006
3013
3012
3011
3015
3017
3016
3019
3020
3018
3014
3021
3023
3022
3024
3025
3026
3028
3027
3029
3030
3033
3031
3032
3034
3035
3036
3037
3039
3038
3040
3041
3043
3042
3044
3045
3047
3046
3048
3049
3050
3051
3053
3052
3055
3054
3057
3056
3063
3061
3059
3058
3060
3062
3064
3065
3066
3067
3070
3077
3074
3071
3072
3075
3073
3076
3069
3068
3079
3078
3082
3086
3080
3081
3085
3083
3087
3084
3089
3088
3091
3090
3092
3093
3095
3097
3094
3096
3098
3099
3100
3101
3102
3106
3103
3104
3105
3107
3108
3110
3109
3112
3111
3113
3114
3116
3115
3117
3118
3119
3122
3120
3121
3123
3124
3125
3126
3127
3128
3129
3130
3131
3132
3133
3134
3135
3137
3138
3136
3139
3140
3141
3144
3143
3142
3146
3145
3147
3149
3148
3150
3153
3152
3151
3154
3155
3158
3157
3159
3160
3162
3156
3161
3163
3164
3165
3166
3171
3170
3174
3169
3168
3172
3176
3173
3167
3175
3177
3178
3179
3180
3184
3182
3185
3186
3183
3181
3187
3188
3189
3191
3190
3194
3192
3196
3199
3195
3193
3198
3197
3200
3202
3201
3203
3204
3209
3208
3207
3206
3205
3210
3211
3212
3214
3219
3217
3216
3215
3220
3213
3218
3221
3222
3224
3223
3225
3230
3229
3231
3226
3234
3233
3235
3227
3228
3232
3236
3237
3240
3239
3243
3245
3246
3242
3244
3241
3238
3247
3249
3248
3252
3251
3250
3257
3254
3253
3256
3255
3259
3258
3260
3261
3262
3264
3265
3263
3269
3266
3268
3267
3271
3272
3270
3274
3273
3275
3279
3278
3276
3277
3282
3280
3281
3283
3284
3285
3286
3287
3289
3288
3290
3292
3293
3294
3295
3291
3296
3297
3298
3300
3299
3303
3302
3301
3305
3306
3304
3307
3308
3309
3310
3311
3314
3317
3315
3316
3312
3318
3313
3319
3321
3320
3323
3322
3324
3325
3327
3328
3329
3330
3331
3326
3332
3333
3334
3335
3336
3337
3338
3339
3341
3340
3343
3344
3342
3345
3346
3347
3348
3349
3350
3351
3352
3353
3354
3355
3357
3356
3358
3359
3360
3361
3362
3363
3368
3364
3366
3367
3365
3369
3370
3371
3372
3373
3374
3376
3375
3377
3378
3379
3380
3382
3381
3383
3384
3385
3387
3386
3389
3388
3390
3391
3392
3393
3394
3395
3396
3397
3399
3398
3400
3402
3401
3404
3405
3403
3407
3406
3408
3409
3410
3411
3412
3415
3414
3413
3417
3418
3416
3419
3420
3421
3422
3425
3424
3426
3423
3429
3427
3428
3430
3431
3432
3434
3433
3435
3436
3440
3438
3437
3439
3442
3441
3443
3444
3445
3446
3447
3448
3450
3449
3451
3452
3454
3453
3457
3455
3456
3458
3460
3459
3462
3461
3463
3464
3465
3466
3468
3467
3470
3469
3472
3471
3474
3478
3476
3473
3477
3475
3481
3480
3484
3483
3479
3488
3486
3482
3485
3487
3489
3490
3492
3491
3498
3495
3497
3496
3493
3494
3499
3500
3501
3502
3503
3504
3508
3505
3507
3506
3510
3512
3509
3511
3513
3514
3515
3516
3517
3518
3519
3521
3522
3524
3523
3520
3525
3526
3527
3528
3529
3533
3532
3531
3534
3530
3535
3536
3537
3538
3539
3541
3540
3543
3542
3545
3544
3546
3548
3547
3549
3551
3550
3554
3553
3552
3556
3558
3557
3559
3555
3560
3561
3563
3562
3564
3565
3566
3567
3568
3569
3571
3570
3573
3572
3574
3575
3576
3578
3577
3579
3581
3580
3584
3583
3582
3585
3586
3587
3588
3589
3590
3591
3593
3592
3595
3594
3596
3598
3597
3599
3600
3601
3604
3602
3603
3605
3606
3608
3607
3609
3611
3610
3612
3614
3613
3615
3616
3617
3618
3621
3619
3620
3622
3623
3624
3627
3626
3625
3631
3629
3630
3628
3632
3633
3634
3635
3636
3638
3644
3642
3639
3637
3641
3640
3643
3645
3646
3647
3648
3653
3656
3649
3651
3652
3655
3654
3650
3658
3657
3659
3661
3662
3660
3665
3663
3668
3666
3667
3664
3669
3670
3671
3672
3673
3677
3679
3675
3678
3676
3674
3681
3680
3682
3683
3686
3685
3687
3684
3688
3689
3692
3690
3691
3693
3694
3695
3696
3697
3699
3698
3701
3702
3703
3700
3704
3705
3706
3707
3708
3709
3713
3712
3711
3715
3710
3716
3717
3718
3714
3719
3720
3721
3722
3725
3726
3724
3729
3728
3723
3727
3730
3731
3732
3733
3734
3739
3738
3736
3737
3735
3742
3740
3741
3743
3744
3745
3747
3748
3746
3749
3753
3752
3751
3754
3750
3755
3756
3757
3758
3763
3760
3762
3764
3765
3759
3761
3766
3768
3767
3769
3770
3772
3773
3775
3774
3771
3776
3777
3779
3778
3780
3786
3788
3790
3789
3787
3791
3792
3793
3795
3794
3796
3797
3798
3800
3799
3784
3802
3804
3803
3801
3805
3785
3782
3781
3783
3806
3810
3807
3811
3809
3812
3815
3813
3816
3808
3814
3818
3817
3819
3821
3825
3822
3820
3823
3826
3824
3828
3829
3827
3830
3831
3832
3834
3833
3835
3836
3837
3838
3839
3841
3840
3842
3843
3844
3845
3848
3846
3847
3849
3852
3851
3850
3853
3854
3855
3856
3857
3858
3860
3859
3865
3864
3863
3861
3862
3866
3867
3869
3868
3872
3870
3874
3875
3871
3873
3876
3877
3878
3879
3880
3881
3882
3883
3884
3885
3888
3886
3890
3889
3887
3891
3892
3893
3896
3894
3897
3900
3895
3899
3898
3901
3902
3903
3905
3907
3911
3908
3909
3913
3910
3906
3904
3912
3914
3915
3916
3921
3920
3917
3918
3923
3919
3925
3924
3922
3926
3929
3932
3934
3935
3928
3931
3933
3927
3930
3936
3937
3938
3939
3943
3946
3944
3945
3947
3940
3942
3948
3941
3949
3950
3952
3953
3951
3957
3954
3955
3964
3959
3961
3963
3962
3958
3960
3956
3965
3966
3967
3968
3970
3973
3972
3974
3971
3969
3975
3976
3977
3978
3981
3980
3979
3984
3982
3985
3986
3987
3988
3983
3989
3990
3991
3992
3994
3996
3993
3998
3995
3997
3999
4001
4000
4002
4003
4004
4007
4005
4006
4008
4009
4011
4010
4012
4013
4014
4015
4016
4017
4018
4019
4022
4020
4021
4023
4024
4025
4026
4027
4028
4029
4030
4031
4032
4033
4034
4035
4037
4038
4036
4039
4040
4041
4042
4043
4044
4045
4046
4047
4048
4049
4050
4051
4053
4052
4055
4054
4056
4057
4058
4059
4060
4061
4063
4062
4064
4065
4066
4067
4069
4070
4068
4071
4073
4072
4074
4075
4076
4077
4078
4079
4081
4080
4082
4083
4084
4085
4087
4086
4090
4088
4089
4091
4092
4093
4095
4094
4097
4096
4101
4099
4098
4100
4102
4103
4104
4105
4107
4106
4109
4112
4110
4111
4108
4114
4116
4117
4122
4115
4121
4113
4118
4120
4119
4123
4124
4125
4131
4126
4130
4129
4127
4128
4132
4133
4134
4135
4136
4137
4138
4142
4139
4143
4141
4140
4145
4144
4146
4147
4150
4155
4152
4153
4148
4151
4149
4154
4157
4156
4158
4159
4164
4161
4163
4160
4162
4165
4169
4166
4168
4170
4172
4171
4173
4176
4175
4177
4180
4179
4178
4174
4181
4182
4183
4184
4185
4186
4187
4189
4188
4190
4192
4191
4193
4195
4196
4197
4198
4199
4202
4200
4203
4204
4201
4206
4205
4207
4208
4209
4211
4210
4214
4212
4213
4215
4216
4218
4217
4219
4220
4221
4222
4223
4224
4226
4225
4228
4229
4227
4230
4231
4232
4233
4234
4235
4236
4237
4239
4238
4240
4241
4242
4244
4243
4245
4246
4247
4248
4249
4250
4251
4252
4253
4254
4255
4256
4257
4258
4259
4260
4261
4262
4263
4264
4265
4266
4267
4268
4269
4270
4271
4272
4274
4273
4277
4276
4275
4280
4279
4282
4281
4278
4283
4284
4285
4288
4293
4287
4289
4291
4292
4295
4290
4294
4296
4297
4298
4301
4302
4303
4300
4304
4299
4305
4306
4307
4308
4310
4309
4311
4312
4313
4314
4317
4316
4318
4315
4319
4320
4321
4322
4323
4325
4324
4326
4328
4327
4330
4329
4331
4332
4333
4334
4335
4336
4337
4338
4340
4341
4339
4342
4343
4344
4345
4346
4347
4349
4348
4351
4352
4350
4355
4353
4354
4356
4357
4358
4360
4359
4361
4362
4364
4366
4365
4367
4363
4369
4370
4368
4371
4373
4372
4374
4376
4377
4375
4378
4379
4380
4381
4382
4383
4384
4387
4386
4385
4391
4389
4388
4390
4393
4392
4394
4397
4396
4398
4395
4402
4403
4400
4401
4399
4404
4406
4405
4407
4410
4408
4409
4413
4411
4412
4414
4415
4416
4417
4418
4419
4424
4422
4421
4425
4420
4426
4423
4427
4429
4432
4431
4434
4428
4433
4436
4438
4441
4439
4430
4435
4437
4440
4442
4443
4445
4446
4444
4449
4451
4450
4447
4448
4452
4453
4454
4455
4456
4457
4460
4461
4459
4464
4462
4458
4463
4465
4467
4466
4469
4468
4473
4470
4474
4471
4472
4475
4477
4476
4478
4479
4480
4481
4486
4484
4482
4483
4489
4488
4485
4490
4487
4491
4492
4495
4499
4498
4500
4493
4502
4496
4494
4501
4497
4503
4505
4504
4508
4512
4511
4513
4507
4510
4506
4509
4514
4516
4515
4518
4519
4520
4522
4517
4521
4523
4524
4525
4526
4527
4528
4529
4530
4533
4535
4532
4531
4534
4536
4537
4538
4539
4540
4545
4546
4544
4541
4543
4542
4547
4549
4548
4550
4551
4554
4553
4555
4556
4557
4552
4558
4559
4560
4561
4562
4571
4563
4566
4565
4567
4570
4569
4564
4568
4572
4573
4574
4575
4576
4577
4578
4580
4582
4581
4579
4584
4583
4585
4586
4588
4589
4592
4591
4593
4590
4587
4598
4596
4599
4597
4594
4595
4601
4600
4602
4605
4604
4606
4603
4608
4607
4609
4610
4612
4618
4616
4611
4615
4619
4617
4614
4620
4613
4621
4622
4624
4623
4629
4630
4625
4631
4627
4626
4628
4632
4633
4634
4635
4637
4636
4641
4638
4642
4640
4639
4643
4644
4647
4646
4645
4649
4652
4648
4653
4650
4651
4654
4657
4656
4655
4658
4660
4659
4662
4664
4663
4661
4665
4667
4666
4668
4669
4672
4670
4671
4674
4673
4676
4675
4678
4677
4679
4680
4681
4682
4683
4684
4687
4685
4686
4688
4689
4690
4691
4692
4693
4694
4696
4697
4695
4698
4699
4700
4701
4702
4703
4704
4706
4705
4707
4708
4709
4710
4711
4712
4713
4714
4715
4716
4717
4718
4720
4721
4722
4723
4724
4725
4726
4727
4728
4729
4731
4730
4732
4734
4733
4735
4738
4737
4739
4740
4741
4719
4736
4742
4743
4744
4746
4745
4748
4756
4750
4751
4753
4755
4749
4754
4757
4747
4752
4758
4762
4759
4760
4765
4767
4766
4761
4768
4764
4763
4770
4769
4778
4774
4776
4773
4777
4775
4779
4771
4772
4780
4781
4784
4782
4789
4783
4786
4787
4788
4791
4785
4790
4792
4793
4794
4795
4798
4796
4801
4800
4799
4797
4802
4803
4804
4805
4806
4807
4810
4811
4808
4809
4812
4813
4815
4814
4816
4817
4818
4819
4820
4821
4822
4823
4825
4826
4824
4827
4828
4829
4830
4831
4832
4833
4834
4835
4837
4836
4838
4839
4840
4841
4842
4843
4844
4845
4847
4846
4848
4849
4853
4851
4852
4850
4854
4856
4858
4857
4860
4863
4859
4864
4861
4862
4865
4866
4867
4868
4869
4870
4871
4873
4872
4874
4875
4876
4877
4878
4879
4880
4881
4882
4883
4884
4885
4886
4887
4888
4889
4890
4891
4892
4893
4894
4895
4896
4897
4898
4899
4902
4900
4901
4903
4904
4906
4905
4914
4910
4913
4912
4916
4909
4907
4915
4908
4911
4924
4919
4920
4923
4918
4921
4922
4926
4925
4917
4928
4927
4929
4936
4930
4932
4933
4931
4935
4934
4937
4939
4938
4940
4942
4945
4941
4948
4949
4947
4951
4950
4954
4952
4955
4956
4957
4958
4961
4960
4959
4963
4962
4964
4946
4944
4943
4966
4968
4965
4967
4971
4970
4969
4973
4974
4972
4978
4976
4977
4975
4980
4979
4981
4984
4982
4983
4987
4985
4988
4986
4990
4991
4989
4992
4994
4993
4997
4995
4996
4998
5001
5000
4999
5003
5002
5004
5005
5007
5008
5006
5009
5011
5010
5014
5013
5012
5015
5019
5016
5021
5020
5018
5017
5023
5022
5024
5026
5027
5025
5031
5028
5030
5029
5032
5034
5033
5035
5037
5036
5038
5040
5039
5043
5041
5044
5042
5045
5046
5047
5048
5049
5051
5053
5052
5050
5054
5055
5056
5057
5058
5064
5061
5062
5059
5063
5060
5065
5075
5071
5069
5074
5072
5068
5070
5073
5066
5067
5076
5083
5079
5082
5084
5078
5081
5077
5085
5080
5086
5091
5087
5088
5093
5095
5090
5094
5092
5089
5096
5101
5099
5102
5100
5104
5105
5098
5097
5103
5106
5109
5110
5111
5112
5108
5107
5113
5115
5116
5114
5121
5118
5124
5120
5123
5119
5125
5122
5117
5126
5132
5129
5134
5135
5136
5133
5128
5131
5130
5127
5137
5138
5142
5140
5146
5145
5144
5141
5143
5139
5150
5156
5151
5153
5152
5154
5155
5149
5158
5160
5159
5161
5162
5157
5163
5164
5165
5166
5167
5170
5169
5168
5171
5148
5147
5172
5173
5174
5175
5176
5179
5177
5178
5180
5182
5181
5183
5184
5185
5186
5187
5188
5189
5190
5191
5192
5193
5194
5201
5202
5200
5195
5203
5199
5196
5197
5198
5204
5207
5205
5206
5212
5209
5210
5211
5214
5213
5208
5216
5215
5217
5226
5225
5227
5229
5230
5228
5221
5223
5222
5224
5231
5218
5220
5233
5232
5237
5238
5242
5240
5234
5239
5236
5235
5241
5219
5251
5243
5248
5247
5252
5245
5246
5250
5244
5249
5256
5253
5258
5254
5259
5261
5257
5255
5262
5260
5264
5263
5270
5268
5269
5266
5265
5267
5273
5271
5275
5276
5278
5277
5279
5280
5282
5281
5283
5284
5286
5285
5287
5288
5290
5289
5291
5292
5293
5294
5296
5295
5297
5298
5272
5274
5299
5300
5301
5302
5305
5304
5306
5303
5308
5309
5310
5307
5311
5312
5313
5315
5314
5316
5318
5319
5320
5317
5321
5322
5323
5325
5324
5326
5327
5328
5329
5332
5330
5331
5333
5334
5335
5336
5337
5338
5339
5340
5342
5341
5343
5344
5345
5346
5347
5348
5349
5352
5354
5351
5357
5353
5355
5356
5350
5358
5359
5360
5362
5361
5367
5366
5364
5365
5363
5368
5369
5370
5378
5376
5373
5372
5375
5377
5374
5379
5371
5381
5385
5387
5389
5390
5382
5386
5383
5391
5388
5384
5392
5394
5398
5400
5393
5399
5396
5397
5395
5401
5402
5403
5404
5409
5407
5408
5406
5410
5411
5405
5412
5413
5414
5415
5421
5416
5420
5419
5422
5423
5424
5418
5425
5426
5431
5430
5429
5417
5427
5432
5433
5428
5434
5435
5437
5439
5441
5436
5442
5443
5440
5438
5444
5445
5446
5449
5447
5450
5452
5454
5448
5453
5451
5455
5456
5459
5457
5458
5460
5461
5463
5464
5462
5465
5466
5467
5469
5468
5470
5473
5475
5472
5474
5471
5476
5477
5478
5479
5480
5484
5482
5483
5481
5485
5487
5489
5486
5488
5490
5491
5492
5493
5494
5496
5497
5495
5498
5499
5501
5500
5502
5503
5504
5505
5506
5509
5508
5507
5510
5511
5514
5513
5512
5516
5515
5518
5517
5521
5519
5520
5522
5523
5524
5525
5526
5528
5530
5527
5529
5531
5532
5533
5534
5536
5535
5537
5539
5540
5541
5538
5544
5543
5542
5546
5545
5547
5548
5550
5549
5556
5554
5552
5553
5551
5555
5557
5558
2
8
7
10
11
4
6
14
12
9
16
17
18
15
13
19
20
0
5
1
3
22
23
25
21
24
26
28
27
30
29
32
33
34
36
35
37
39
40
38
31
41
44
43
45
42
46
49
47
48
52
50
51
53
54
56
55
59
58
57
60
61
62
63
65
64
66
67
68
69
72
70
71
75
74
73
78
79
77
76
80
81
82
83
84
85
86
87
88
89
90
91
92
94
93
95
96
99
100
97
98
101
102
103
105
104
106
107
108
110
109
111
112
114
113
120
115
119
118
116
117
121
123
122
124
126
125
127
128
129
130
131
133
134
132
141
137
140
135
136
139
138
142
143
144
146
145
147
148
149
150
151
154
152
161
155
160
159
158
156
157
163
164
166
165
167
168
153
169
170
171
173
172
174
175
178
179
180
176
177
181
182
184
183
185
186
187
188
189
190
192
191
193
194
195
199
198
200
201
203
202
204
205
206
207
208
162
209
211
210
212
213
214
216
215
218
219
220
221
223
222
224
225
226
227
231
230
232
233
234
236
237
235
238
244
242
239
240
241
243
246
245
228
229
197
196
247
248
249
250
251
252
253
254
255
259
257
256
261
260
262
263
264
265
266
217
258
268
267
269
270
271
272
277
275
274
273
279
280
276
278
283
282
284
285
286
281
287
288
289
290
291
292
293
294
295
297
296
299
300
298
301
302
303
304
305
306
307
308
309
310
311
312
313
314
315
317
316
318
319
320
321
322
323
324
325
326
327
328
330
329
331
332
333
334
336
335
337
338
340
339
341
342
343
344
345
346
347
348
349
350
351
352
353
354
357
356
358
355
359
360
361
362
363
364
365
366
367
368
369
371
372
370
373
374
376
375
377
379
378
380
381
382
383
384
386
385
387
388
389
390
392
391
393
394
395
396
398
397
399
400
401
402
403
404
405
406
407
408
411
412
410
409
413
415
414
416
418
417
420
419
421
422
423
424
426
425
427
428
430
432
429
431
433
435
436
434
437
442
438
439
440
441
443
444
445
447
446
448
450
449
452
453
451
454
456
455
457
458
460
461
459
462
463
464
465
466
467
468
469
470
471
472
473
474
476
475
479
481
482
480
483
484
487
486
485
488
477
478
489
493
492
494
496
495
497
498
499
500
501
502
504
491
490
506
503
505
507
508
509
510
511
512
513
514
515
516
517
518
519
521
520
522
523
525
524
527
526
528
529
530
531
532
533
534
535
536
537
538
539
541
540
542
544
545
543
547
546
548
549
550
551
552
553
554
555
556
557
558
559
560
561
562
563
565
564
566
567
568
569
570
571
572
573
574
575
576
578
577
579
581
580
583
582
584
587
585
586
588
589
590
591
592
593
594
595
597
598
596
600
599
601
603
602
604
605
606
607
608
609
610
611
612
613
614
615
618
616
617
620
619
621
623
622
625
626
624
627
628
629
630
631
632
633
634
635
637
638
636
639
640
641
642
643
645
647
644
646
649
648
650
651
652
654
653
655
656
657
659
658
660
661
662
664
663
665
667
666
669
670
668
671
672
674
673
675
676
677
678
679
680
681
682
684
683
685
689
687
688
686
690
691
694
693
692
695
696
700
701
702
704
703
705
708
709
706
710
707
711
713
712
714
697
699
698
715
716
717
718
719
720
721
722
723
727
725
726
738
734
743
724
739
728
737
730
735
744
741
736
740
746
731
745
733
729
732
742
748
747
750
751
749
752
755
754
753
760
766
759
756
763
761
765
757
758
762
764
767
768
769
770
771
772
773
774
779
780
782
785
786
784
781
783
788
789
787
790
791
792
777
776
775
778
793
794
796
795
798
803
800
799
805
802
801
806
804
807
808
810
809
811
812
797
813
814
815
816
817
822
819
818
821
820
823
826
824
825
827
828
829
831
830
834
832
833
835
836
837
839
838
841
840
844
843
842
845
846
847
849
848
850
851
854
853
852
855
856
857
858
866
859
860
863
865
861
862
864
867
868
869
871
870
872
873
874
875
876
885
884
877
893
882
891
892
888
896
894
878
879
895
889
881
890
887
880
883
886
897
899
898
901
900
903
907
914
915
905
911
913
912
916
909
917
918
906
904
902
910
908
919
920
921
922
923
928
926
924
927
925
929
930
931
932
933
937
934
935
936
938
939
940
941
942
943
946
947
945
944
948
949
950
951
952
953
955
954
956
958
957
960
959
961
962
963
964
965
967
969
970
968
966
972
971
973
974
975
976
977
978
979
980
981
982
983
984
992
987
985
986
988
989
990
991
993
994
995
996
997
998
999
1000
1001
1002
1003
1004
1005
1006
1011
1007
1008
1010
1009
1012
1013
1014
1015
1018
1016
1017
1019
1020
1021
1022
1023
1024
1025
1028
1026
1030
1029
1032
1027
1031
1033
1034
1035
1036
1037
1039
1038
1040
1041
1042
1043
1044
1045
1047
1046
1048
1049
1051
1050
1052
1053
1054
1056
1055
1057
1058
1059
1060
1062
1061
1063
1064
1065
1067
1069
1068
1066
1070
1071
1072
1073
1074
1075
1076
1079
1077
1078
1080
1081
1082
1083
1084
1085
1087
1088
1091
1086
1089
1092
1090
1093
1094
1095
1098
1097
1099
1096
1100
1101
1102
1103
1104
1105
1107
1106
1109
1108
1110
1111
1112
1113
1114
1115
1116
1120
1118
1117
1121
1119
1122
1123
1124
1125
1126
1128
1130
1129
1127
1133
1134
1135
1136
1137
1139
1140
1138
1141
1142
1143
1144
1131
1132
1145
1146
1148
1149
1147
1150
1151
1152
1153
1156
1158
1155
1157
1159
1160
1161
1162
1163
1164
1165
1154
1166
1168
1169
1167
1170
1171
1172
1173
1174
1175
1177
1178
1176
1179
1180
1181
1182
1183
1184
1185
1186
1191
1189
1188
1190
1187
1192
1193
1194
1196
1197
1195
1198
1200
1199
1201
1203
1202
1204
1205
1206
1207
1211
1208
1210
1209
1212
1213
1214
1216
1217
1221
1218
1215
1222
1220
1219
1223
1224
1225
1226
1227
1230
1228
1231
1229
1232
1233
1234
1236
1235
1239
1240
1238
1237
1242
1241
1243
1244
1246
1247
1249
1250
1248
1251
1252
1253
1254
1255
1257
1256
1258
1260
1259
1262
1261
1264
1265
1266
1263
1267
1268
1270
1269
1271
1272
1273
1274
1275
1276
1278
1277
1281
1280
1279
1282
1283
1284
1285
1286
1288
1290
1289
1287
1291
1245
1292
1293
1294
1295
1296
1299
1297
1301
1298
1300
1302
1303
1304
1305
1311
1308
1306
1309
1307
1312
1310
1313
1314
1315
1316
1321
1317
1320
1319
1318
1322
1323
1324
1325
1328
1327
1332
1326
1331
1330
1329
1333
1334
1335
1336
1337
1338
1340
1341
1339
1342
1343
1344
1345
1346
1348
1350
1349
1351
1352
1353
1354
1355
1356
1360
1357
1359
1361
1358
1347
1362
1363
1364
1366
1365
1367
1368
1370
1371
1369
1372
1373
1374
1375
1378
1376
1379
1380
1377
1382
1381
1383
1384
1385
1386
1387
1388
1390
1389
1391
1392
1393
1394
1395
1397
1396
1399
1398
1401
1400
1402
1403
1404
1405
1406
1407
1408
1409
1410
1411
1412
1413
1414
1415
1416
1417
1422
1423
1420
1421
1418
1419
1424
1425
1426
1427
1428
1429
1430
1432
1431
1433
1434
1435
1437
1436
1440
1443
1442
1441
1438
1439
1444
1445
1447
1446
1448
1449
1450
1451
1452
1453
1454
1455
1458
1456
1457
1462
1461
1463
1459
1460
1464
1465
1466
1467
1468
1470
1471
1469
1472
1473
1474
1476
1477
1478
1479
1481
1483
1480
1482
1484
1485
1486
1487
1489
1488
1475
1490
1491
1492
1493
1494
1495
1496
1497
1499
1498
1500
1501
1502
1503
1504
1506
1505
1507
1508
1510
1509
1513
1511
1512
1514
1515
1516
1517
1518
1522
1519
1520
1521
1523
1524
1526
1525
1527
1528
1529
1530
1531
1534
1532
1533
1535
1536
1537
1538
1539
1540
1541
1542
1543
1544
1545
1546
1547
1549
1548
1551
1550
1553
1552
1554
1555
1556
1557
1558
1559
1560
1561
1562
1563
1564
1565
1566
1567
1569
1568
1573
1570
1572
1571
1574
1575
1576
1577
1582
1581
1579
1578
1580
1583
1584
1586
1585
1587
1589
1588
1592
1590
1591
1593
1594
1595
1596
1597
1598
1599
1603
1604
1606
1605
1607
1608
1609
1612
1610
1613
1611
1614
1615
1601
1600
1602
1616
1617
1618
1619
1620
1621
1622
1623
1624
1625
1626
1627
1628
1630
1629
1631
1633
1632
1634
1635
1636
1637
1638
1639
1640
1641
1642
1643
1644
1645
1646
1648
1649
1650
1647
1651
1652
1670
1657
1653
1669
1664
1672
1658
1668
1663
1654
1671
1661
1659
1662
1667
1655
1666
1656
1665
1660
1680
1682
1674
1687
1681
1690
1673
1692
1677
1691
1684
1689
1688
1686
1675
1679
1678
1683
1676
1685
1694
1693
1697
1706
1698
1701
1712
1710
1709
1700
1707
1705
1708
1703
1702
1699
1713
1704
1711
1714
1695
1716
1718
1720
1723
1722
1727
1725
1721
1729
1730
1724
1731
1732
1733
1726
1728
1734
1735
1717
1736
1715
1737
1738
1739
1740
1741
1742
1743
1744
1750
1749
1745
1751
1752
1754
1753
1755
1746
1748
1747
1696
1756
1757
1758
1760
1759
1761
1762
1763
1766
1765
1764
1767
1769
1768
1770
1771
1773
1772
1774
1719
1775
1776
1777
1781
1778
1779
1780
1782
1785
1783
1787
1786
1784
1788
1789
1790
1791
1792
1793
1794
1795
1796
1797
1799
1800
1798
1801
1802
1806
1804
1808
1803
1807
1805
1809
1811
1810
1812
1813
1814
1815
1816
1817
1818
1822
1821
1820
1819
1827
1826
1825
1828
1823
1824
1829
1830
1831
1832
1833
1835
1834
1836
1837
1838
1841
1840
1839
1842
1847
1845
1844
1843
1848
1846
1849
1850
1851
1852
1854
1855
1853
1856
1857
1858
1861
1859
1860
1862
1864
1866
1868
1863
1867
1865
1869
1870
1872
1873
1871
1874
1875
1876
1877
1878
1879
1880
1881
1882
1884
1885
1886
1887
1889
1890
1894
1893
1892
1891
1896
1895
1897
1883
1898
1900
1901
1902
1903
1904
1905
1906
1907
1908
1911
1909
1913
1910
1912
1915
1914
1916
1917
1918
1919
1920
1921
1922
1923
1924
1925
1927
1926
1928
1931
1930
1929
1932
1933
1934
1935
1936
1937
1938
1888
1939
1941
1940
1942
1944
1943
1945
1946
1947
1948
1950
1949
1952
1953
1951
1899
1954
1955
1956
1957
1959
1960
1961
1962
1963
1964
1968
1967
1965
1966
1969
1971
1970
1972
1973
1974
1976
1975
1977
1978
1979
1980
1981
1982
1983
1985
1984
1986
1988
1987
1989
1990
1991
1992
1993
1994
1995
1996
1997
1998
1999
2000
2001
2002
2003
2004
2005
2007
2006
2008
2009
2011
2012
2010
1958
2013
2014
2015
2016
2017
2018
2019
2020
2021
2022
2023
2025
2024
2026
2027
2029
2030
2032
2028
2033
2034
2031
2035
2036
2037
2038
2039
2040
2041
2042
2044
2045
2047
2046
2048
2050
2049
2051
2053
2052
2054
2055
2056
2057
2058
2059
2061
2060
2062
2063
2064
2065
2066
2067
2068
2072
2069
2070
2071
2074
2075
2073
2077
2076
2082
2083
2084
2080
2078
2079
2081
2088
2089
2090
2091
2093
2095
2092
2096
2097
2098
2099
2094
2043
2100
2102
2101
2103
2085
2104
2105
2106
2107
2108
2109
2111
2112
2110
2113
2114
2115
2119
2118
2116
2120
2122
2125
2126
2123
2124
2127
2128
2129
2117
2131
2121
2134
2133
2135
2137
2136
2138
2139
2146
2140
2142
2143
2141
2144
2145
2147
2148
2086
2087
2149
2150
2151
2152
2154
2155
2156
2157
2158
2153
2161
2163
2160
2165
2162
2159
2166
2164
2167
2168
2169
2170
2171
2172
2173
2174
2175
2176
2178
2177
2182
2185
2179
2183
2184
2181
2132
2130
2188
2180
2186
2187
2189
2190
2191
2192
2193
2195
2196
2197
2194
2206
2198
2204
2199
2203
2208
2201
2200
2202
2205
2207
2210
2209
2211
2212
2213
2214
2215
2216
2218
2224
2219
2223
2222
2221
2225
2217
2220
2229
2226
2227
2228
2230
2231
2232
2233
2234
2235
2236
2237
2239
2238
2240
2242
2241
2246
2248
2247
2244
2252
2251
2245
2250
2253
2254
2255
2256
2243
2257
2258
2259
2260
2261
2262
2268
2265
2264
2263
2266
2267
2270
2271
2269
2273
2272
2274
2275
2276
2280
2277
2279
2278
2281
2282
2283
2285
2284
2287
2288
2291
2292
2293
2286
2289
2290
2294
2295
2249
2297
2299
2296
2298
2300
2301
2302
2304
2303
2305
2309
2307
2311
2306
2313
2308
2312
2310
2314
2315
2316
2317
2318
2319
2320
2321
2324
2323
2322
2326
2325
2328
2327
2330
2331
2329
2334
2333
2332
2335
2336
2337
2338
2339
2340
2341
2342
2344
2343
2345
2346
2347
2349
2350
2348
2351
2352
2353
2354
2355
2356
2359
2358
2357
2360
2361
2363
2362
2366
2365
2364
2367
2368
2369
2372
2370
2371
2373
2376
2374
2375
2378
2377
2379
2380
2381
2383
2382
2387
2384
2386
2388
2385
2391
2389
2390
2392
2397
2398
2393
2400
2395
2396
2399
2401
2394
2403
2404
2405
2406
2408
2407
2410
2409
2411
2412
2413
2402
2414
2415
2419
2420
2416
2421
2417
2418
2422
2424
2423
2425
2426
2429
2427
2430
2431
2428
2432
2433
2434
2437
2436
2435
2438
2439
2440
2442
2441
2444
2443
2445
2446
2447
2448
2449
2451
2450
2452
2454
2453
2456
2455
2458
2459
2461
2460
2463
2457
2464
2462
2465
2466
2467
2468
2470
2471
2469
2473
2474
2472
2475
2476
2477
2478
2480
2479
2484
2481
2483
2482
2485
2487
2486
2488
2489
2490
2491
2492
2493
2494
2496
2495
2497
2498
2500
2499
2501
2502
2504
2505
2503
2506
2507
2509
2508
2510
2511
2513
2512
2514
2515
2516
2517
2518
2519
2521
2520
2522
2524
2523
2525
2526
2527
2529
2528
2531
2530
2534
2533
2532
2535
2536
2537
2538
2539
2540
2542
2541
2543
2544
2545
2546
2548
2547
2549
2550
2551
2552
2553
2554
2555
2556
2557
2568
2563
2574
2559
2571
2577
2561
2565
2558
2569
2562
2567
2573
2564
2572
2575
2566
2576
2560
2570
2578
2582
2580
2579
2591
2585
2588
2596
2593
2586
2592
2594
2597
2590
2587
2584
2595
2581
2598
2589
2599
2583
2600
2601
2602
2606
2604
2603
2605
2609
2611
2610
2615
2612
2614
2621
2613
2616
2619
2620
2618
2617
2607
2608
2622
2624
2623
2626
2627
2628
2629
2631
2630
2634
2636
2637
2632
2635
2639
2638
2633
2640
2641
2625
2642
2644
2643
2645
2646
2647
2648
2649
2650
2653
2651
2655
2652
2654
2657
2658
2656
2660
2659
2661
2662
2663
2665
2664
2666
2667
2668
2669
2670
2671
2672
2674
2675
2673
2676
2677
2678
2679
2680
2681
2682
2683
2685
2684
2686
2687
2688
2690
2689
2691
2692
2694
2695
2693
2696
2697
2699
2700
2698
2701
2703
2702
2704
2705
2706
2707
2708
2710
2709
2712
2711
2713
2714
2715
2716
2720
2717
2718
2719
2721
2722
2723
2725
2724
2726
2727
2728
2729
2730
2731
2732
2734
2733
2735
2736
2737
2738
2741
2739
2740
2742
2744
2745
2743
2746
2747
2748
2749
2750
2751
2752
2754
2753
2755
2756
2757
2758
2760
2762
2761
2759
2765
2766
2764
2763
2767
2768
2769
2770
2771
2772
2774
2773
2775
2777
2776
2778
2781
2779
2782
2780
2783
2784
2785
2786
2787
2790
2789
2788
2792
2791
2793
2794
2795
2797
2798
2796
2799
2800
2803
2801
2804
2805
2802
2806
2807
2808
2809
2810
2812
2811
2814
2813
2815
2818
2817
2816
2819
2820
2821
2822
2824
2823
2826
2825
2828
2827
2829
2832
2830
2831
2833
2834
2835
2838
2836
2837
2839
2840
2841
2847
2842
2845
2843
2844
2846
2848
2849
2852
2855
2854
2850
2851
2856
2853
2858
2857
2859
2861
2860
2865
2868
2864
2863
2862
2867
2866
2869
2870
2871
2872
2873
2874
2876
2875
2878
2877
2879
2880
2881
2882
2884
2883
2885
2888
2886
2887
2889
2890
2891
2892
2893
2894
2895
2896
2897
2898
2899
2900
2901
2902
2903
2905
2904
2907
2906
2908
2909
2910
2911
2912
2913
2914
2916
2915
2917
2918
2919
2920
2921
2922
2923
2926
2925
2924
2928
2927
2929
2930
2931
2932
2935
2934
2933
2936
2937
2938
2939
2940
2941
2942
2943
2945
2946
2944
2947
2948
2949
2950
2951
2952
2955
2953
2956
2954
2957
2958
2959
2960
2961
2962
2963
2964
2967
2968
2966
2965
2969
2970
2971
2972
2973
2974
2975
2976
2977
2978
2980
2979
2981
2982
2983
2984
2985
2987
2986
2988
2989
2990
2991
2992
2993
2994
2995
2996
2997
3000
2998
3001
2999
3002
3003
3004
3005
3008
3007
3009
3011
3006
3010
3012
3013
3014
3015
3016
3017
3018
3019
3020
3021
3022
3023
3024
3025
3026
3027
3029
3030
3028
3031
3032
3033
3034
3035
3036
3037
3038
3039
3040
3041
3042
3043
3044
3046
3045
3048
3050
3047
3049
3051
3052
3053
3054
3055
3056
3057
3058
3059
3060
3061
3062
3063
3064
3065
3066
3068
3067
3069
3070
3071
3072
3073
3074
3075
3076
3077
3079
3078
3081
3080
3082
3083
3084
3085
3086
3087
3089
3088
3090
3091
3092
3093
3094
3095
3096
3097
3099
3101
3098
3100
3102
3103
3104
3106
3105
3107
3108
3111
3109
3110
3112
3113
3114
3115
3116
3117
3118
3120
3119
3122
3121
3123
3124
3126
3125
3127
3131
3132
3128
3129
3130
3133
3135
3136
3134
3137
3138
3139
3140
3141
3142
3143
3144
3145
3146
3147
3149
3148
3151
3153
3150
3156
3155
3154
3157
3158
3160
3159
3162
3163
3164
3166
3161
3152
3167
3171
3169
3168
3170
3174
3172
3173
3176
3177
3178
3180
3179
3182
3181
3183
3185
3184
3186
3175
3188
3189
3190
3191
3193
3192
3194
3196
3198
3195
3197
3199
3200
3204
3202
3201
3203
3205
3206
3208
3207
3209
3187
3212
3213
3216
3215
3217
3214
3218
3220
3221
3219
3222
3223
3225
3226
3227
3224
3228
3165
3229
3210
3211
3230
3231
3232
3234
3233
3235
3236
3239
3238
3237
3240
3243
3242
3241
3246
3245
3247
3244
3248
3249
3250
3251
3252
3254
3253
3255
3256
3257
3259
3258
3260
3261
3263
3262
3265
3267
3266
3269
3264
3268
3270
3271
3274
3272
3275
3273
3276
3278
3279
3280
3281
3282
3283
3285
3286
3284
3287
3288
3289
3290
3291
3292
3294
3295
3293
3296
3297
3298
3277
3299
3300
3301
3302
3303
3305
3304
3306
3307
3308
3309
3310
3312
3315
3313
3311
3314
3316
3317
3318
3319
3320
3321
3322
3323
3325
3324
3327
3326
3329
3328
3331
3330
3332
3333
3335
3337
3336
3339
3334
3338
3341
3340
3342
3343
3344
3345
3346
3347
3348
3349
3351
3350
3352
3356
3353
3355
3358
3359
3361
3357
3354
3360
3362
3363
3364
3365
3366
3368
3367
3369
3370
3371
3372
3373
3375
3376
3374
3378
3377
3379
3381
3380
3382
3383
3384
3385
3386
3387
3388
3389
3390
3391
3392
3393
3394
3395
3396
3399
3398
3401
3397
3400
3402
3403
3404
3405
3406
3407
3408
3409
3410
3411
3412
3413
3414
3415
3416
3417
3418
3421
3419
3420
3422
3423
3424
3425
3426
3427
3429
3428
3431
3430
3432
3433
3434
3440
3436
3438
3439
3435
3437
3442
3443
3444
3441
3446
3445
3448
3449
3450
3447
3451
3453
3452
3454
3455
3458
3459
3461
3457
3460
3456
3465
3462
3464
3466
3469
3470
3467
3468
3463
3471
3475
3472
3476
3474
3477
3473
3479
3481
3478
3480
3482
3483
3484
3485
3486
3494
3496
3489
3492
3488
3495
3497
3490
3493
3487
3491
3498
3499
3500
3502
3501
3503
3504
3520
3523
3515
3512
3521
3516
3524
3514
3518
3522
3519
3508
3517
3511
3509
3510
3507
3506
3505
3513
3525
3527
3526
3530
3531
3532
3533
3535
3537
3536
3534
3538
3539
3541
3544
3543
3542
3540
3545
3547
3546
3528
3529
3548
3551
3549
3550
3553
3554
3556
3552
3557
3564
3563
3561
3567
3560
3559
3562
3566
3565
3555
3570
3569
3571
3558
3568
3572
3573
3574
3575
3576
3579
3580
3586
3577
3584
3585
3582
3583
3578
3581
3590
3588
3587
3589
3591
3592
3595
3593
3594
3596
3597
3599
3598
3600
3601
3604
3605
3607
3602
3606
3610
3603
3609
3611
3608
3612
3613
3614
3616
3615
3617
3618
3619
3621
3622
3623
3620
3624
3625
3630
3631
3628
3626
3632
3627
3629
3633
3634
3635
3636
3637
3638
3639
3640
3641
3643
3644
3642
3645
3646
3648
3647
3650
3652
3649
3651
3653
3655
3654
3656
3657
3658
3659
3660
3662
3663
3664
3665
3666
3674
3667
3669
3668
3672
3670
3678
3671
3673
3676
3680
3677
3679
3675
3661
3681
3683
3682
3684
3686
3687
3689
3693
3690
3688
3691
3692
3696
3698
3697
3694
3695
3699
3701
3700
3703
3702
3704
3705
3706
3707
3712
3711
3709
3708
3710
3713
3714
3715
3718
3716
3717
3724
3720
3721
3726
3723
3719
3722
3725
3727
3729
3728
3730
3731
3732
3736
3733
3739
3734
3735
3737
3745
3740
3742
3738
3744
3743
3741
3685
3746
3747
3748
3749
3750
3751
3752
3753
3755
3754
3759
3758
3764
3756
3760
3763
3757
3762
3761
3765
3766
3768
3767
3769
3770
3771
3773
3772
3774
3775
3777
3781
3776
3783
3780
3782
3779
3778
3786
3784
3785
3788
3787
3789
3790
3791
3792
3793
3794
3795
3796
3797
3801
3798
3802
3800
3804
3803
3799
3806
3807
3808
3809
3810
3811
3805
3812
3813
3814
3815
3816
3817
3818
3819
3823
3822
3824
3827
3821
3826
3825
3828
3829
3830
3831
3832
3833
3820
3834
3835
3836
3838
3837
3839
3844
3841
3842
3840
3845
3843
3848
3846
3847
3849
3850
3851
3852
3853
3854
3855
3856
3857
3858
3859
3860
3861
3862
3864
3866
3865
3863
3867
3869
3868
3870
3871
3872
3873
3874
3875
3876
3877
3878
3879
3880
3881
3882
3883
3884
3889
3885
3886
3888
3890
3887
3891
3892
3893
3895
3894
3896
3898
3897
3899
3900
3901
3902
3904
3903
3905
3906
3909
3907
3908
3910
3911
3913
3912
3914
3915
3916
3917
3918
3919
3920
3922
3921
3923
3924
3928
3926
3929
3925
3927
3931
3933
3934
3930
3935
3932
3936
3937
3939
3938
3940
3941
3942
3943
3944
3945
3947
3948
3946
3955
3950
3951
3949
3956
3952
3953
3954
3957
3959
3958
3960
3961
3962
3963
3964
3965
3966
3968
3967
3969
3970
3972
3971
3974
3973
3977
3976
3975
3978
3980
3979
3981
3982
3984
3983
3985
3986
3987
3988
3989
3991
3990
3993
3992
3994
3996
3999
3995
3998
4002
3997
4000
4003
4001
4004
4005
4006
4007
4008
4009
4010
4012
4011
4013
4016
4014
4017
4015
4018
4019
4024
4022
4021
4023
4020
4025
4026
4028
4027
4029
4030
4031
4032
4033
4034
4035
4036
4037
4039
4040
4041
4038
4048
4043
4042
4044
4045
4046
4047
4049
4050
4051
4052
4053
4054
4055
4056
4057
4058
4059
4060
4061
4063
4062
4064
4067
4068
4066
4065
4069
4071
4072
4073
4074
4070
4075
4076
4077
4078
4079
4080
4082
4081
4086
4083
4084
4085
4087
4088
4089
4090
4091
4092
4093
4094
4095
4096
4097
4098
4100
4099
4101
4102
4103
4109
4107
4104
4105
4106
4110
4108
4112
4111
4113
4114
4115
4116
4117
4118
4119
4120
4121
4122
4123
4124
4127
4125
4128
4126
4129
4132
4131
4130
4133
4134
4135
4136
4137
4138
4139
4140
4141
4142
4144
4146
4147
4145
4148
4151
4150
4149
4153
4154
4152
4155
4156
4157
4143
4158
4159
4160
4161
4162
4163
4165
4164
4168
4166
4169
4172
4173
4171
4170
4175
4174
4176
4177
4178
4179
4180
4181
4182
4183
4184
4185
4186
4187
4189
4188
4190
4191
4192
4195
4193
4196
4197
4198
4199
4201
4202
4200
4203
4204
4205
4206
4209
4211
4208
4210
4207
4212
4214
4213
4219
4217
4218
4216
4222
4221
4220
4223
4215
4224
4225
4226
4229
4231
4227
4230
4228
4234
4233
4232
4237
4239
4235
4238
4242
4240
4241
4236
4243
4245
4244
4246
4247
4248
4250
4251
4249
4253
4252
4254
4255
4262
4259
4264
4260
4256
4266
4263
4261
4267
4265
4258
4257
4268
4269
4270
4271
4273
4272
4274
4275
4277
4276
4278
4279
4280
4284
4282
4281
4283
4288
4285
4287
4289
4290
4291
4292
4293
4294
4295
4296
4297
4298
4299
4300
4301
4302
4306
4303
4305
4308
4304
4307
4309
4310
4311
4312
4314
4313
4315
4316
4317
4318
4320
4321
4322
4325
4319
4323
4327
4326
4324
4328
4329
4331
4330
4332
4333
4334
4335
4337
4338
4339
4340
4341
4344
4345
4343
4342
4347
4349
4346
4348
4350
4353
4351
4354
4352
4355
4336
4356
4357
4358
4359
4360
4361
4364
4365
4367
4366
4369
4370
4368
4372
4371
4374
4373
4375
4376
4377
4363
4362
4378
4379
4380
4381
4382
4383
4384
4385
4387
4386
4389
4388
4391
4390
4394
4395
4396
4398
4397
4399
4400
4401
4402
4403
4392
4393
4404
4405
4406
4407
4408
4410
4409
4414
4412
4411
4416
4415
4417
4413
4418
4419
4420
4421
4423
4422
4424
4425
4426
4427
4428
4429
4432
4431
4435
4430
4434
4436
4433
4437
4438
4439
4440
4441
4442
4443
4444
4445
4446
4448
4447
4449
4451
4450
4452
4455
4458
4456
4457
4454
4453
4459
4460
4461
4462
4463
4464
4465
4466
4467
4468
4469
4470
4471
4472
4473
4474
4476
4477
4475
4479
4478
4480
4481
4482
4483
4484
4485
4486
4487
4488
4489
4490
4491
4495
4502
4494
4499
4492
4497
4505
4503
4509
4508
4493
4506
4504
4510
4498
4500
4507
4496
4501
4511
4513
4512
4514
4515
4517
4516
4519
4520
4521
4527
4518
4528
4522
4523
4529
4526
4525
4531
4524
4530
4533
4532
4534
4535
4537
4536
4539
4540
4538
4541
4547
4546
4544
4542
4545
4551
4549
4550
4548
4543
4552
4554
4553
4555
4556
4557
4558
4559
4560
4561
4562
4563
4564
4566
4571
4565
4567
4569
4570
4568
4573
4576
4574
4577
4575
4572
4578
4579
4580
4581
4582
4583
4591
4589
4587
4588
4586
4585
4584
4590
4593
4594
4595
4592
4598
4597
4599
4600
4596
4601
4602
4603
4604
4605
4606
4607
4609
4608
4610
4611
4612
4614
4613
4615
4621
4618
4617
4620
4619
4622
4616
4624
4625
4626
4627
4628
4629
4630
4631
4632
4637
4633
4634
4636
4639
4635
4642
4638
4641
4640
4644
4643
4623
4645
4646
4647
4649
4650
4651
4652
4654
4653
4657
4655
4656
4659
4662
4660
4661
4663
4658
4664
4665
4667
4648
4668
4670
4669
4671
4672
4674
4673
4675
4676
4679
4677
4678
4685
4681
4680
4687
4684
4683
4682
4686
4688
4689
4691
4690
4692
4693
4694
4695
4699
4709
4710
4666
4711
4713
4712
4696
4704
4703
4714
4708
4700
4705
4697
4706
4707
4698
4701
4702
4715
4717
4718
4716
4719
4721
4725
4723
4722
4720
4724
4727
4726
4739
4735
4731
4732
4729
4736
4737
4728
4738
4733
4734
4730
4740
4743
4742
4741
4745
4744
4746
4747
4748
4751
4755
4753
4749
4757
4752
4758
4754
4756
4760
4761
4763
4767
4762
4764
4765
4766
4768
4770
4769
4771
4773
4772
4775
4774
4777
4776
4778
4779
4785
4781
4780
4782
4783
4784
4786
4787
4791
4788
4790
4789
4792
4793
4794
4795
4796
4750
4759
4797
4798
4800
4801
4799
4802
4803
4804
4805
4806
4809
4807
4810
4811
4808
4813
4812
4814
4815
4817
4816
4822
4818
4819
4820
4823
4821
4824
4825
4826
4829
4828
4827
4830
4833
4831
4832
4834
4835
4836
4837
4838
4839
4840
4841
4843
4842
4844
4845
4846
4847
4850
4848
4849
4853
4851
4852
4854
4856
4857
4858
4859
4861
4864
4863
4862
4860
4865
4866
4867
4871
4868
4869
4870
4874
4872
4873
4875
4877
4876
4879
4878
4881
4880
4882
4884
4883
4885
4886
4889
4887
4888
4890
4891
4892
4893
4894
4895
4897
4896
4898
4901
4900
4903
4899
4902
4904
4905
4906
4908
4907
4910
4909
4911
4913
4912
4914
4915
4917
4916
4918
4921
4919
4924
4920
4923
4922
4925
4926
4927
4928
4930
4929
4931
4933
4932
4934
4935
4937
4936
4938
4939
4940
4941
4943
4945
4942
4944
4946
4947
4948
4949
4950
4952
4951
4954
4955
4956
4958
4957
4959
4960
4961
4962
4963
4964
4965
4967
4966
4968
4971
4970
4969
4973
4976
4975
4972
4974
4978
4977
4979
4980
4981
4985
4984
4982
4983
4987
4986
4988
4992
4989
4990
4991
4996
4993
4994
4995
4998
4997
4999
5001
5000
5004
5003
5002
5005
5007
5006
5008
5010
5009
5011
5012
5013
5014
5015
5016
5017
5018
5019
5020
5022
5024
5023
5025
5027
5026
5028
5029
5031
5032
5030
5035
5033
5034
5036
5037
5038
5039
5040
5041
5042
5044
5043
5045
5047
5046
5048
5049
5052
5050
5051
5053
5055
5054
5056
5057
5058
5059
5060
5061
5062
5063
5064
5065
5066
5021
5067
5068
5070
5073
5069
5071
5072
5074
5076
5075
5077
5078
5079
5082
5080
5081
5083
5084
5085
5088
5086
5087
5090
5091
5089
5095
5092
5093
5094
5096
5097
5098
5099
5100
5103
5101
5102
5104
5105
5106
5107
5108
5111
5109
5110
5115
5112
5116
5117
5114
5113
5118
5119
5123
5121
5122
5120
5124
5125
5127
5128
5126
5129
5132
5130
5131
5133
5135
5134
5137
5136
5138
5139
5142
5140
5143
5141
5144
5145
5146
5147
5149
5150
5152
5148
5153
5154
5151
5155
5156
5157
5158
5159
5160
5161
5163
5162
5164
5165
5166
5167
5168
5169
5172
5170
5176
5177
5175
5171
5174
5173
5178
5179
5180
5181
5183
5182
5184
5185
5186
5187
5188
5189
5190
5192
5191
5193
5194
5196
5195
5198
5197
5199
5200
5201
5202
5204
5205
5203
5206
5207
5208
5209
5210
5211
5212
5213
5214
5215
5217
5219
5218
5216
5220
5221
5222
5223
5224
5225
5226
5227
5228
5229
5230
5231
5232
5233
5234
5235
5236
5238
5237
5240
5241
5239
5243
5242
5244
5245
5246
5247
5248
5249
5250
5251
5252
5253
5254
5255
5256
5257
5258
5259
5260
5263
5261
5262
5264
5265
5266
5267
5268
5269
5270
5271
5272
5273
5274
5275
5276
5277
5278
5281
5279
5280
5284
5283
5282
5285
5286
5287
5288
5289
5290
5291
5292
5293
5295
5294
5297
5298
5300
5301
5299
5302
5296
5306
5303
5307
5304
5305
5309
5308
5311
5310
5312
5313
5314
5315
5316
5318
5320
5317
5319
5321
5322
5324
5323
5325
5326
5332
5328
5333
5329
5331
5330
5327
5334
5335
5336
5337
5338
5339
5340
5342
5341
5344
5343
5352
5345
5346
5347
5350
5349
5348
5355
5351
5353
5354
5356
5357
5358
5359
5360
5361
5362
5363
5364
5366
5368
5365
5369
5373
5367
5370
5372
5375
5371
5376
5374
5378
5377
5379
5381
5382
5383
5384
5385
5386
5387
5388
5393
5389
5390
5392
5395
5391
5394
5396
5398
5399
5397
5400
5401
5402
5403
5404
5405
5406
5407
5408
5409
5411
5410
5412
5413
5414
5422
5423
5421
5425
5415
5427
5418
5419
5426
5420
5416
5424
5417
5428
5429
5430
5431
5432
5434
5433
5439
5435
5441
5438
5445
5447
5436
5437
5444
5443
5440
5442
5446
5448
5449
5450
5451
5452
5453
5454
5455
5456
5457
5458
5467
5460
5468
5462
5465
5463
5469
5461
5459
5466
5464
5472
5470
5471
5473
5474
5475
5476
5480
5479
5478
5477
5481
5483
5491
5493
5485
5489
5488
5487
5484
5495
5498
5497
5494
5506
5482
5502
5492
5496
5500
5509
5503
5490
5507
5499
5501
5486
5508
5505
5504
5510
5511
5512
5513
5514
5515
5516
5518
5517
5529
5519
5524
5525
5528
5522
5520
5527
5523
5526
5521
5531
5533
5534
5535
5537
5538
5540
5539
5544
5541
5543
5547
5548
5546
5545
5530
5550
5551
5549
5542
5552
5553
5554
5555
5556
5557
5558
5532
5536
3568
4467
4459
4567
4982
5239
5264
3568
4467
4567
4459
4982
5239
5264
