6
5
9
2
8
7
4
0
3
1
11
10
12
13
14
18
19
17
16
15
20
21
22
23
24
25
26
27
28
29
30
31
32
33
34
36
37
35
38
40
39
41
43
42
44
47
45
48
51
53
49
54
55
52
50
56
57
58
59
61
60
65
62
64
63
66
67
68
69
70
71
75
72
74
73
78
76
77
79
80
81
84
82
85
83
86
89
87
88
90
91
93
92
94
95
96
100
97
99
101
98
102
103
104
105
106
108
109
110
107
111
112
113
114
115
116
117
118
120
119
123
125
122
128
127
124
126
121
129
130
131
132
134
133
137
138
135
136
139
140
141
142
143
144
145
147
146
149
148
150
151
152
154
153
155
156
159
158
157
160
161
162
164
163
165
166
168
170
167
169
171
172
174
175
173
176
178
179
180
181
182
183
184
185
186
187
188
189
190
191
193
192
194
195
196
198
197
199
201
203
202
200
205
204
206
208
207
209
210
211
212
213
217
218
214
216
215
219
220
223
222
221
224
225
226
227
229
230
228
231
232
233
235
234
236
237
238
239
240
241
242
243
246
244
245
247
248
249
253
252
250
255
257
256
254
251
258
261
259
262
265
264
266
263
268
270
269
273
271
272
267
274
275
276
277
280
278
279
282
283
281
284
285
286
287
290
288
289
291
294
293
292
295
297
296
298
299
300
301
302
303
305
304
307
306
308
309
310
311
312
313
314
315
318
317
319
321
320
322
323
324
325
326
327
328
329
331
332
333
330
334
335
336
337
338
339
340
341
343
342
345
348
346
347
344
349
350
351
352
353
354
355
357
356
358
360
359
361
362
363
365
366
367
372
368
370
371
373
374
375
376
377
378
381
386
380
385
379
382
387
384
383
388
389
391
397
396
395
393
392
398
390
394
399
400
401
402
404
405
403
407
410
409
406
408
411
412
413
414
421
415
418
419
422
420
423
425
424
426
427
435
429
434
428
431
430
433
436
432
437
438
441
440
439
444
446
443
447
445
442
448
449
455
450
451
452
454
457
453
456
458
459
460
461
462
463
466
464
465
467
468
469
470
471
472
473
474
476
475
477
478
479
480
481
482
483
484
487
485
486
489
488
491
490
494
493
492
495
496
497
499
498
501
500
502
503
504
506
507
508
511
509
510
513
515
514
516
518
517
519
520
522
521
523
525
524
526
529
527
528
531
533
532
530
534
535
538
536
537
539
540
543
542
541
545
544
546
548
547
549
551
550
552
555
554
553
557
556
558
559
560
561
562
563
564
565
566
567
569
568
570
571
572
574
573
575
576
577
578
579
580
582
581
583
585
584
586
587
591
589
593
595
588
596
590
594
592
597
599
598
601
603
602
604
605
606
600
607
608
609
610
611
613
614
615
617
616
612
618
619
620
621
622
623
624
625
626
627
631
628
630
629
632
633
634
635
637
636
641
639
640
643
644
638
645
646
647
648
650
649
653
652
651
654
655
656
657
658
659
661
663
662
664
665
666
667
668
669
670
671
672
673
674
676
675
678
680
681
682
684
683
686
685
688
687
689
690
691
692
694
693
696
695
698
699
700
701
702
703
704
707
708
709
710
711
712
714
716
717
718
719
720
721
722
723
724
725
726
727
728
729
730
732
731
733
734
736
735
737
738
739
740
741
742
745
744
743
746
747
748
749
750
751
754
752
762
760
756
764
758
753
759
763
761
757
765
767
769
768
771
774
770
772
775
776
777
778
779
781
782
783
786
787
785
784
788
789
790
792
793
795
794
796
799
800
798
802
797
801
803
804
805
806
807
808
809
810
813
812
811
814
815
816
817
818
819
823
821
822
820
824
827
826
825
828
829
830
832
831
833
834
835
836
837
838
839
840
841
843
842
844
845
848
846
849
847
850
851
852
853
854
855
858
857
856
859
861
862
863
864
866
865
868
867
871
870
869
874
875
873
872
876
877
878
879
880
881
883
885
886
882
884
887
888
889
891
890
892
894
896
897
895
898
899
900
901
902
903
904
905
906
907
908
909
910
911
913
914
915
916
917
918
919
920
924
921
925
923
927
926
929
928
922
930
931
934
933
937
932
939
935
936
940
941
938
942
943
944
945
948
947
953
951
950
954
952
955
956
957
958
959
961
964
963
965
962
960
966
967
968
969
970
971
974
975
976
972
973
977
978
979
980
982
983
984
985
987
986
989
992
988
990
993
994
995
996
1004
1006
1005
1000
999
1001
1003
997
998
1002
1007
1008
1009
1010
1011
1012
1013
1017
1014
1015
1018
1019
1020
1021
1022
1023
1024
1027
1026
1025
1028
1029
1030
1031
1033
1032
1034
1036
1038
1037
1040
1041
1042
1043
1046
1044
1045
1047
1048
1050
1049
1051
1052
1053
1054
1055
1056
1061
1057
1058
1060
1059
1063
1062
1064
1065
1067
1070
1068
1069
1074
1071
1073
1075
1072
1076
1077
1078
1079
1080
1081
1082
1083
1087
1084
1086
1085
1091
1088
1090
1093
1095
1092
1096
1097
1094
1089
1098
1099
1100
1101
1102
1105
1103
1107
1106
1108
1109
1110
1111
1112
1113
1114
1116
1118
1117
1119
1115
1120
1121
1123
1122
1124
1126
1128
1127
1134
1129
1133
1135
1132
1130
1125
1136
1137
1138
1139
1140
1141
1143
1145
1142
1144
1146
1147
1148
1149
1151
1150
1157
1153
1156
1152
1154
1155
1158
1159
1160
1161
1162
1164
1163
1170
1167
1166
1168
1171
1165
1172
1173
1175
1174
1177
1178
1182
1181
1184
1179
1183
1180
1186
1185
1188
1187
1189
1190
1191
1192
1193
1194
1195
1196
1198
1197
1199
1201
1200
1203
1204
1202
1207
1209
1208
1205
1210
1211
1212
1213
1215
1214
1216
1217
1219
1218
1220
1221
1222
1223
1224
1225
1226
1227
1228
1229
1231
1232
1230
1233
1235
1234
1236
1237
1238
1239
1241
1243
1245
1244
1246
1248
1249
1250
1251
1252
1253
1261
1254
1264
1257
1263
1255
1258
1259
1256
1262
1266
1265
1268
1267
1271
1272
1269
1274
1273
1270
1275
1276
1277
1278
1279
1280
1282
1284
1285
1283
1290
1289
1287
1291
1292
1293
1294
1295
1297
1299
1296
1298
1300
1301
1303
1304
1305
1307
1309
1308
1306
1310
1312
1313
1311
1314
1315
1316
1317
1318
1319
1325
1320
1321
1324
1327
1329
1328
1330
1331
1332
1333
1334
1335
1338
1339
1337
1342
1343
1341
1344
1345
1346
1347
1348
1349
1350
1351
1353
1354
1357
1352
1358
1359
1360
1362
1363
1364
1366
1368
1371
1367
1372
1369
1370
1373
1374
1375
1376
1377
1378
1379
1380
1381
1383
1385
1382
1386
1387
1388
1389
1390
1391
1393
1394
1397
1398
1400
1392
1399
1401
1402
1403
1404
1405
1406
1407
1408
1411
1409
1412
1413
1410
1414
1415
1416
1417
1418
1421
1422
1419
1423
1424
1427
1420
1426
1425
1431
1430
1433
1438
1439
1435
1437
1434
1432
1436
1441
1440
1442
1443
1444
1445
1447
1451
1450
1448
1446
1449
1452
1454
1453
1455
1456
1457
1458
1459
1462
1461
1460
1465
1464
1463
1466
1467
1468
1469
1470
1472
1471
1474
1475
1473
1477
1476
1478
1480
1482
1481
1483
1484
1485
1486
1487
1490
1491
1492
1493
1494
1495
1496
1497
1498
1499
1501
1502
1503
1504
1505
1506
1508
1507
1509
1511
1512
1514
1513
1515
1516
1517
1518
1519
1520
1521
1522
1523
1524
1527
1525
1528
1529
1530
1531
1532
1534
1535
1536
1537
1538
1539
1540
1479
1488
1510
1500
1542
1541
1543
1533
1544
1545
1546
1547
1548
1551
1549
1550
1553
1552
1554
1555
1557
1556
1558
1560
1559
1561
1564
1562
1566
1565
1569
1567
1570
1571
1572
1573
1575
1578
1574
1577
1580
1579
1581
1585
1583
1586
1584
1590
1582
1588
1589
1591
1587
1592
1594
1595
1596
1597
1598
1599
1600
1601
1604
1603
1602
1605
1606
1607
1608
1609
1610
1612
1611
1613
1614
1616
1615
1617
1618
1619
1620
1623
1622
1621
1624
1625
1626
1627
1628
1629
1630
1631
1634
1633
1632
1635
1637
1638
1639
1641
1640
1642
1644
1643
1645
1647
1646
1648
1653
1651
1652
1650
1654
1655
1656
1657
1659
1660
1658
1661
1663
1662
1664
1666
1665
1667
1668
1669
1670
1671
1672
1673
1677
1678
1676
1675
1679
1681
1680
1682
1683
1684
1686
1687
1685
1688
1689
1690
1691
1693
1692
1694
1697
1696
1700
1701
1702
1703
1698
1704
1705
1707
1711
1708
1712
1710
1709
1714
1718
1715
1719
1717
1720
1721
1722
1723
1724
1726
1729
1725
1728
1727
1730
1731
1732
1734
1736
1737
1739
1746
1747
1740
1738
1741
1742
1743
1745
1744
1748
1749
1750
1752
1753
1755
1758
1761
1751
1754
1759
1760
1756
1757
1762
1763
1764
1766
1768
1772
1769
1771
1770
1773
1774
1767
1775
1776
1779
1782
1781
1778
1780
1783
1777
1785
1784
1786
1787
1788
1790
1791
1794
1789
1795
1793
1792
1796
1797
1798
1799
1800
1801
1802
1803
1804
1806
1807
1805
1808
1809
1810
1811
1812
1813
1817
1814
1816
1818
1815
1821
1820
1823
1822
1824
1825
1830
1832
1831
1833
1834
1835
1829
1828
1826
1827
1836
1837
1839
1838
1842
1841
1845
1843
1846
1847
1849
1848
1850
1853
1851
1852
1854
1856
1855
1857
1859
1858
1861
1860
1862
1863
1864
1865
1868
1867
1869
1870
1871
1872
1873
1874
1875
1876
1879
1878
1881
1883
1882
1884
1885
1886
1887
1890
1888
1889
1891
1893
1894
1892
1896
1897
1898
1899
1900
1902
1901
1903
1904
1905
1906
1907
1908
1909
1910
1911
1912
1913
1914
1915
1916
1917
1920
1928
1921
1926
1923
1924
1918
1927
1919
1922
1929
1930
1931
1934
1936
1938
1935
1932
1937
1933
1939
1940
1941
1942
1943
1944
1945
1948
1950
1947
1949
1946
1951
1952
1953
1954
1955
1957
1956
1961
1962
1958
1960
1963
1959
1964
1965
1966
1967
1968
1969
1973
1974
1971
1972
1970
1975
1976
1979
1980
1981
1983
1985
1991
1989
1987
1988
1982
1984
1990
1992
1993
1994
1997
1996
1998
1999
2001
2002
2000
2003
2004
2005
2006
2007
2008
2009
2010
2011
2012
2017
2016
2018
2019
2020
2021
2022
2023
2024
2027
2025
2026
2028
2029
2030
2031
2032
2033
2034
2039
2036
2040
2038
2037
2035
2041
2043
2042
2045
2047
2046
2051
2050
2049
2052
2053
2054
2058
2057
2060
2061
2062
2063
2065
2064
2066
2070
2069
2067
2071
2073
2072
2074
2076
2077
2075
2080
2082
2079
2083
2081
2084
2085
2088
2087
2086
2089
2090
2091
2096
2092
2098
2102
2097
2101
2099
2100
2103
2104
2105
2106
2108
2110
2109
2107
2111
2115
2114
2112
2113
2116
2118
2117
2126
2127
2128
2129
2119
2130
2131
2132
2133
2135
2134
2136
2137
2139
2138
2140
2141
2142
2143
2144
2145
2146
2147
2148
2149
2150
2151
2152
2153
2154
2155
2156
2157
2120
2122
2121
2125
2123
2124
2159
2160
2161
2162
2166
2165
2172
2163
2169
2167
2171
2173
2164
2174
2175
2176
2180
2177
2178
2183
2182
2179
2184
2185
2186
2189
2187
2191
2194
2198
2190
2196
2192
2199
2158
2201
2200
2202
2203
2204
2205
2208
2206
2207
2209
2210
2212
2211
2213
2214
2215
2216
2218
2217
2219
2223
2224
2226
2222
2220
2229
2230
2231
2233
2232
2234
2238
2241
2236
2243
2242
2237
2244
2245
2246
2247
2249
2248
2250
2254
2253
2251
2252
2257
2255
2258
2259
2260
2261
2262
2264
2265
2263
2266
2267
2268
2269
2270
2271
2273
2274
2277
2276
2279
2280
2283
2282
2284
2281
2286
2290
2288
2291
2292
2293
2294
2296
2295
2297
2298
2300
2299
2301
2304
2303
2305
2306
2307
2308
2309
2312
2314
2313
2315
2311
2317
2316
2318
2319
2320
2321
2323
2322
2324
2325
2327
2328
2329
2330
2331
2332
2333
2334
2335
2336
2337
2338
2339
2340
2341
2342
2344
2343
2346
2345
2347
2348
2349
2350
2354
2353
2352
2351
2355
2356
2357
2358
2359
2360
2361
2364
2362
2363
2365
2366
2367
2368
2369
2370
2371
2372
2373
2374
2379
2376
2378
2375
2380
2377
2381
2382
2383
2384
2387
2386
2385
2392
2388
2389
2404
2399
2402
2393
2400
2403
2405
2396
2394
2395
2406
2408
2409
2414
2411
2415
2417
2419
2420
2418
2421
2422
2423
2424
2425
2427
2426
2429
2430
2428
2431
2432
2433
2434
2435
2436
2437
2441
2442
2443
2440
2444
2445
2446
2447
2448
2449
2453
2450
2454
2455
2452
2451
2456
2457
2458
2460
2461
2462
2463
2464
2465
2466
2467
2468
2469
2470
2472
2471
2473
2474
2475
2476
2477
2478
2479
2480
2481
2482
2485
2484
2483
2486
2487
2488
2489
2490
2491
2492
2493
2497
2495
2498
2496
2499
2502
2501
2503
2504
2505
2506
2508
2512
2515
2509
2510
2516
2517
2518
2519
2520
2521
2522
2523
2525
2524
2526
2527
2528
2529
2530
2533
2535
2536
2537
2539
2538
2540
2541
2542
2543
2544
2545
2546
2547
2549
2548
2550
2551
2552
2553
2554
2555
2556
2557
2558
2559
2560
2561
2562
2564
2563
2565
2566
2567
2570
2571
2572
2573
2574
2576
2575
2578
2579
2581
2580
2585
2583
2588
2584
2582
2591
2593
2592
2590
2595
2597
2594
2596
2599
2598
2600
2601
2602
2604
2603
2605
2606
2608
2607
2610
2586
2587
2612
2614
2613
2615
2617
2619
2620
2621
2622
2623
2624
2626
2627
2625
2628
2630
2629
2631
2632
2633
2634
2636
2637
2638
2639
2641
2640
2642
2643
2644
2645
2646
2650
2649
2652
2654
2655
2656
2657
2658
2659
2660
2662
2663
2661
2664
2665
2666
2667
2669
2670
2671
2673
2672
2674
2675
2676
2677
2679
2680
2681
2682
2683
2684
2687
2691
2685
2692
2694
2693
2688
2690
2689
2686
2695
2698
2697
2702
2701
2703
2700
2699
2704
2696
2705
2706
2707
2708
2714
2713
2709
2712
2715
2716
2718
2719
2720
2722
2723
2724
2726
2725
2727
2728
2729
2730
2731
2732
2739
2742
2741
2740
2733
2744
2743
2736
2745
2751
2746
2754
2752
2755
2756
2758
2759
2757
2761
2738
2762
2764
2765
2766
2767
2768
2769
2770
2750
2749
2771
2748
2773
2774
2775
2777
2776
2778
2779
2780
2781
2782
2783
2785
2784
2786
2789
2788
2790
2787
2791
2793
2792
2794
2795
2796
2797
2798
2799
2800
2801
2803
2802
2804
2805
2806
2808
2807
2809
2810
2811
2814
2815
2816
2818
2817
2821
2822
2823
2824
2825
2827
2828
2829
2831
2832
2830
2834
2835
2836
2837
2838
2813
2839
2840
2841
2842
2812
2843
2844
2845
2846
2847
2848
2850
2851
2852
2853
2854
2855
2857
2858
2859
2860
2863
2861
2866
2856
2867
2864
2869
2862
2865
2868
2870
2871
2872
2873
2874
2880
2877
2876
2879
2878
2882
2881
2883
2885
2886
2888
2890
2892
2887
2889
2893
2894
2895
2896
2899
2902
2898
2900
2901
2897
2903
2904
2905
2906
2907
2908
2912
2909
2911
2910
2913
2914
2917
2916
2919
2920
2921
2923
2924
2927
2926
2918
2925
2928
2922
2929
2930
2931
2932
2934
2935
2936
2937
2939
2943
2944
2945
2946
2947
2948
2942
2949
2940
2953
2951
2955
2956
2957
2958
2960
2950
2962
2963
2964
2965
2966
2967
2968
2969
2971
2970
2972
2973
2974
2975
2976
2933
2978
2979
2980
2981
2982
2983
2985
2984
2977
2987
2988
2989
2990
2992
2993
2986
2954
2991
2997
2999
2998
2994
2996
3000
3002
3001
3003
3005
3008
3007
3009
3010
3011
3012
3013
3015
3014
3006
3016
3018
3017
3019
3020
3021
3022
3024
3023
3025
3026
3027
3028
3030
3029
3031
3033
3034
3032
3035
3036
3039
3040
3048
3045
3050
3047
3042
3049
3044
3046
3051
3041
3052
3053
3056
3063
3057
3059
3064
3058
3062
3054
3065
3066
3067
3069
3068
3070
3071
3072
3073
3074
3075
3076
3077
3078
3079
3084
3083
3082
3086
3081
3087
3080
3088
3090
3089
3092
3093
3098
3097
3094
3095
3099
3096
3101
3100
3102
3103
3108
3105
3112
3106
3113
3104
3107
3109
3114
3115
3117
3116
3120
3122
3118
3123
3121
3119
3124
3125
3126
3127
3129
3128
3130
3133
3132
3131
3136
3135
3138
3137
3139
3142
3143
3145
3146
3141
3144
3147
3148
3140
3149
3150
3151
3153
3156
3154
3152
3155
3159
3161
3158
3163
3164
3166
3167
3171
3174
3172
3169
3168
3173
3175
3176
3177
3178
3179
3180
3181
3182
3185
3184
3183
3187
3186
3188
3189
3190
3193
3191
3197
3196
3198
3194
3200
3201
3202
3203
3204
3205
3206
3207
3209
3208
3212
3211
3214
3217
3218
3219
3220
3221
3223
3222
3226
3227
3224
3228
3229
3230
3231
3232
3233
3235
3236
3237
3239
3240
3241
3242
3243
3244
3245
3246
3249
3248
3253
3250
3247
3254
3258
3256
3259
3260
3261
3266
3264
3263
3262
3269
3270
3267
3271
3272
3274
3275
3276
3278
3277
3279
3283
3280
3281
3282
3285
3288
3289
3291
3295
3294
3292
3293
3284
3296
3297
3298
3299
3300
3301
3302
3303
3304
3305
3307
3306
3308
3313
3286
3322
3319
3315
3309
3316
3321
3323
3314
3310
3324
3332
3326
3329
3331
3328
3325
3330
3327
3333
3334
3336
3348
3335
3342
3339
3341
3338
3344
3340
3352
3350
3351
3353
3358
3354
3355
3356
3359
3360
3361
3362
3363
3367
3368
3366
3371
3365
3369
3372
3374
3375
3376
3379
3381
3380
3378
3387
3383
3385
3389
3390
3391
3392
3393
3394
3395
3396
3398
3397
3399
3400
3401
3402
3403
3404
3405
3406
3407
3408
3411
3412
3413
3414
3415
3416
3417
3418
3419
3420
3426
3421
3423
3422
3427
3428
3429
3431
3430
3432
3433
3434
3435
3436
3437
3439
3438
3440
3441
3442
3443
3446
3444
3445
3447
3449
3450
3451
3452
3455
3457
3458
3463
3464
3459
3460
3461
3465
3462
3466
3467
3471
3469
3476
3477
3470
3475
3473
3478
3480
3481
3483
3482
3484
3486
3488
3490
3487
3485
3491
3493
3494
3495
3496
3500
3498
3497
3501
3502
3503
3504
3507
3508
3506
3510
3511
3512
3513
3516
3515
3514
3520
3521
3523
3524
3525
3526
3528
3527
3529
3530
3532
3531
3533
3535
3536
3537
3539
3538
3541
3542
3543
3545
3544
3546
3547
3549
3548
3550
3551
3553
3554
3555
3556
3557
3559
3560
3565
3564
3563
3568
3567
3569
3572
3570
3571
3573
3574
3577
3576
3578
3579
3582
3581
3575
3517
3479
3540
3561
3492
3505
3552
3583
3584
3588
3585
3589
3599
3590
3595
3598
3596
3597
3593
3600
3602
3604
3603
3605
3610
3606
3612
3621
3616
3613
3617
3608
3611
3620
3619
3614
3615
3622
3624
3627
3625
3626
3630
3631
3628
3632
3629
3633
3634
3635
3636
3638
3639
3644
3640
3645
3642
3646
3648
3649
3650
3651
3652
3656
3654
3657
3655
3658
3659
3660
3661
3662
3663
3664
3666
3668
3667
3669
3670
3671
3672
3674
3673
3675
3678
3679
3676
3680
3682
3683
3684
3685
3686
3687
3688
3692
3693
3690
3694
3695
3696
3699
3698
3700
3703
3704
3702
3705
3706
3707
3710
3711
3712
3713
3714
3717
3715
3718
3716
3719
3720
3721
3722
3723
3725
3726
3727
3728
3732
3731
3730
3733
3734
3735
3736
3737
3738
3739
3741
3740
3742
3746
3745
3743
3747
3748
3749
3752
3753
3754
3755
3756
3757
3758
3759
3760
3761
3762
3763
3764
3765
3766
3767
3768
3771
3773
3774
3775
3776
3777
3778
3779
3781
3780
3782
3783
3784
3785
3786
3788
3787
3790
3791
3793
3794
3795
3797
3798
3799
3801
3803
3804
3805
3806
3807
3811
3810
3814
3809
3812
3815
3817
3808
3813
3816
3818
3819
3820
3822
3830
3827
3829
3823
3828
3821
3831
3833
3832
3835
3837
3834
3838
3836
3840
3839
3841
3842
3843
3845
3846
3848
3847
3849
3850
3852
3853
3854
3855
3856
3857
3859
3858
3862
3861
3860
3863
3864
3865
3866
3867
3869
3870
3872
3871
3874
3873
3876
3875
3877
3878
3879
3880
3881
3883
3882
3884
3885
3886
3887
3888
3889
3890
3891
3892
3894
3893
3897
3896
3895
3900
3901
3902
3903
3904
3905
3906
3909
3907
3908
3910
3911
3912
3913
3914
3915
3917
3920
3918
3921
3919
3922
3924
3925
3926
3928
3927
3930
3931
3932
3929
3933
3936
3938
3939
3940
3942
3946
3947
3948
3944
3943
3949
3950
3952
3954
3955
3957
3963
3961
3962
3959
3965
3966
3964
3967
3969
3973
3970
3971
3974
3975
3979
3977
3978
3980
3981
3982
3983
3984
3988
3987
3992
3991
3993
3990
3994
3995
3996
3997
4001
4003
4002
4005
3999
4004
4006
4007
4008
4009
4010
4011
4012
4013
4016
4015
4014
4017
4018
4019
4020
4021
4023
4024
4025
4026
4027
4029
4028
4031
4032
4033
4034
4039
4035
4038
4036
4040
4041
4042
4043
4044
4045
4047
4046
4055
4052
4048
4049
4056
4053
4054
4050
4051
4058
4061
4062
4059
4066
4067
4060
4064
4065
4068
4070
4071
4072
4074
4073
4076
4078
4077
4079
4075
4080
4081
4082
4083
4084
4085
4089
4086
4088
4087
4090
4091
4093
4094
4095
4096
4097
4098
4099
4100
4102
4101
4103
4104
4107
4108
4109
4105
4111
4110
4112
4113
4114
4115
4116
4117
4119
4120
4122
4121
4123
4124
4125
4127
4126
4128
4129
4130
4133
4135
4134
4136
4139
4140
4138
4137
4143
4142
4144
4146
4145
4148
4147
4153
4154
4155
4158
4149
4156
4164
4159
4163
4162
4166
4167
4165
4170
4168
4169
4172
4171
4178
4181
4174
4173
4175
4176
4177
4180
4182
4184
4185
4183
4186
4188
4189
4190
4187
4192
4193
4194
4195
4196
4198
4199
4200
4202
4203
4205
4204
4206
4207
4208
4209
4210
4211
4214
4212
4215
4213
4216
4217
4218
4219
4221
4222
4223
4226
4225
4224
4227
4228
4230
4229
4231
4232
4233
4234
4238
4235
4236
4237
4239
4240
4241
4242
4243
4244
4246
4247
4248
4245
4253
4254
4255
4250
4252
4256
4257
4265
4264
4261
4260
4259
4263
4258
4262
4266
4267
4268
4272
4271
4269
4270
4275
4283
4281
4280
4276
4278
4284
4273
4274
4282
4279
4285
4286
4287
4294
4290
4292
4289
4288
4293
4291
4296
4295
4298
4301
4303
4307
4302
4299
4305
4304
4310
4309
4308
4311
4312
4314
4316
4313
4315
4317
4319
4318
4320
4321
4322
4323
4325
4329
4324
4327
4326
4330
4332
4334
4335
4336
4337
4338
4341
4339
4340
4342
4343
4344
4345
4346
4347
4348
4349
4350
4351
4352
4354
4355
4353
4356
4358
4357
4360
4359
4361
4363
4362
4368
4364
4367
4369
4370
4371
4373
4374
4375
4376
4377
4378
4380
4379
4381
4384
4383
4382
4385
4387
4391
4390
4393
4394
4392
4395
4396
4397
4398
4399
4404
4402
4400
4403
4405
4401
4407
4406
4409
4408
4410
4411
4414
4417
4412
4415
4420
4419
4421
4422
4423
4424
4425
4426
4427
4428
4432
4431
4434
4433
4436
4437
4439
4440
4429
4430
4441
4444
4446
4445
4448
4449
4450
4451
4452
4455
4454
4453
4457
4456
4458
4459
4460
4462
4461
4463
4466
4465
4467
4468
4469
4470
4471
4472
4473
4474
4476
4478
4479
4480
4481
4482
4483
4484
4486
4487
4488
4489
4492
4490
4491
4493
4494
4495
4496
4497
4498
4502
4503
4499
4500
4504
4505
4506
4507
4508
4509
4513
4511
4510
4512
4515
4518
4516
4514
4519
4520
4522
4521
4526
4523
4525
4528
4530
4536
4534
4529
4527
4535
4533
4532
4531
4537
4538
4539
4541
4542
4545
4543
4547
4540
4544
4548
4550
4551
4552
4553
4556
4559
4560
4557
4562
4558
4561
4563
4564
4567
4568
4578
4576
4579
4573
4570
4574
4580
4571
4583
4584
4585
4587
4593
4589
4594
4588
4586
4592
4595
4596
4597
4599
4600
4601
4603
4609
4607
4602
4604
4610
4614
4615
4616
4618
4619
4620
4624
4621
4623
4626
4628
4625
4622
4629
4630
4631
4634
4641
4632
4639
4635
4636
4633
4642
4638
4643
4647
4648
4656
4655
4646
4654
4657
4650
4653
4652
4659
4660
4662
4664
4665
4667
4668
4670
4671
4669
4672
4674
4673
4675
4676
4679
4678
4682
4683
4680
4684
4685
4686
4687
4688
4689
4693
4691
4700
4695
4692
4699
4698
4701
4702
4704
4706
4711
4708
4707
4709
4713
4710
4712
4714
4715
4716
4718
4717
4722
4719
4723
4725
4724
4721
4727
4726
4728
4729
4730
4731
4734
4735
4739
4738
4737
4736
4740
4741
4742
4743
4744
4750
4745
4748
4747
4752
4751
4746
4753
4754
4755
4757
4758
4756
4763
4762
4760
4759
4761
4764
4765
4766
4768
4772
4769
4771
4767
4770
4774
4773
4775
4776
4777
4779
4781
4787
4788
4786
4784
4790
4785
4780
4791
4793
4794
4795
4796
4799
4798
4802
4803
4801
4800
4804
4805
4806
4807
4809
4814
4817
4816
4815
4818
4811
4810
4819
4820
4821
4824
4825
4828
4827
4833
4829
4832
4834
4835
4836
4837
4838
4839
4840
4841
4846
4850
4842
4844
4848
4851
4852
4853
4854
4855
4856
4858
4861
4857
4859
4865
4862
4871
4875
4863
4867
4874
4872
4870
4869
4879
4886
4884
4883
4885
4878
4880
4876
4877
4882
4887
4888
4890
4889
4893
4897
4892
4895
4898
4894
4899
4900
4901
4903
4904
4905
4906
4910
4909
4908
4911
4912
4913
4914
4915
4916
4921
4918
4917
4920
4919
4922
4923
4926
4927
4931
4928
4933
4932
4930
4934
4936
4938
4939
4941
4942
4935
4944
4940
4925
4943
4946
4945
4947
4948
4949
4950
4951
4956
4953
4952
4955
4954
4960
4961
4957
4963
4964
4966
4965
4968
4967
4969
4970
4972
4973
4975
4976
4977
4978
4980
4981
4979
4982
4983
4984
4986
4987
4988
4989
4990
4991
4992
4993
4994
4995
4996
4997
4998
4999
5000
5001
5002
5003
5006
5005
5009
5008
5010
5011
5013
5012
5015
5016
5018
5019
5021
5023
5020
5022
5027
5028
5029
5030
5031
5025
5034
5033
5032
5035
5036
5037
5038
5040
5039
5041
5042
5044
5043
5045
5046
5047
5050
5049
5048
5051
5052
5053
5055
5056
5057
5058
5060
5059
5061
5063
5064
5065
5066
5067
5068
5069
5070
5074
5076
5075
5077
5078
5079
5080
5081
5082
5083
5084
5086
5085
5087
5088
5089
5090
5092
5093
5094
5095
5096
5097
5098
5099
5100
5103
5101
5102
5107
5105
5108
5106
5109
5110
5111
5112
5114
5113
5115
5117
5118
5116
5122
5121
5123
5127
5125
5126
5128
5131
5130
5129
5134
5132
5135
5136
5137
5148
5143
5147
5146
5141
5150
5142
5140
5149
5145
5151
5152
5153
5157
5156
5159
5155
5160
5158
5154
5161
5162
5165
5166
5168
5169
5171
5167
5172
5173
5174
5170
5177
5179
5183
5185
5186
5184
5181
5187
5188
5190
5189
5193
5191
5194
5195
5196
5198
5197
5199
5200
5201
5203
5205
5206
5202
5207
5209
5208
5210
5204
5211
5212
5216
5214
5220
5219
5217
5223
5221
5222
5225
5227
5226
5228
5229
5233
5232
5231
5230
5234
5235
5237
5239
5240
5241
5242
5243
5244
5236
5245
5246
5247
5248
5249
5251
5253
5218
5252
5250
5255
5256
5257
5259
5258
5260
5261
5264
5263
5262
5265
5268
5269
5270
5271
5273
5276
5275
5277
5274
5278
5280
5282
5283
5284
5285
5288
5287
5286
5291
5289
5294
5295
5296
5298
5297
5299
5300
5301
5304
5303
5305
5302
5306
5307
5310
5309
5308
5312
5313
5272
5314
5316
5319
5318
5317
5321
5320
5322
5323
5324
5325
5326
5327
5329
5330
5332
5333
5334
5340
5342
5341
5337
5338
5336
5339
5345
5346
5343
5311
5347
5315
5350
5344
5349
5352
5353
5354
5351
5356
5357
5360
5358
5359
5361
5362
5363
5364
5365
5366
5367
5369
5368
5370
5371
5374
5372
5373
5375
5376
5378
5377
5379
5381
5380
5383
5382
5384
5385
5348
5386
5388
5389
5390
5391
5393
5394
5395
5396
5398
5400
5399
5401
5402
5403
5405
5404
5406
5408
5407
5409
5416
5418
5415
5410
5417
5412
5419
5414
5413
5420
5423
5422
5432
5429
5424
5431
5427
5421
5430
5425
5433
5434
5437
5436
5441
5438
5440
5435
5439
5442
5443
5444
5445
5447
5448
5454
5449
5456
5455
5450
5457
5459
5458
5460
5461
5462
5465
5464
5467
5466
5463
5468
5469
5471
5472
5475
5473
5476
5474
5478
5477
5479
5481
5480
5482
5483
5484
5489
5485
5487
5493
5491
5488
5492
5490
5494
5495
5496
5497
5499
5503
5501
5506
5505
5500
5508
5502
5509
5507
5512
5511
5514
5515
5516
5519
5520
5521
5523
5522
5531
5524
5526
5527
5532
5533
5529
5528
5535
5537
5536
5538
5539
5540
5542
5543
5544
5545
5546
5547
5548
5549
5510
5551
5550
5513
5553
5554
5552
5556
5558
5557
5555
5559
5561
5560
5563
5562
5565
5567
5564
5568
5570
5569
5573
5572
5577
5578
5581
5579
5583
5580
5584
5585
5586
5587
5589
5588
5591
5590
5592
5593
5594
5595
5597
5596
5598
5599
5600
5601
5602
5604
5606
5605
5608
5607
5574
5575
5576
5611
5610
5612
5615
5617
5618
5619
5620
5613
5621
5614
5622
5623
5624
5627
5628
5629
5626
5630
5632
5634
5631
5633
5635
5638
5637
5639
5640
5641
5643
5642
5644
5645
5646
5649
5650
5652
5648
5651
5653
5654
5656
5657
5655
5658
5659
5661
5660
5663
5664
5665
5668
5666
5667
5669
5671
5672
5670
5674
5675
5676
5686
5677
5685
5689
5678
5683
5684
5688
5679
5692
5690
5693
5694
5699
5691
5697
5696
5698
5695
5702
5703
5704
5705
5706
5707
5711
5709
5712
5710
5713
5715
5716
5717
5718
5720
5721
5723
5724
5722
5725
5726
5727
5728
5729
5730
5733
5736
5735
5737
5734
5738
5739
5741
5740
5742
5743
5744
5745
5746
5749
5747
5748
5751
5750
5754
5755
5756
5757
5758
5759
5761
5760
5762
5763
5764
5766
5767
5770
5772
5774
5773
5771
5776
5777
5768
5769
5778
5779
5781
5780
5782
5775
5783
5784
5786
5787
5788
5789
5790
5792
5794
5791
5795
5797
5798
5796
5799
5800
5801
5803
5802
5804
5806
5805
5807
5808
5810
5809
5811
5814
5813
5812
5815
5818
5816
5817
5819
5820
5822
5823
5824
5821
5827
5828
5829
5826
5832
5833
5835
5836
5830
5831
5837
5839
5838
5840
5842
5843
5841
5844
5845
5846
5847
5848
5850
5851
5852
5854
5855
5853
5856
5857
5858
5859
5860
5861
5862
5864
5865
5863
5866
5867
5868
5869
5870
5871
5872
5875
5873
5874
5876
5877
5883
5881
5878
5879
5884
5887
5886
5888
5889
5890
5891
5892
5893
5894
5895
5896
5898
5897
5899
5901
5903
5905
5906
5904
5909
5911
5913
5912
5908
5915
5914
5917
5918
5916
5921
5923
5922
5924
5925
5927
5926
5928
5929
5930
5931
5932
5934
5933
5935
5936
5937
5940
5938
5943
5944
5947
5946
5945
5948
5949
5950
5951
5963
5959
5957
5958
5964
5960
5962
5953
5961
5965
5966
5967
5968
5969
5972
5970
5971
5974
5973
5975
5976
5977
5978
5979
5982
5981
5984
5980
5983
5985
5988
5989
5990
5992
5993
5996
5995
6000
6001
5998
6003
5997
6002
6005
6006
6008
6010
6011
6016
6015
6014
6018
6012
6017
6019
6020
6023
6022
6024
6025
6026
6030
6028
6027
6033
6034
6035
6036
6037
6039
6038
6041
6043
6042
6044
6045
6047
6046
6048
6049
6050
6051
6052
6053
6055
6057
6059
6058
6060
6061
6062
6063
6066
6064
6065
6067
6068
6069
6070
6071
6072
6074
6078
6077
6075
6079
6080
6081
6082
6083
6085
6086
6089
6087
6088
6090
6092
6091
6093
6094
6096
6099
6098
6100
6101
6102
6103
6105
6104
6106
6107
6108
6109
6111
6112
6113
6114
6116
6115
6119
6120
6121
6122
6123
6124
6125
6126
6129
6128
6127
6130
6131
6132
6133
6134
6135
6136
6137
6140
6139
6141
6142
6147
6143
6146
6145
6149
6152
6151
6150
6153
6154
6155
6156
6158
6157
6159
6160
6163
6161
6162
6164
6167
6169
6171
6174
6172
6176
6179
6180
6178
6177
6181
6183
6184
6188
6189
6190
6187
6185
6194
6195
6197
6201
6202
6191
6193
6203
6204
6205
6207
6206
6208
6210
6211
6214
6213
6217
6216
6220
6218
6221
6222
6223
6212
6225
6226
6228
6227
6230
6232
6234
6236
6235
6238
6239
6240
6242
6243
6247
6249
6244
6250
6251
6252
6253
6255
6257
6258
6260
6261
6259
6262
6263
6265
6267
6269
6266
6268
6272
6270
6273
6275
6274
6276
6277
6278
6279
6280
6284
6283
6288
6289
6282
6281
6287
6285
6286
6291
6290
6294
6293
6295
6296
6298
6297
6299
6300
6301
6302
6303
6304
6305
6308
6307
6309
6306
6310
6313
6315
6317
6316
6318
6314
6320
6319
6322
6324
6321
6325
6323
6326
6328
6327
6329
6311
6331
6312
6332
6334
6335
6336
6337
6338
6339
6341
6343
6345
6344
6346
6347
6348
6349
6350
6351
6352
6354
6355
6353
6333
6356
6358
6357
6360
6362
6364
6365
6340
6366
6363
6367
6368
6370
6371
6372
6373
6369
6375
6376
6378
6377
6381
6379
6380
6382
6385
6384
6386
6387
6390
6388
6392
6394
6395
6391
6396
6397
6398
6400
6401
6399
6405
6402
6403
6404
6406
6409
6410
6411
6412
6407
6416
6417
6420
6419
6425
6422
6423
6418
6415
6426
6429
6431
6430
6433
6435
6436
6438
6440
6439
6437
6441
6443
6444
6445
6442
6446
6447
6449
6421
6450
6451
6453
6455
6459
6457
6458
6452
6460
6461
6462
6465
6464
6466
6469
6468
6470
6472
6471
6473
6474
6475
6477
6479
6478
6481
6482
6480
6484
6485
6486
6456
6487
6488
6490
6492
6494
6495
6489
6496
6498
6499
6501
6503
6504
6505
6508
6510
6506
6511
6509
6514
6512
6507
6517
6515
6516
6518
6520
6519
6521
6526
6525
6527
6528
6529
6531
6530
6532
6535
6523
6538
6537
6539
6533
6536
6524
6534
6522
6541
6543
6549
6546
6544
6547
6542
6545
6548
6540
6551
6550
6552
6556
6553
6559
6554
6555
6557
6558
6560
6561
6562
6563
6564
6566
6570
6572
6571
6573
6574
6575
6576
6577
6578
6579
6580
6585
6584
6583
6586
6582
6588
6587
6591
6590
6594
6596
6595
6603
6597
6598
6601
6602
6604
6605
6606
6607
6608
6609
6611
6613
6612
6610
6614
6616
6615
6617
6618
6619
6620
6621
6624
6627
6625
6623
6622
6628
6629
6630
6635
6634
6636
6637
6638
6640
6641
6642
6639
6643
6644
6645
6646
6647
6648
6653
6649
6651
6652
6650
6654
6657
6655
6656
6659
6660
6661
6663
6664
6665
6669
6667
6668
6670
6671
6673
6675
6679
6677
6674
6682
6676
6678
6681
6680
6684
6685
6686
6688
6687
6693
6696
6689
6690
6691
6694
6697
6699
6698
6700
6703
6701
6706
6704
6705
6707
6702
6709
6708
6710
6715
6719
6717
6720
6721
6718
6714
6724
6723
6725
6726
6728
6730
6727
6731
6729
6733
6734
6736
6737
6739
6743
6744
6738
6741
6745
6742
6740
6746
6749
6752
6753
6755
6754
6756
6757
6759
6758
6711
6760
6761
6762
6764
6763
6767
6769
6766
6768
6770
6771
6772
6773
6775
6777
6774
6778
6779
6780
6782
6783
6781
6786
6787
6788
6790
6789
6791
6792
6793
6796
6795
6794
6797
6798
6799
6800
6801
6802
6803
6805
6807
6808
6806
6809
6811
6813
6812
6810
6815
6816
6817
6818
6814
6819
6820
6822
6821
6824
6826
6831
6828
6829
6830
6832
6835
6834
6838
6837
6833
6839
6843
6842
6841
6840
6845
6844
6847
6846
6848
6849
6851
6850
6853
6852
6854
6858
6855
6857
6859
6860
6861
6864
6862
6865
6866
6867
6868
6870
6869
6871
6872
6874
6873
6875
6876
6877
6878
6879
6880
6881
6882
6883
6887
6889
6884
6888
6901
6897
6899
6894
6896
6898
6902
6892
6890
6893
6903
6907
6909
6908
6910
6914
6912
6905
6911
6904
6915
6917
6916
6918
6919
6921
6920
6925
6924
6923
6926
6927
6929
6928
6930
6933
6934
6932
6935
6931
6938
6936
6941
6939
6943
6944
6946
6945
6949
6948
6950
6953
6951
6952
6954
6955
6957
6958
6959
6961
6962
6964
6965
6966
6968
6967
6970
6972
6971
6973
6974
6975
6976
6977
6978
6979
6981
6982
6983
6984
6985
6986
6987
6988
6990
6989
6991
6992
6994
6996
6997
6993
6998
6999
7001
7000
7002
7003
7004
7007
7005
7006
7008
7009
7010
7012
7011
7013
7014
7017
7018
7019
7015
7021
7022
7020
7024
7023
7025
7026
7029
7027
7028
7030
7032
7031
7037
7035
7034
7036
7039
7041
7040
7042
7043
7046
7045
7050
7047
7044
7052
7053
7054
7055
7056
7057
7058
7059
7060
7062
7061
7063
7064
7065
7066
7067
7068
7069
7070
7071
7072
7073
7076
7075
7074
7078
7079
7080
7081
7083
7084
7085
7086
7087
7089
7091
7092
7093
7095
7096
7097
7098
7099
7101
7100
7103
7102
7104
7105
7106
7107
7108
7109
7110
7111
7112
7113
7114
7115
7118
7116
7119
7124
7123
7128
7126
7129
7132
7133
7134
7135
7136
7137
7138
7139
7140
7142
7144
7145
7146
7147
7148
7149
7150
7151
7152
7153
7155
7154
7156
7157
7158
7160
7159
7161
7162
7163
7165
7164
7166
7167
7172
7169
7168
7173
7174
7175
7177
7178
7179
7180
7186
7185
7181
7182
7184
7183
7188
7189
7190
7191
7192
7196
7197
7198
7195
7199
7200
7204
7201
7205
7208
7202
7206
7209
7203
7207
7210
7214
7212
7217
7215
7219
7218
7216
7222
7223
7220
7224
7225
7226
7228
7235
7236
7230
7231
7227
7229
7239
7237
7238
7240
7243
7245
7242
7249
7248
7246
7247
7251
7252
7250
7254
7253
7255
7256
7260
7257
7262
7258
7261
7259
7263
7265
7264
7266
7272
7267
7269
7268
7273
7270
7275
7277
7279
7278
7284
7283
7282
7290
7288
7286
7285
7280
7291
7292
7293
7299
7297
7302
7298
7296
7303
7295
7294
7300
7304
7305
7306
7310
7311
7308
7314
7315
7309
7312
7316
7307
7318
7320
7319
7322
7327
7324
7325
7321
7328
7326
7329
7330
7331
7333
7334
7332
7338
7336
7339
7341
7340
7342
7343
7344
7346
7348
7347
7351
7349
7350
7352
7353
7354
7355
7356
7359
7357
7360
7363
7362
7365
7361
7364
7366
7367
7368
7369
7370
7371
7376
7378
7372
7373
7379
7380
7381
7382
7383
7384
7385
7386
7387
7388
7389
7391
7393
7392
7396
7395
7398
7401
7400
7397
7402
7403
7406
7405
7404
7407
7408
7410
7412
7411
7413
7414
7418
7415
7419
7416
7417
7420
7421
7422
7423
7424
7426
7429
7425
7428
7427
7431
7432
7430
7433
7434
7435
7442
7436
7443
7444
7447
7446
7448
7449
7450
7451
7453
7454
7455
7456
7457
7459
7458
7460
7461
7463
7462
7464
7465
7466
7467
7470
7468
7471
7474
7472
7473
7475
7479
7476
7477
7481
7482
7483
7484
7488
7485
7494
7493
7490
7492
7495
7496
7497
7498
7499
7500
7503
7501
7502
7506
7509
7504
7505
7510
7507
7511
7512
7515
7513
7514
7516
7518
7521
7517
7519
7520
7522
7523
7524
7525
7526
7528
7527
7530
7531
7529
7534
7533
7535
7536
7537
7538
7540
7539
7543
7542
7541
7544
7547
7545
7548
7549
7552
7550
7555
7553
7554
7551
7558
7556
7557
7559
7560
7561
7562
7564
7566
7572
7571
7563
7568
7570
7569
7567
7573
7574
7576
7575
7577
7578
7579
7581
7582
7580
7583
7584
7585
7586
7587
7588
7590
7592
7593
7594
7591
7595
7600
7601
7599
7602
7604
7603
7607
7606
7605
7609
7611
7610
7612
7608
7613
7615
7616
7618
7623
7619
7617
7622
7620
7621
7624
7625
7626
7627
7628
7629
7633
7630
7631
7632
7634
7635
7636
7638
7639
7641
7643
7644
7645
7646
7647
7648
7649
7650
7651
7654
7655
7656
7657
7658
7660
7659
7661
7662
7663
7664
7665
7666
7667
7668
7670
7669
7672
7671
7674
7673
7677
7676
7678
7679
7680
7681
7683
7684
7685
7688
7687
7686
7689
7690
7692
7693
7695
7696
7697
7698
7699
7700
7701
7703
7702
7704
7705
7706
7707
7709
7708
7710
7712
7714
7715
7713
7717
7716
7718
7721
7719
7720
7722
7723
7724
7726
7725
7727
7729
7731
7728
7730
7733
7732
7734
7736
7735
7737
7738
7739
7741
7740
7743
7742
7745
7747
7744
7746
7748
7750
7752
7751
7753
7754
7755
7756
7758
7757
7759
7760
7761
7762
7763
7764
7765
7766
7769
7770
7768
7771
7773
7772
7774
7775
7776
7777
7779
7780
7781
7782
7783
7784
7785
7786
7787
7789
7788
7790
7791
7792
7793
7794
7796
7798
7795
7799
7800
7801
7804
7807
7808
7810
7812
7809
7811
7813
7815
7816
7817
7818
7819
7820
7821
7825
7822
7826
7828
7827
7823
7829
7831
7830
7832
7833
7834
7835
7839
7838
7836
7837
7840
7841
7842
7844
7843
7845
7849
7848
7847
7852
7851
7850
7846
7855
7853
7854
7858
7856
7857
7859
7860
7862
7864
7868
7872
7873
7874
7875
7876
7877
7879
7878
7880
7882
7883
7881
7884
7885
7886
7887
7890
7891
7893
7892
7888
7889
7894
7897
7896
7895
7901
7898
7902
7899
7900
7904
7905
7907
7912
7908
7906
7909
7914
7910
7913
7911
7916
7915
7917
7921
7918
7919
7926
7927
7929
7928
7930
7931
7932
7923
7922
7925
7924
7933
7934
7937
7936
7935
7938
7939
7940
7943
7942
7944
7947
7945
7946
7948
7949
7950
7951
7952
7954
7953
7956
7957
7958
7960
7959
7961
7962
7964
7965
7963
7966
7967
7969
7970
7971
7972
7973
7974
7977
7976
7978
7979
7980
7981
7982
7983
7985
7986
7987
7988
7989
7990
7991
7992
7994
7995
7993
7996
7997
7998
7999
8000
8001
8002
8003
8006
8005
8004
8008
8009
8011
8010
8012
8013
8014
8015
8017
8019
8018
8021
8020
8023
8022
8024
8025
8026
8028
8030
8031
8032
8033
8034
8035
8036
8037
8038
8042
8040
8039
8043
8044
8045
8046
8047
8048
8049
8050
8052
8051
8053
8054
8055
8056
8057
8058
8059
8060
8062
8061
8063
8064
8065
8066
8067
8068
8069
8070
8072
8071
8073
8077
8076
8081
8080
8083
8082
8075
8078
8079
8074
8084
8085
8088
8089
8087
8094
8093
8090
8092
8091
8095
8096
8097
8098
8099
8101
8105
8102
8103
8106
8104
8109
8108
8110
8112
8113
8114
8115
8118
8121
8123
8117
8124
8119
8116
8122
8125
8127
8126
8128
8129
8130
8133
8137
8131
8135
8140
8138
8139
8141
8144
8145
8146
8147
8149
8148
8151
8152
8150
8153
8154
8155
8156
8157
8158
8159
8163
8166
8160
8170
8161
8167
8162
8169
8165
8168
8174
8176
8173
8172
8175
8177
8180
8179
8178
8171
8181
8183
8182
8188
8184
8186
8187
8189
8190
8185
8191
8192
8193
8194
8196
8195
8202
8198
8204
8203
8197
8205
8206
8207
8208
8209
8212
8213
8211
8210
8217
8216
8215
8218
8219
8220
8222
8223
8221
8225
8226
8227
8224
8228
8230
8229
8231
8232
8233
8234
8236
8237
8238
8241
8242
8239
8235
8240
8243
8246
8245
8251
8250
8252
8255
8257
8249
8259
8248
8260
8258
8256
8261
8262
8263
8265
8267
8266
8269
8270
8268
8264
8271
8273
8274
8275
8276
8279
8282
8284
8278
8277
8280
8281
8286
8285
8287
8288
8289
8292
8290
8291
8297
8294
8293
8296
8295
8298
8299
8301
8303
8306
8307
8305
8309
8308
8310
8311
8312
8313
8314
8315
8317
8316
8318
8320
8319
8323
8321
8324
8322
8325
8326
8327
8328
8329
8330
8332
8331
8337
8339
8336
8340
8341
8342
8343
8344
8345
8346
8349
8347
8348
8350
8352
8351
8353
8354
8355
8356
8357
8358
8359
8360
8361
8363
8364
8362
8365
8366
8367
8368
8369
8370
8371
8375
8377
8374
8378
8372
8376
8379
8381
8382
8383
8384
8386
8385
8389
8390
8391
8387
8392
8394
8393
8395
8396
8399
8403
8401
8402
8406
8405
8408
8407
8404
8409
8410
8411
8412
8413
8416
8415
8414
8419
8418
8420
8417
8423
8424
8422
8427
8426
8428
8433
8429
8436
8430
8434
8435
8431
8437
8438
8439
8442
8444
8446
8440
8443
8447
8445
8449
8448
8450
8451
8452
8453
8459
8456
8461
8455
8458
8454
8460
8463
8462
8464
8465
8467
8469
8466
8468
8471
8472
8473
8470
8474
8475
8486
8483
8476
8477
8484
8485
8481
8478
8480
8482
8488
8490
8495
8489
8496
8494
8492
8491
8493
8487
8497
8498
8499
8502
8501
8506
8504
8503
8505
8508
8500
8507
8509
8511
8512
8513
8514
8515
8516
8518
8519
8520
8521
8522
8524
8523
8525
8527
8528
8529
8530
8531
8532
8535
8533
8534
8537
8538
8536
8539
8542
8541
8544
8546
8545
8549
8547
8551
8550
8552
8554
8553
8555
8556
8559
8557
8561
8560
8562
8567
8564
8563
8566
8568
8569
8570
8571
8573
8575
8572
8574
8576
8577
8578
8579
8582
8580
8581
8583
8584
8590
8588
8586
8589
8587
8591
8592
8593
8594
8595
8602
8603
8596
8607
8599
8601
8604
8597
8600
8605
8608
8610
8609
8611
8613
8614
8615
8612
8617
8616
8618
8619
8621
8622
8623
8624
8627
8632
8629
8630
8626
8633
8634
8635
8637
8636
8639
8643
8638
8645
8642
8640
8644
8641
8646
8648
8649
8651
8652
8653
8654
8655
8656
8659
8660
8661
8662
8663
8665
8667
8668
8669
8670
8672
8671
8673
8674
8675
8676
8678
8677
8679
8680
8681
8685
8686
8684
8682
8683
8687
8691
8693
8692
8697
8698
8695
8694
8699
8700
8688
8706
8711
8690
8707
8704
8705
8708
8701
8703
8702
8713
8714
8723
8719
8720
8715
8716
8717
8722
8721
8724
8727
8732
8731
8733
8734
8726
8725
8729
8730
8736
8738
8742
8746
8743
8737
8747
8740
8741
8745
8739
8748
8749
8750
8753
8754
8751
8757
8755
8752
8756
8758
8759
8760
8761
8763
8762
8764
8765
8768
8770
8766
8767
8769
8771
8772
8775
8776
8774
8781
8778
8777
8780
8779
8782
8784
8783
8786
8785
8790
8788
8789
8794
8793
8792
8795
8796
8799
8800
8802
8803
8804
8810
8807
8805
8811
8806
8809
8808
8813
8812
8814
8818
8822
8820
8816
8821
8815
8819
8824
8823
8825
8826
8831
8833
8830
8827
8828
8832
8838
8836
8835
8837
8839
8840
8842
8841
8843
8844
8847
8846
8845
8850
8849
8851
8853
8854
8855
8856
8857
8859
8861
8858
8860
8862
8863
8864
8865
8866
8867
8869
8872
8873
8874
8871
8876
8875
8878
8881
8883
8884
8890
8879
8892
8877
8888
8889
8885
8891
8882
8880
8893
8894
8896
8900
8899
8895
8897
8898
8902
8901
8903
8904
8906
8905
8907
8909
8911
8912
8914
8908
8913
8910
8916
8917
8918
8919
8921
8920
8925
8924
8922
8926
8923
8927
8930
8932
8935
8938
8937
8939
8941
8942
8940
8944
8945
8943
8946
8947
8949
8950
8951
8953
8952
8954
8956
8955
8957
8958
8960
8961
8962
8963
8964
8965
8968
8967
8969
8970
8971
8972
8973
8975
8976
8974
8977
8978
8979
8980
8982
8984
8986
8987
8989
8988
8992
8993
8995
8996
8997
8998
8999
9000
9001
9002
9004
9003
9005
9007
9008
8981
8994
9009
9010
9013
9014
9012
9015
9016
9017
9019
9020
9021
9022
9023
9024
9025
9026
9027
9028
9029
9030
9031
9032
9034
9035
9037
9038
9039
9040
9041
9042
9043
9044
9045
9046
9047
9048
9049
9051
9050
9052
9054
9055
9053
9057
9058
9059
9060
9063
9064
9067
9065
9069
9068
9062
9066
9070
9061
9071
9072
9074
9075
9073
9080
9079
9078
9081
9076
9077
9083
9085
9086
9091
9087
9093
9094
9096
9088
9097
9095
9092
9090
9098
9099
9105
9102
9107
9100
9101
9106
9104
9103
9108
9109
9111
9113
9114
9117
9116
9110
9112
9115
9118
9119
9120
9121
9122
9125
9123
9124
9127
9126
9128
9129
9130
9131
9132
9136
9137
9139
9133
9135
9138
9134
9141
9143
9142
9145
9144
9146
9149
9147
9151
9153
9150
9148
9152
9154
9156
9155
9158
9160
9157
9162
9163
9166
9165
9159
9167
9168
9169
9170
9171
9172
9177
9173
9175
9176
9179
9178
9180
9181
9182
9184
9188
9183
9187
9194
9186
9192
9193
9190
9189
9195
9196
9197
9198
9204
9203
9202
9200
9201
9199
9205
9206
9207
9208
9209
9210
9212
9211
9214
9213
9215
9216
9217
9218
9219
9220
9222
9221
9223
9224
9225
9227
9226
9228
9231
9232
9236
9235
9237
9229
9230
9234
9233
9238
9239
9240
9241
9245
9247
9246
9242
9248
9243
9250
9249
9251
9252
9257
9258
9254
9255
9253
9256
9260
9259
9261
9262
9267
9269
9264
9268
9266
9265
9270
9271
9273
9274
9280
9275
9276
9277
9279
9278
9284
9281
9282
9283
9285
9286
9290
9288
9289
9287
9291
9293
9292
9294
9295
9296
9298
9297
9300
9304
9301
9303
9305
9299
9306
9307
9308
9309
9310
9314
9315
9312
9311
9313
9316
9317
9318
9319
9320
9321
9325
9324
9326
9322
9323
9328
9327
9329
9331
9333
9330
9338
9334
9335
9336
9339
9340
9341
9342
9343
9346
9345
9344
9348
9347
9350
9349
9351
9352
9353
9355
9360
9359
9358
9356
9361
9362
9363
9364
9365
9366
9367
9368
9371
9374
9369
9372
9373
9375
9376
9377
9378
9379
9383
9385
9380
9382
9381
9386
9388
9389
9390
9391
9392
9394
9395
9396
9393
9397
9399
9398
9400
9401
9405
9402
9403
9404
9406
9407
9408
9409
9410
9411
9387
9412
9413
9416
9414
9417
9418
9419
9420
9421
9422
9425
9424
9426
9427
9423
9428
9429
9430
9432
9433
9434
9435
9436
9439
9437
9438
9440
9441
9442
9443
9444
9445
9446
9449
9447
9448
9451
9452
9453
9458
9454
9456
9461
9459
9465
9464
9457
9460
9462
9468
9469
9467
9473
9475
9478
9474
9472
9477
9479
9481
9482
9483
9489
9484
9485
9488
9490
9487
9491
9492
9494
9496
9506
9509
9510
9512
9511
9513
9515
9516
9499
9501
9500
9502
9505
9504
9503
9517
9519
9518
9520
9522
9523
9524
9521
9528
9526
9531
9527
9532
9535
9534
9537
9536
9533
9538
9539
9541
9540
9548
9529
9530
9542
9546
9543
9549
9550
9554
9553
9555
9545
9544
9556
9557
9558
9559
9561
9562
9563
9564
9566
9565
9567
9568
9569
9575
9571
9572
9574
9573
9576
9579
9580
9581
9582
9583
9584
9585
9587
9588
9586
9591
9589
9590
9592
9597
9595
9596
9598
9600
9599
9601
9577
9605
9602
9604
9607
9608
9609
9611
9610
9612
9613
9614
9616
9593
9615
9594
9617
9618
9622
9620
9623
9625
9624
9621
9626
9627
9628
9629
9630
9632
9633
9635
9634
9631
9637
9636
9638
9639
9640
9642
9641
9643
9644
9619
9648
9646
9647
9645
9651
9653
9654
9657
9650
9652
9656
9655
9659
9649
9661
9664
9669
9660
9667
9665
9666
9662
9663
9670
9671
9672
9673
9681
9678
9674
9682
9676
9680
9677
9684
9685
9687
9690
9691
9688
9692
9693
9694
9695
9696
9697
9698
9699
9700
9702
9703
9704
9706
9705
9707
9708
9709
9711
9713
9712
9714
9715
9717
9716
9718
9719
9720
9721
9722
9723
9725
9726
9727
9729
9728
9730
9732
9733
9735
9734
9736
9741
9740
9739
9743
9742
9738
9745
9748
9747
9746
9749
9750
9752
9751
9753
9754
9755
9756
9757
9758
9759
9760
9761
9763
9762
9764
9765
9766
9767
9768
9769
9770
9771
9773
9775
9776
9779
9777
9782
9783
9784
9787
9786
9772
9789
9790
9792
9791
9794
9793
9795
9797
9799
9798
9800
9801
9802
9805
9804
9806
9803
9807
9808
9809
9810
9811
9812
9814
9815
9817
9818
9819
9820
9822
9823
9824
9821
9825
9827
9826
9828
9829
9831
9830
9832
9833
9834
9835
9837
9836
9841
9846
9839
9847
9842
9843
9838
9844
9840
9845
9848
9849
9850
9851
9852
9857
9853
9854
9856
9858
9859
9860
9861
9863
9864
9865
9867
9869
9868
9866
9870
9871
9872
9873
9874
9876
9875
9878
9879
9881
9880
9882
9883
9884
9885
9886
9887
9888
9889
9891
9890
9892
9893
9894
9895
9896
9897
9898
9899
9901
9902
9903
9904
9905
9908
9909
9907
9910
9911
9912
9913
9914
9917
9918
9919
9920
9921
9922
9923
9915
9924
9925
9926
9927
9928
9929
9930
9931
9935
9933
9936
9939
9943
9941
9938
9945
9946
9947
9948
9949
9950
9944
9952
9951
9955
9956
9957
9958
9959
9961
9960
9962
9963
9964
9965
9966
9967
9968
9969
9972
9970
9973
9974
9976
9975
9977
9979
9978
9980
9981
9982
9984
9985
9987
9986
9988
9989
9990
9991
9992
9993
9994
9995
9997
9996
9998
9999
10000
10003
10005
10007
10004
10009
10011
10012
10013
10014
10016
10017
10018
10021
10019
10022
10023
10024
10025
10026
10028
10027
10029
10030
10032
10031
10034
10035
10039
10041
10038
10037
10042
10043
10045
10046
10047
10048
10049
10052
10054
10051
10050
10057
10058
10059
10065
10061
10066
10070
10060
10064
10068
10063
10067
10069
10072
10071
10074
10075
10073
10076
10080
10077
10079
10078
10081
10082
10083
10084
10085
10086
10088
10090
10087
10089
10091
10092
10093
10094
10095
10097
10099
10098
10096
10101
10100
10104
10105
10107
10108
10109
10110
10112
10111
10116
10115
10114
10113
10117
10118
10119
10121
10122
10123
10127
10128
10124
10129
10130
10126
10131
10132
10133
10134
10135
10139
10141
10138
10140
10137
10136
10142
10143
10144
10145
10148
10151
10154
10146
10147
10149
10153
10152
10150
10155
10156
10157
10158
10160
10164
10162
10167
10168
10166
10165
10169
10170
10171
10172
10173
10174
10175
10176
10179
10177
10180
10181
10182
10183
10184
10185
10186
10187
10188
10190
10189
10191
10192
10193
10194
10195
10196
10197
10198
10199
10200
10201
10202
10203
10204
10205
10206
10207
10208
10210
10209
10212
10214
10211
10213
10215
10216
10217
10218
10219
10220
10221
10223
10225
10222
10226
10227
10228
10229
10230
10231
10232
10233
10234
10235
10236
10237
10238
10239
10240
10241
10242
10243
10244
10246
10247
10248
10250
10249
10252
10251
10253
10254
10255
10256
10257
10258
10260
10259
10261
10262
10263
10264
10266
10265
10267
10268
10271
10269
10274
10272
10275
10276
10277
10278
10281
10282
10285
10283
10286
10287
10288
10289
10291
10292
10290
10294
10297
10295
10299
10300
10298
10301
10302
10303
10304
10305
10309
10308
10310
10307
10306
10312
10311
10313
10314
10315
10319
10317
10316
10320
10318
10322
10321
10323
10326
10325
10327
10328
10329
10330
10331
10334
10335
10332
10333
10341
10340
10336
10338
10342
10343
10345
10349
10351
10352
10346
10350
10348
10353
10355
10339
10357
10363
10365
10366
10367
10368
10369
10370
10371
10372
10373
10374
10375
10356
10358
10360
10361
10359
10362
10376
10377
10378
10379
10380
10381
10382
10387
10383
10385
10384
10386
10389
10388
10390
10391
10392
10394
10398
10399
10396
10397
10400
10401
10402
10403
10404
10405
10406
10408
10407
10411
10409
10410
10413
10414
10412
10416
10417
10418
10421
10420
10423
10424
10427
10426
10425
10428
10429
10430
10431
10433
10432
10434
10437
10435
10436
10439
10440
10442
10443
10445
10446
10444
10451
10450
10453
10447
10454
10455
10458
10459
10456
10457
10460
10463
10461
10462
10464
10465
10466
10467
10468
10469
10471
10472
10473
10474
10475
10476
10478
10480
10479
10481
10482
10483
10484
10486
10485
10487
10488
10491
10490
10489
10492
10493
10494
10496
10495
10498
10500
10504
10505
10506
10501
10503
10502
10507
10508
10512
10513
10518
10514
10519
10520
10522
10523
10525
10524
10526
10510
10527
10528
10511
10529
10530
10531
10515
10517
10516
10533
10532
10535
10534
10537
10536
10538
10541
10539
10540
10542
10543
10549
10550
10551
10552
10546
10545
10548
10547
10555
10553
10557
10558
10560
10559
10561
10565
10564
10566
10562
10563
10567
10568
10569
10570
10571
10572
10573
10576
10574
10577
10575
10578
10580
10582
10583
10594
10581
10591
10585
10593
10589
10595
10579
10596
10597
10598
10599
10604
10601
10605
10600
10602
10603
10606
10607
10608
10609
10610
10612
10616
10615
10613
10614
10617
10618
10619
10621
10622
10623
10626
10628
10625
10627
10624
10629
10631
10630
10633
10634
10635
10638
10640
10641
10639
10642
10644
10643
10647
10645
10648
10649
10650
10651
10655
10654
10652
10656
10653
10657
10658
10659
10660
10661
10663
10662
10665
10664
10667
10668
10666
10669
10672
10671
10675
10673
10679
10677
10683
10681
10680
10685
10687
10688
10686
10689
10695
10696
10698
10697
10699
10690
10693
10691
10692
10694
10700
10701
10702
10703
10704
10705
10706
10708
10709
10707
10710
10711
10712
10713
10716
10715
10717
10718
10719
10722
10721
10723
10724
10725
10728
10729
10730
10734
10731
10732
10733
10735
10736
10737
10738
10740
10739
10743
10742
10741
10745
10747
10748
10749
10751
10750
10752
10754
10753
10757
10755
10756
10758
10760
10762
10761
10763
10764
10769
10765
10768
10766
10770
10771
10774
10775
10773
10776
10779
10780
10778
10777
10781
10792
10785
10782
10783
10786
10788
10790
10791
10793
10787
10794
10795
10797
10798
10799
10801
10804
10796
10800
10802
10805
10806
10812
10816
10815
10809
10810
10817
10808
10811
10818
10820
10821
10823
10824
10826
10825
10827
10828
10829
10830
10831
10832
10834
10836
10840
10838
10843
10841
10835
10837
10842
10846
10845
10848
10852
10851
10853
10847
10850
10854
10849
10855
10856
10857
10858
10859
10860
10861
10865
10864
10862
10866
10867
10868
10869
10870
10871
10872
10873
10874
10877
10879
10880
10875
10881
10882
10876
10883
10888
10887
10886
10889
10891
10892
10894
10890
10893
10899
10895
10900
10896
10897
10901
10902
10906
10905
10904
10908
10911
10907
10909
10910
10912
10913
10916
10914
10915
10918
10919
10920
10921
10923
10924
10925
10927
10928
10926
10929
10930
10931
10933
10932
10936
10938
10943
10939
10937
10935
10944
10947
10945
10948
10949
10950
10951
10955
10954
10952
10953
10956
10957
10958
10959
10961
10962
10963
10964
10967
10969
10971
10968
10966
10972
10973
10974
10975
10977
10976
10978
10980
10981
10982
10979
10983
10985
10986
10988
10990
10991
10992
10993
10996
10998
10995
10997
10994
10999
11000
11001
11004
11002
11005
11007
11013
11006
11009
11010
11014
11011
11015
11016
11017
11018
11019
11025
11024
11026
11021
11020
11027
11028
11029
11030
11032
11036
11037
11034
11038
11039
11040
11042
11043
11044
11045
11047
11048
11049
11051
11050
11052
11053
11054
11056
11055
11058
11059
11060
11062
11063
11061
11064
11065
11067
11068
11069
11070
11071
11073
11074
11072
11081
11077
11078
11082
11084
11083
11085
11086
11087
11088
11089
11090
11092
11091
11093
11094
11095
11096
11098
11097
11100
11099
11101
11103
11102
11105
11106
11107
11109
11108
11111
11110
11112
11113
11114
11115
11117
11118
11120
11119
11121
11122
11123
11127
11126
11125
11128
11132
11130
11131
11134
11136
11135
11138
11140
11139
11141
11142
11143
11144
11145
11146
11147
11149
11150
11148
11151
11153
11154
11155
11158
11159
11160
11161
11162
11163
11164
11165
11166
11167
11168
11169
11171
11172
11174
11173
11175
11176
11177
11179
11178
11181
11180
11182
11184
11183
11187
11188
11191
11192
11193
11189
11185
11194
11196
11195
11197
11201
11199
11198
11200
11202
11203
11204
11206
11205
11207
11208
11209
11210
11211
11215
11213
11218
11216
11217
11219
11220
11221
11222
11223
11227
11232
11230
11228
11225
11233
11234
11235
11238
11239
11240
11241
11243
11244
11242
11246
11247
11245
11248
11249
11250
11252
11251
11253
11255
11254
11258
11257
11256
11260
11259
11261
11262
11263
11265
11268
11272
11274
11273
11275
11271
11269
11278
11282
11283
11281
11277
11276
11280
11284
11279
11285
11286
11287
11288
11292
11290
11294
11297
11293
11298
11291
11299
11300
11301
11303
11302
11305
11306
11307
11308
11310
11311
11313
11314
11315
11316
11317
11318
11322
11319
11321
11324
11323
11320
11325
11326
11327
11332
11329
11333
11334
11328
11335
11330
11331
11336
11337
11338
11339
11344
11345
11346
11340
11343
11342
11341
11348
11349
11350
11351
11352
11358
11360
11359
11353
11361
11355
11362
11363
11364
11365
11371
11368
11370
11372
11366
11373
11374
11376
11377
11378
11379
11381
11384
11385
11380
11382
11383
11387
11386
11388
11389
11390
11395
11392
11394
11393
11396
11398
11397
11399
11400
11401
11405
11404
11403
11402
11409
11407
11408
11406
11410
11412
11413
11414
11415
11418
11416
11421
11417
11423
11420
11424
11425
11426
11428
11429
11430
11432
11433
11431
11427
11434
11435
11437
11438
11440
11441
11442
11443
11446
11448
11447
11449
11450
11451
11452
11455
11454
11456
11457
11459
11460
11458
11461
11463
11462
11465
11466
11467
11469
11468
11470
11471
11472
11473
11474
11475
11476
11477
11479
11478
11482
11481
11480
11485
11486
11488
11487
11489
11490
11491
11492
11494
11496
11493
11495
11497
11498
11499
11501
11500
11502
11503
11504
11506
11509
11513
11512
11511
11515
11514
11517
11516
11518
11520
11521
11522
11525
11527
11523
11526
11528
11529
11533
11531
11530
11534
11535
11539
11536
11540
11537
11538
11541
11543
11545
11542
11550
11548
11547
11549
11546
11551
11552
11555
11556
11557
11558
11561
11563
11560
11565
11562
11566
11571
11570
11568
11572
11580
11586
11583
11584
11578
11579
11574
11581
11573
11582
11593
11594
11595
11597
11598
11603
11604
11600
11601
11599
11605
11606
11607
11608
11610
11612
11611
11615
11614
11613
11616
11618
11619
11620
11622
11621
11623
11626
11624
11625
11627
11628
11630
11629
11631
11632
11635
11633
11634
11638
11637
11640
11641
11639
11643
11642
11645
11646
11649
11648
11647
11650
11651
11652
11655
11656
11657
11658
11660
11661
11659
11662
11664
11663
11665
11666
11667
11668
11669
11670
11671
11673
11672
11674
11676
11675
11677
11678
11679
11681
11680
11683
11682
11684
11686
11688
11690
11691
11693
11692
11694
11698
11696
11697
11700
11699
11701
11702
11703
11704
11705
11706
11711
11707
11714
11716
11715
11717
11718
11719
11720
11721
11724
11723
11725
11726
11727
11728
11729
11730
11733
11734
11737
11738
11740
11741
11742
11743
11744
11746
11745
11751
11748
11750
11747
11752
11754
11753
11756
11759
11760
11761
11765
11763
11766
11764
11767
11762
11771
11770
11769
11772
11774
11773
11776
11775
11778
11779
11780
11781
11777
11782
11783
11784
11785
11786
11787
11790
11792
11789
11791
11793
11794
11795
11796
11797
11798
11799
11800
11802
11801
11806
11805
11807
11808
11809
11811
11812
11813
11814
11815
11817
11816
11818
11819
11820
11822
11823
11824
11825
11826
11831
11827
11830
11832
11833
11835
11834
11836
11837
11838
11841
11843
11847
11842
11844
11855
11853
11857
11851
11852
11849
11848
11854
11856
11858
11859
11860
11861
11865
11866
11862
11864
11867
11868
11869
11870
11873
11871
11874
11875
11876
11879
11878
11877
11880
11881
11882
11883
11884
11886
11887
11889
11888
11891
11892
11890
11894
11893
11897
11899
11901
11902
11903
11905
11908
11909
11911
11906
11912
11913
11907
11914
11915
11916
11917
11919
11920
11921
11923
11924
11925
11927
11926
11928
11929
11930
11931
11932
11933
11935
11936
11934
11937
11939
11938
11940
11941
11942
11943
11945
11946
11944
11947
11948
11949
11951
11952
11954
11959
11957
11958
11918
11960
11961
11962
11965
11964
11966
11967
11968
11970
11969
11971
11977
11972
11978
11975
11979
11980
11981
11982
11983
11986
11984
11989
11988
11990
11991
11993
11995
11994
11997
11998
12001
12002
12003
12004
11996
12005
12006
12008
12007
12009
12010
12011
12012
12013
12014
12015
12016
12017
12019
12020
12018
12021
12022
11985
12024
12025
12026
12027
12028
12030
12031
12029
12032
12033
12035
12034
12036
12038
12039
12040
12041
12043
12044
12045
12049
12047
12050
12051
12053
12055
12056
12057
12059
12060
12061
12062
12054
12052
12063
12065
12066
12067
12068
12069
12070
12072
12073
12076
12075
12077
12078
12081
12074
12082
12083
12084
12085
12086
12087
12088
12080
12089
12090
12091
12094
12095
12093
12096
12098
12092
12099
12100
12064
12097
12102
12103
12105
12107
12109
12110
12108
12111
12101
12104
12106
12112
12114
12113
12118
12116
12119
12120
12115
12117
12122
12123
12125
12124
12126
12128
12129
12131
12132
12133
12130
12134
12135
12136
12137
12138
12140
12142
12143
12144
12141
12139
12145
12146
12147
12149
12148
12150
12155
12152
12158
12156
12151
12160
12157
12162
12161
12170
12164
12168
12163
12169
12166
12165
12167
12171
12172
12175
12182
12179
12177
12183
12180
12184
12178
12176
12181
12185
12186
12187
12188
12190
12192
12193
12194
12195
12196
12197
12199
12201
12204
12208
12205
12209
12211
12210
12212
12213
12214
12216
12215
12217
12222
12223
12218
12219
12221
12224
12226
12225
12227
12228
12230
12234
12231
12233
12232
12235
12236
12239
12238
12241
12246
12243
12245
12244
12247
12248
12251
12249
12252
12250
12255
12256
12257
12258
12259
12262
12260
12263
12265
12264
12267
12269
12270
12271
12268
12277
12278
12280
12273
12275
12276
12281
12282
12272
12274
12283
12284
12285
12286
12287
12291
12292
12293
12288
12290
12295
12296
12297
12298
12299
12300
12301
12302
12305
12304
12307
12303
12309
12310
12308
12311
12313
12312
12315
12314
12316
12320
12317
12319
12321
12322
12323
12324
12329
12330
12325
12327
12326
12328
12332
12331
12336
12338
12339
12340
12341
12342
12345
12346
12334
12347
12348
12351
12349
12352
12350
12354
12355
12353
12356
12358
12369
12335
12362
12359
12365
12363
12367
12368
12361
12364
12370
12371
12372
12374
12379
12376
12373
12377
12375
12378
12380
12381
12382
12384
12389
12391
12388
12390
12387
12393
12383
12394
12395
12397
12398
12399
12400
12402
12403
12405
12406
12407
12396
12409
12412
12415
12411
12410
12414
12413
12417
12408
12418
12420
12419
12424
12422
12425
12426
12427
12423
12421
12428
12430
12429
12436
12437
12438
12440
12441
12442
12443
12445
12446
12451
12416
12449
12452
12454
12455
12456
12457
12459
12460
12461
12462
12463
12464
12466
12465
12467
12468
12469
12470
12471
12433
12434
12473
12474
12475
12477
12476
12478
12479
12480
12481
12482
12483
12485
12486
12487
12490
12488
12491
12497
12498
12501
12499
12502
12504
12503
12507
12505
12508
12509
12512
12513
12484
12515
12516
12517
12518
12493
12495
12494
12521
12519
12520
12492
12522
12523
12524
12526
12529
12534
12528
12535
12527
12531
12511
12536
12538
12540
12543
12545
12546
12542
12544
12547
12548
12551
12549
12550
12553
12556
12557
12555
12558
12559
12525
12560
12562
12561
12563
12566
12565
12564
12567
12568
12569
12570
12571
12572
12574
12577
12576
12575
12578
12579
12580
12582
12583
12584
12585
12589
12592
12595
12597
12598
12600
12596
12599
12587
12586
12602
12604
12605
12601
12607
12611
12610
12612
12609
12606
12614
12615
12616
12617
12619
12620
12621
12624
12622
12625
12626
12627
12629
12630
12632
12633
12634
12639
12635
12637
12640
12642
12644
12645
12646
12647
12648
12649
12652
12650
12651
12653
12655
12656
12657
12658
12659
12660
12661
12663
12666
12665
12667
12668
12669
12670
12671
12672
12674
12675
12676
12677
12679
12680
12681
12682
12683
12684
12685
12686
12687
12688
12693
12692
12691
12695
12697
12698
12699
12700
12703
12705
12704
12707
12706
12708
12710
12711
12709
12712
12713
12714
12715
12716
12717
12718
12719
12720
12721
12722
12723
12725
12726
12727
12729
12728
12732
12733
12724
12730
12731
12734
12735
12736
12738
12739
12740
12741
12742
12745
12744
12747
12748
12751
12749
12752
12754
12756
12757
12758
12759
12760
12761
12764
12762
12763
12765
12766
12768
12771
12769
12772
12774
12775
12777
12778
12780
12781
12782
12785
12784
12783
12786
12787
12788
12790
12789
12791
12792
12793
12798
12794
12799
12800
12801
12802
12805
12806
12807
12811
12810
12812
12813
12814
12815
12817
12816
12818
12819
12820
12823
12821
12822
12828
12824
12832
12830
12829
12834
12826
12825
12833
12827
12836
12837
12838
12842
12841
12843
12840
12844
12845
12839
12846
12847
12848
12854
12855
12850
12852
12856
12853
12857
12851
12858
12859
12861
12860
12862
12864
12866
12867
12868
12865
12869
12870
12871
12873
12872
12874
12875
12849
12876
12877
12882
12881
12883
12880
12886
12887
12878
12889
12879
12884
12892
12890
12894
12895
12897
12896
12898
12900
12899
12902
12901
12903
12905
12893
12907
12906
12908
12909
12910
12911
12912
12913
12914
12917
12916
12915
12918
12919
12920
12922
12921
12924
12925
12927
12929
12923
12931
12930
12928
12932
12935
12934
12936
12939
12940
12941
12942
12944
12949
12945
12947
12951
12954
12943
12952
12953
12955
12946
12956
12957
12958
12960
12964
12963
12962
12959
12966
12968
12970
12969
12971
12972
12976
12975
12977
12978
12980
12983
12979
12982
12985
12988
12961
12990
12992
12991
12993
12987
12996
12999
12997
13001
12998
13002
13004
13003
13006
13005
13007
13009
13010
13012
13014
13008
13015
12984
13017
13018
13021
13016
13022
13024
13025
13026
13019
13029
13031
13032
13033
13034
13036
13030
13037
13039
13040
13041
13013
13044
13042
13046
13047
13048
13049
13051
13052
13053
13054
13055
13056
13050
13058
13057
13059
13060
13062
13063
13064
13065
13070
13069
13071
13073
13067
13076
13077
13078
13074
13068
13089
13090
13087
13084
13079
13085
13080
13083
13081
13091
13094
13098
13095
13100
13093
13102
13097
13099
13101
13096
13103
13105
13111
13106
13109
13108
13113
13107
13110
13112
13114
13115
13121
13118
13124
13123
13122
13120
13125
13119
13127
13128
13129
13126
13131
13130
13132
13134
13133
13137
13136
13138
13139
13140
13141
13142
13143
13146
13147
13149
13150
13152
13151
13153
13155
13157
13158
13160
13159
13161
13162
13163
13164
13165
13166
13167
13169
13170
13171
13172
13173
13175
13176
13177
13178
13179
13180
13181
13182
13183
13184
13188
13185
13189
13190
13192
13193
13194
13196
13198
13197
13199
13200
13201
13203
13202
13208
13207
13210
13211
13206
13213
13212
13214
13218
13223
13220
13222
13219
13224
13226
13225
13227
13228
13229
13230
13232
13233
13234
13235
13236
13237
13238
13239
13240
13242
13243
13241
13249
13246
13245
13250
13244
13251
13252
13253
13257
13256
13260
13258
13259
13254
13215
13261
13262
13264
13265
13266
13268
13270
13269
13271
13267
13272
13273
13274
13279
13277
13282
13280
13281
13285
13283
13286
13288
13287
13290
13289
13292
13294
13304
13301
13295
13293
13298
13297
13300
13299
13305
13307
13308
13309
13310
13314
13318
13312
13317
13316
13322
13320
13325
13326
13327
13328
13329
13330
13334
13333
13332
13336
13338
13339
13331
13340
13341
13344
13345
13342
13348
13350
13347
13346
13352
13351
13349
13353
13356
13354
13359
13358
13362
13365
13360
13363
13357
13367
13370
13368
13372
13371
13373
13376
13374
13377
13375
13378
13379
13380
13382
13381
13383
13384
13388
13389
13390
13387
13391
13392
13393
13394
13395
13397
13399
13400
13401
13398
13402
13403
13404
13406
13407
13405
13410
13408
13412
13411
13414
13413
13415
13418
13417
13416
13419
13420
13421
13424
13425
13426
13432
13433
13436
13435
13437
13439
13440
13441
13442
13443
13444
13445
13446
13447
13448
13449
13450
13451
13452
13453
13454
13455
13456
13457
13458
13462
13461
13459
13464
13465
13468
13467
13463
13469
13471
13473
13474
13475
13477
13479
13480
13478
13483
13484
13482
13489
13486
13488
13490
13496
13498
13494
13497
13501
13491
13495
13492
13500
13502
13504
13503
13505
13507
13506
13509
13510
13512
13511
13513
13514
13515
13516
13517
13518
13524
13521
13529
13531
13519
13532
13536
13535
13534
13537
13538
13539
13542
13543
13540
13541
13544
13546
13548
13549
13550
13551
13552
13554
13555
13553
13556
13562
13561
13559
13558
13557
13563
13565
13566
13567
13568
13571
13574
13575
13572
13570
13573
13576
13578
13579
13577
13582
13580
13581
13583
13585
13584
13586
13587
13589
13588
13590
13592
13595
13596
13594
13593
13591
13597
13598
13599
13600
13603
13605
13606
13609
13607
13608
13610
13612
13611
13615
13616
13619
13620
13621
13622
13623
13624
13627
13626
13629
13625
13628
13630
13631
13632
13635
13636
13638
13640
13643
13645
13641
13642
13644
13637
13651
13647
13652
13653
13654
13655
13657
13663
13659
13665
13660
13664
13667
13668
13670
13673
13674
13675
13676
13677
13680
13679
13678
13682
13681
13683
13686
13687
13688
13689
13691
13690
13694
13692
13693
13695
13698
13696
13699
13700
13701
13702
13704
13703
13709
13706
13707
13710
13712
13713
13714
13715
13717
13716
13718
13722
13719
13724
13721
13726
13720
13727
13728
13729
13731
13732
13733
13736
13734
13735
13737
13738
13739
13740
13741
13742
13743
13744
13745
13746
13748
13747
13749
13750
13752
13753
13754
13755
13756
13757
13758
13759
13761
13760
13763
13762
13764
13765
13766
13767
13769
13771
13772
13774
13775
13776
13777
13778
13779
13780
13781
13782
13789
13792
13799
13785
13793
13794
13797
13791
13790
13800
13802
13801
13803
13805
13810
13804
13808
13807
13812
13809
13813
13818
13817
13819
13821
13825
13827
13824
13823
13829
13828
13830
13832
13833
13834
13835
13836
13837
13838
13841
13840
13842
13844
13843
13845
13846
13847
13848
13853
13849
13850
13854
13855
13856
13858
13857
13859
13861
13862
13864
13865
13868
13866
13867
13869
13870
13871
13872
13874
13876
13877
13878
13880
13879
13881
13882
13888
13883
13889
13890
13891
13892
13893
13894
13897
13895
13899
13898
13901
13900
13903
13902
13904
13905
13907
13908
13909
13911
13913
13915
13918
13919
13920
13921
13922
13923
13924
13925
13926
13927
13928
13929
13930
13933
13934
13931
13935
13938
13942
13941
13945
13947
13948
13950
13952
13949
13954
13956
13958
13957
13960
13959
13961
13963
13964
13962
13966
13967
13968
13969
13971
13972
13970
13974
13973
13975
13976
13977
13978
13979
13980
13981
13985
13987
13989
13990
13993
13991
13994
13995
13996
13997
13998
14000
14001
14002
14003
14004
14005
14006
14007
14008
14010
14011
14013
14014
14015
14018
14020
14019
14021
14022
14023
14025
14024
14026
14027
14028
14030
14033
14034
14035
14036
14037
14038
14040
14042
14044
14046
14047
14048
14049
14050
14051
14052
14053
14054
14055
14056
14057
14059
14058
14060
14061
14063
14064
14065
14066
14067
14068
14070
14071
14072
14074
14076
14075
14077
14078
14079
14080
14081
14082
14083
14086
14084
14085
14088
14090
14092
14091
14093
14094
14095
14097
14099
14098
14100
14101
14103
14102
14106
14104
14105
14107
14109
14108
14110
14111
14116
14112
14117
14118
14119
14120
14121
14122
14123
14124
14126
14125
14129
14127
14128
14130
14131
14136
14133
14135
14137
14138
14140
14139
14142
14143
14145
14148
14144
14147
14149
14150
14151
14152
14153
14155
14156
14158
14157
14160
14161
14164
14163
14166
14167
14168
14169
14170
14171
14172
14173
14174
14175
14177
14178
14183
14192
14184
14182
14185
14191
14187
14189
14180
14186
14193
14197
14195
14199
14201
14202
14194
14203
14200
14198
14206
14216
14211
14215
14212
14209
14214
14208
14207
14213
14217
14218
14219
14229
14221
14222
14220
14224
14223
14225
14230
14231
14232
14234
14238
14239
14236
14235
14237
14233
14241
14242
14243
14244
14245
14246
14248
14249
14251
14254
14252
14253
14250
14258
14257
14259
14260
14262
14263
14264
14271
14269
14267
14270
14266
14272
14273
14274
14275
14276
14282
14283
14286
14278
14277
14287
14281
14285
14288
14289
14290
14293
14291
14292
14294
14295
14297
14299
14296
14300
14301
14303
14304
14305
14308
14314
14310
14313
14307
14312
14315
14317
14316
14318
14319
14321
14325
14324
14328
14329
14330
14331
14332
14333
14334
14335
14336
14337
14339
14341
14343
14342
14344
14347
14348
14349
14350
14352
14351
14354
14355
14357
14360
14359
14362
14363
14364
14365
14366
14367
14369
14370
14375
14373
14371
14372
14376
14377
14378
14387
14385
14390
14383
14384
14381
14394
14391
14380
14395
14397
14398
14399
14402
14400
14403
14401
14405
14404
14406
14407
14408
14409
14412
14411
14414
14416
14415
14417
14419
14418
14421
14420
14422
14423
14424
14426
14427
14431
14430
14429
14428
14432
14434
14435
14437
14439
14440
14441
14443
14444
14448
14447
14452
14449
14453
14450
14454
14455
14456
14457
14460
14461
14465
14462
14459
14463
14464
14466
14467
14468
14471
14473
14476
14479
14481
14475
14477
14478
14480
14472
14482
14488
14496
14491
14486
14485
14498
14490
14494
14497
14495
14499
14500
14503
14504
14505
14506
14502
14510
14509
14507
14511
14512
14513
14514
14515
14516
14517
14521
14518
14520
14519
14522
14523
14524
14525
14528
14529
14530
14533
14531
14534
14532
14536
14535
14537
14538
14539
14540
14542
14544
14541
14543
14550
14545
14549
14548
14546
14551
14552
14553
14554
14557
14558
14559
14564
14560
14562
14561
14565
14566
14567
14568
14569
14570
14571
14573
14582
14575
14577
14578
14581
14579
14574
14580
14572
14585
14589
14592
14593
14595
14586
14591
14587
14590
14594
14596
14598
14597
14599
14604
14606
14602
14605
14603
14601
14607
14609
14610
14611
14613
14612
14618
14616
14614
14619
14617
14620
14622
14621
14623
14624
14626
14627
14628
14632
14634
14629
14636
14633
14635
14637
14638
14639
14641
14643
14644
14645
14642
14646
14647
14640
14648
14649
14650
14653
14658
14656
14661
14660
14659
14662
14663
14664
14665
14669
14670
14673
14674
14671
14675
14676
14677
14678
14625
14679
14680
14685
14682
14691
14683
14688
14687
14694
14695
14696
14697
14700
14693
14701
14703
14705
14706
14704
14707
14708
14709
14710
14711
14718
14712
14713
14716
14720
14721
14723
14725
14722
14724
14726
14727
14728
14732
14731
14734
14730
14735
14733
14729
14736
14738
14744
14743
14739
14742
14741
14746
14737
14748
14745
14749
14754
14752
14757
14753
14759
14750
14755
14758
14756
14761
14762
14763
14767
14765
14772
14769
14775
14777
14766
14776
14774
14770
14773
14778
14780
14781
14784
14782
14789
14786
14790
14785
14783
14787
14788
14791
14792
14793
14796
14801
14794
14799
14798
14802
14797
14800
14803
14804
14805
14806
14808
14810
14814
14807
14811
14813
14816
14819
14820
14822
14821
14828
14824
14830
14825
14826
14827
14823
14829
14831
14832
14836
14834
14838
14837
14843
14841
14844
14845
14846
14840
14850
14849
14848
14847
14852
14851
14855
14853
14858
14856
14860
14859
14861
14863
14870
14868
14864
14867
14865
14866
14872
14871
14873
14875
14880
14881
14882
14877
14879
14878
14883
14885
14886
14887
14893
14894
14896
14897
14904
14906
14895
14902
14898
14900
14901
14907
14908
14914
14911
14909
14912
14917
14910
14913
14919
14918
14915
14920
14921
14930
14927
14931
14925
14926
14922
14928
14929
14933
14934
14932
14939
14938
14940
14937
14942
14941
14936
14944
14947
14943
14945
14946
14948
14951
14952
14949
14950
14953
14954
14955
14956
14958
14959
14957
14962
14963
14961
14964
14965
14966
14967
14968
14969
14970
14972
14973
14974
14975
14978
14976
14977
14979
14982
14981
14983
14985
14986
14992
14990
14987
14993
14988
14994
14995
14996
14997
14998
14999
15001
15003
15002
15004
15006
15008
15005
15007
15009
15010
15011
15012
15013
15014
15015
15018
15021
15019
15024
15022
15025
15027
15036
15032
15035
15031
15033
15034
15028
15029
15030
15038
15043
15041
15042
15047
15044
15045
15039
15046
15048
15049
15050
15051
316
416
417
697
715
1568
1706
1844
2197
2363
2439
2737
2826
3257
3349
3519
3934
3601
4092
4132
4297
4386
4537
4582
4627
4694
4697
4789
5007
4826
4849
5331
5426
5507
5752
5907
5955
5952
6032
6237
6292
6374
6380
6383
6413
6493
6863
6913
6938
6960
6963
7090
7244
7399
7440
7486
7559
7598
7614
7711
7675
7903
7866
8148
8283
5180
5215
5254
8518
8441
8400
8657
8709
8696
8797
9006
8915
9675
9934
10337
10509
10544
10620
10746
10807
10784
9547
11041
11189
11309
11436
10449
10395
11596
11576
11939
11996
12191
12537
12508
12664
12965
13088
13353
13359
13732
13811
14012
14029
14094
14165
14324
14413
14469
14717
15014
11910
11829
