4
1
6
8
5
2
0
3
9
7
10
13
11
15
20
19
16
18
12
14
17
21
22
23
25
26
27
24
28
30
29
31
32
33
40
37
36
34
35
38
39
41
43
45
48
47
46
44
50
49
42
52
51
53
57
56
54
59
55
58
60
62
61
63
64
65
66
67
68
69
70
72
71
73
74
75
76
79
77
78
81
80
82
83
86
87
84
85
88
89
90
92
91
93
94
95
98
99
97
96
100
101
103
104
102
107
105
108
109
111
106
110
112
113
114
118
116
115
121
122
119
120
117
123
124
125
126
127
128
129
132
131
134
130
133
135
136
138
147
137
139
140
146
142
145
141
143
144
152
154
153
155
148
157
156
150
151
149
159
160
164
166
163
162
158
165
167
161
168
169
170
172
176
175
177
171
174
173
178
179
180
181
183
185
182
186
184
187
189
188
190
191
192
193
194
196
198
197
199
195
200
201
202
203
204
207
205
206
211
208
209
210
212
213
215
214
219
222
216
217
218
220
221
223
224
225
226
228
232
231
233
230
229
227
234
235
236
237
238
239
240
242
243
241
245
244
246
247
248
250
249
251
252
253
254
255
256
257
258
260
259
261
262
263
264
266
265
267
268
269
270
271
272
273
274
275
276
277
278
279
280
283
282
281
285
284
286
287
288
289
290
292
291
293
294
297
296
295
300
299
298
301
303
302
306
307
304
305
310
309
308
312
313
311
315
316
317
314
318
320
319
322
323
321
324
326
327
328
325
330
329
332
333
331
334
335
336
337
338
339
341
340
343
342
344
345
348
346
349
347
351
353
354
350
352
355
359
357
358
356
360
361
363
362
364
365
368
366
369
367
372
373
374
375
370
371
376
377
379
378
380
381
384
382
383
385
386
387
389
388
390
391
392
396
395
394
397
398
393
399
401
400
402
403
404
409
405
406
408
410
407
411
412
413
414
415
416
417
421
420
418
419
422
423
425
424
426
431
432
427
428
430
429
433
434
435
436
437
441
440
439
442
438
443
444
446
445
449
448
453
450
454
452
455
447
451
456
457
458
460
459
463
462
461
466
465
464
467
468
469
470
474
473
476
475
471
472
477
478
479
480
484
483
485
482
486
481
488
489
490
491
497
495
493
494
492
496
498
499
500
501
503
506
504
505
507
508
509
502
513
512
510
516
515
514
511
517
518
487
521
524
522
520
523
526
527
525
519
528
530
529
531
533
532
537
536
534
535
538
539
540
541
542
543
546
545
547
544
548
549
551
552
550
553
555
557
556
558
554
559
560
563
562
561
568
565
567
569
566
564
570
571
573
572
576
574
577
578
580
583
582
581
575
579
584
585
589
593
591
588
587
590
592
594
595
596
599
598
601
602
597
604
603
600
605
586
606
613
608
607
611
610
612
609
614
615
616
618
617
619
624
623
621
620
622
625
626
627
628
629
632
631
630
633
634
635
636
637
638
639
646
641
644
642
643
645
647
648
649
640
650
651
652
657
656
659
655
654
658
653
660
661
662
663
664
670
665
666
668
669
667
671
672
673
674
679
680
676
683
678
682
681
675
677
684
685
686
687
688
692
689
690
691
693
694
695
696
697
698
699
701
700
705
702
703
704
706
707
708
709
710
716
715
712
713
711
714
717
718
719
720
721
722
723
725
727
724
728
726
730
729
731
732
733
735
736
740
738
734
737
739
741
742
743
744
745
746
749
748
747
750
751
753
752
754
755
756
757
758
760
759
763
762
761
764
765
766
767
768
772
769
770
774
773
771
776
775
778
777
780
779
781
784
783
782
787
785
788
786
789
790
791
792
794
793
795
797
796
802
800
803
806
804
801
805
807
799
798
814
816
812
809
808
815
817
811
813
810
822
820
819
824
821
827
826
818
825
823
832
829
833
835
831
834
830
836
837
828
838
839
840
842
843
846
847
841
844
845
848
850
849
854
852
851
853
856
857
855
858
860
859
862
861
867
863
864
868
866
865
869
870
871
877
873
874
878
872
876
875
880
879
881
883
884
890
882
889
885
887
888
891
886
895
896
894
898
897
900
901
892
893
899
902
909
906
907
903
908
910
904
911
905
912
913
918
920
921
915
917
916
919
914
923
922
924
925
927
930
929
926
928
931
932
933
934
935
936
937
940
941
938
939
942
943
944
945
946
947
949
948
951
950
954
955
953
952
960
956
963
962
964
965
957
958
961
959
966
967
970
971
975
968
973
972
969
974
976
979
977
978
981
982
980
985
983
984
986
987
988
989
995
992
991
993
996
990
997
999
1002
1001
1000
1003
1004
1005
1006
1007
1008
1009
1011
1010
1015
1012
1014
1013
1016
1017
1018
1019
1020
1021
1022
1023
1024
1025
1026
994
1027
1028
1031
1029
1030
1032
998
1033
1034
1035
1036
1037
1040
1039
1038
1042
1041
1043
1044
1045
1046
1047
1048
1049
1050
1053
1052
1051
1054
1055
1056
1057
1058
1059
1060
1061
1063
1062
1065
1064
1066
1067
1068
1069
1070
1071
1072
1073
1074
1076
1077
1075
1078
1079
1080
1081
1082
1083
1084
1087
1085
1086
1088
1090
1089
1091
1092
1093
1094
1095
1096
1097
1098
1099
1100
1101
1103
1102
1104
1105
1107
1106
1108
1109
1110
1112
1113
1111
1122
1117
1116
1114
1121
1119
1115
1120
1118
1123
1125
1129
1132
1126
1130
1133
1131
1128
1127
1124
1142
1138
1143
1134
1135
1136
1137
1139
1141
1140
1144
1145
1147
1149
1150
1151
1152
1148
1153
1146
1154
1155
1160
1158
1159
1161
1163
1162
1164
1156
1157
1168
1166
1167
1174
1173
1170
1169
1165
1172
1171
1175
1177
1178
1176
1179
1180
1181
1182
1184
1183
1185
1186
1188
1189
1187
1190
1193
1191
1194
1192
1195
1196
1198
1197
1199
1200
1202
1201
1203
1205
1204
1206
1209
1207
1210
1208
1211
1214
1212
1213
1215
1216
1217
1218
1219
1220
1221
1222
1223
1224
1225
1226
1227
1228
1230
1229
1231
1236
1237
1239
1238
1234
1232
1235
1233
1242
1243
1245
1244
1247
1246
1248
1249
1250
1252
1253
1251
1254
1256
1255
1257
1258
1259
1260
1261
1262
1264
1263
1265
1266
1268
1267
1269
1271
1270
1272
1273
1241
1276
1280
1275
1274
1281
1277
1278
1240
1279
1283
1284
1291
1289
1286
1287
1282
1285
1290
1288
1292
1293
1295
1294
1300
1301
1298
1299
1296
1302
1303
1297
1304
1305
1306
1307
1310
1309
1308
1311
1312
1313
1315
1314
1316
1317
1318
1319
1320
1322
1323
1326
1325
1324
1327
1321
1329
1330
1328
1331
1332
1333
1336
1334
1335
1337
1338
1339
1341
1340
1342
1347
1344
1345
1346
1343
1348
1349
1350
1351
1352
1355
1357
1353
1354
1356
1358
1359
1361
1360
1362
1363
1365
1367
1366
1368
1371
1370
1372
1369
1364
1373
1374
1375
1376
1377
1380
1379
1381
1382
1378
1383
1384
1385
1386
1389
1387
1388
1390
1391
1392
1393
1394
1395
1396
1401
1397
1403
1398
1404
1402
1406
1405
1399
1412
1407
1410
1415
1413
1409
1411
1408
1414
1417
1416
1419
1423
1422
1424
1421
1418
1420
1425
1426
1400
1428
1427
1431
1437
1429
1438
1430
1435
1434
1433
1439
1436
1432
1449
1440
1441
1443
1448
1445
1447
1444
1442
1446
1459
1453
1450
1455
1451
1458
1452
1454
1456
1457
1460
1468
1465
1461
1464
1463
1462
1467
1466
1469
1472
1473
1470
1478
1471
1479
1477
1475
1474
1476
1480
1482
1483
1481
1486
1489
1485
1487
1488
1484
1490
1491
1492
1496
1493
1495
1499
1497
1498
1500
1494
1501
1502
1507
1510
1509
1506
1508
1511
1504
1512
1505
1503
1513
1514
1515
1519
1517
1518
1516
1522
1521
1520
1523
1524
1525
1526
1534
1529
1531
1533
1530
1532
1528
1527
1535
1539
1542
1536
1545
1540
1543
1541
1537
1544
1538
1546
1547
1550
1551
1552
1549
1553
1548
1555
1554
1556
1557
1559
1562
1564
1560
1565
1561
1563
1558
1567
1566
1568
1573
1569
1572
1574
1570
1571
1575
1577
1576
1578
1579
1582
1580
1581
1583
1586
1585
1584
1587
1588
1589
1590
1591
1592
1593
1596
1595
1594
1597
1598
1599
1600
1605
1607
1601
1606
1608
1602
1604
1610
1609
1603
1615
1612
1613
1617
1614
1620
1611
1616
1618
1619
1621
1622
1624
1625
1629
1626
1623
1627
1630
1628
1631
1632
1633
1639
1638
1635
1640
1637
1636
1634
1641
1642
1643
1644
1645
1647
1649
1650
1648
1646
1651
1652
1654
1653
1655
1658
1657
1660
1661
1659
1662
1663
1656
1664
1665
1666
1667
1669
1672
1673
1670
1671
1674
1668
1675
1676
1677
1678
1680
1681
1679
1682
1684
1685
1683
1686
1687
1688
1689
1690
1692
1694
1693
1699
1697
1691
1700
1701
1695
1698
1702
1696
1703
1707
1710
1704
1706
1705
1708
1712
1713
1711
1709
1714
1717
1718
1716
1719
1720
1721
1722
1715
1723
1724
1725
1726
1728
1729
1730
1727
1731
1732
1734
1733
1737
1739
1740
1738
1741
1742
1735
1744
1745
1746
1747
1748
1749
1743
1750
1736
1751
1752
1753
1755
1756
1758
1759
1760
1763
1762
1754
1761
1764
1765
1766
1767
1768
1772
1769
1773
1771
1774
1777
1770
1775
1780
1781
1779
1782
1783
1784
1757
1785
1778
1786
1788
1790
1787
1791
1792
1793
1789
1794
1795
1796
1797
1776
1798
1799
1800
1802
1803
1805
1804
1806
1808
1801
1809
1810
1811
1812
1814
1815
1816
1807
1818
1820
1821
1819
1813
1823
1822
1817
1824
1825
1827
1829
1826
1831
1832
1833
1834
1828
1835
1830
1836
1837
1838
1839
1840
1841
1843
1842
1845
1844
1846
1847
1848
1849
1853
1854
1855
1851
1852
1857
1856
1860
1862
1850
1861
1863
1866
1865
1864
1868
1870
1867
1872
1871
1873
1874
1858
1876
1875
1877
1878
1879
1881
1882
1883
1884
1880
1886
1887
1888
1869
1885
1889
1890
1891
1892
1893
1901
1900
1896
1895
1894
1859
1902
1899
1898
1897
1903
1911
1906
1908
1912
1905
1909
1910
1907
1904
1913
1915
1917
1914
1916
1920
1919
1921
1918
1922
1923
1925
1927
1924
1926
1928
1929
1932
1930
1931
1933
1934
1935
1936
1937
1939
1943
1940
1941
1942
1945
1944
1946
1947
1938
1948
1949
1951
1952
1950
1954
1953
1955
1956
1958
1957
1959
1961
1960
1962
1963
1964
1965
1967
1966
1968
1969
1970
1971
1972
1973
1975
1974
1977
1976
1978
1979
1981
1980
1982
1983
1984
1985
1986
1987
1989
1990
1991
1988
1993
1994
1992
1995
1996
1997
1998
1999
2002
2003
2005
2006
2004
2007
2008
2009
2010
2013
2011
2014
2012
2015
2017
2016
2018
2020
2019
2022
2021
2026
2023
2025
2024
2027
2029
2028
2030
2031
2032
2033
2034
2036
2038
2035
2040
2037
2041
2039
2042
2001
2000
2043
2044
2045
2046
2047
2050
2049
2048
2052
2051
2053
2054
2055
2057
2058
2059
2056
2060
2062
2061
2063
2064
2065
2066
2067
2069
2068
2070
2072
2071
2073
2076
2075
2074
2077
2078
2079
2081
2080
2082
2083
2085
2086
2084
2087
2088
2089
2090
2092
2091
2093
2094
2095
2099
2101
2097
2098
2100
2103
2096
2102
2105
2104
2106
2109
2107
2108
2110
2111
2113
2115
2114
2112
2116
2117
2118
2119
2120
2123
2125
2122
2121
2124
2126
2127
2128
2129
2130
2131
2134
2132
2133
2135
2136
2137
2139
2138
2140
2141
2142
2144
2145
2143
2146
2149
2150
2148
2147
2151
2152
2153
2154
2155
2156
2157
2160
2158
2159
2161
2162
2163
2164
2165
2166
2167
2170
2168
2171
2169
2172
2173
2174
2175
2176
2177
2178
2179
2183
2184
2182
2181
2185
2180
2186
2188
2187
2189
2190
2193
2196
2194
2191
2195
2192
2198
2197
2199
2200
2201
2203
2202
2207
2204
2206
2208
2209
2205
2210
2211
2212
2214
2216
2213
2215
2218
2217
2220
2219
2221
2223
2222
2224
2225
2230
2228
2231
2229
2227
2226
2233
2232
2234
2237
2242
2244
2243
2245
2235
2236
2246
2247
2248
2249
2251
2250
2252
2253
2254
2255
2256
2257
2238
2241
2240
2258
2259
2239
2261
2262
2263
2260
2264
2265
2266
2270
2267
2268
2272
2273
2271
2269
2274
2276
2275
2277
2279
2278
2287
2286
2281
2282
2280
2283
2285
2284
2288
2289
2290
2291
2297
2298
2294
2299
2295
2292
2296
2293
2300
2301
2302
2303
2308
2306
2305
2304
2310
2311
2309
2312
2307
2313
2314
2316
2317
2315
2323
2320
2318
2322
2321
2325
2326
2319
2327
2328
2331
2329
2330
2332
2335
2334
2336
2324
2337
2333
2340
2341
2339
2338
2343
2342
2344
2346
2347
2345
2348
2349
2350
2351
2353
2352
2354
2355
2356
2358
2357
2359
2361
2360
2362
2363
2365
2364
2366
2367
2368
2371
2369
2370
2372
2374
2373
2375
2376
2377
2378
2379
2380
2381
2382
2383
2385
2384
2386
2388
2387
2389
2390
2391
2392
2393
2394
2396
2395
2397
2398
2399
2401
2400
2402
2403
2409
2408
2405
2404
2407
2406
2410
2411
2412
2417
2413
2418
2421
2420
2415
2419
2416
2414
2422
2423
2429
2431
2427
2428
2425
2424
2433
2426
2430
2432
2434
2435
2436
2439
2440
2438
2443
2442
2437
2441
2444
2445
2446
2447
2449
2448
2450
2452
2451
2454
2453
2455
2456
2457
2458
2459
2461
2460
2462
2464
2463
2465
2466
2467
2468
2469
2470
2471
2472
2473
2476
2478
2479
2477
2474
2475
2480
2481
2482
2483
2486
2487
2484
2489
2485
2488
2490
2492
2493
2491
2494
2495
2496
2502
2500
2497
2498
2503
2499
2505
2504
2501
2506
2507
2511
2514
2513
2512
2509
2516
2510
2515
2508
2517
2518
2519
2520
2521
2522
2523
2526
2527
2524
2525
2528
2530
2529
2531
2534
2535
2533
2532
2536
2537
2538
2539
2540
2541
2542
2543
2544
2545
2546
2548
2547
2550
2549
2551
2552
2553
2554
2555
2556
2558
2557
2560
2559
2562
2563
2561
2564
2565
2566
2567
2568
2570
2579
2578
2572
2569
2574
2573
2577
2576
2575
2571
2580
2586
2585
2582
2587
2581
2589
2584
2583
2588
2590
2591
2593
2594
2595
2599
2596
2592
2597
2598
2600
2601
2602
2603
2608
2609
2604
2607
2610
2606
2605
2611
2612
2613
2614
2620
2617
2621
2622
2619
2616
2615
2623
2618
2624
2625
2628
2626
2631
2632
2630
2633
2627
2629
2634
2635
2637
2636
2638
2639
2642
2644
2640
2643
2645
2641
2647
2646
2648
2649
2650
2651
2655
2654
2653
2652
2656
