5
7
4
1
3
8
2
6
9
0
10
14
13
11
12
19
15
16
17
18
21
23
29
24
26
25
22
27
28
20
30
32
31
33
38
34
35
40
46
43
44
36
37
42
39
45
41
48
50
47
52
54
51
56
53
55
58
59
57
60
65
64
61
62
63
66
67
68
69
70
72
71
74
73
75
77
78
80
79
82
81
83
49
84
76
85
86
89
91
88
90
92
87
93
95
96
94
97
102
98
99
101
103
104
106
105
107
100
111
110
108
109
113
116
115
114
112
117
119
118
120
123
122
126
124
127
125
133
134
135
130
132
136
128
129
137
138
139
141
142
143
144
121
145
147
140
148
146
149
150
151
152
153
154
155
156
157
158
159
160
161
162
163
164
165
166
167
131
169
168
170
171
173
172
174
175
176
177
178
179
180
181
184
186
185
188
189
183
191
190
187
182
192
195
197
193
194
198
199
200
201
203
202
204
205
206
207
209
208
210
211
212
213
214
215
219
216
217
218
220
221
222
223
224
225
226
228
227
229
230
231
232
233
196
234
236
235
240
239
241
238
237
242
244
243
246
245
252
247
250
248
249
251
255
256
253
254
257
260
258
259
262
264
266
265
263
268
267
269
270
271
261
273
274
275
272
278
279
277
276
280
281
285
283
284
282
287
288
286
289
290
291
293
292
295
294
296
303
304
302
305
299
298
300
301
297
306
307
310
308
309
315
314
317
318
311
319
313
316
312
320
330
322
323
321
325
324
326
328
327
329
331
335
336
338
340
333
339
337
334
332
341
342
347
343
348
350
345
351
349
344
346
352
353
354
355
360
358
361
357
356
359
362
363
364
365
367
371
370
368
372
373
366
375
369
374
376
378
377
380
379
382
381
383
384
385
386
387
388
389
390
392
391
395
394
393
396
397
398
400
399
401
404
403
405
402
406
408
407
411
409
410
413
412
414
415
416
417
418
421
420
419
422
423
424
425
426
427
428
431
429
430
432
433
434
435
436
438
437
441
439
440
442
443
446
444
447
448
449
450
451
445
453
452
456
455
457
454
458
459
460
461
462
463
464
466
465
467
469
472
471
468
473
474
477
475
478
476
470
485
484
480
479
488
483
481
487
482
486
490
494
495
496
493
489
497
492
491
498
500
505
499
502
504
503
507
506
501
516
514
511
510
515
512
509
513
517
525
523
522
508
518
521
519
520
524
526
533
532
536
531
530
527
528
529
535
534
544
540
542
538
543
541
537
546
539
545
552
549
551
554
548
550
556
555
547
553
561
564
562
566
558
560
565
559
563
557
570
568
567
569
572
571
573
574
575
576
580
582
578
583
581
579
577
584
585
586
595
596
587
590
589
588
594
592
593
591
597
600
599
601
604
603
598
605
602
606
609
612
607
615
611
614
608
610
613
616
620
623
621
622
618
619
624
617
626
625
630
627
628
629
631
632
634
633
635
636
638
637
639
642
640
641
643
644
646
645
647
648
649
650
651
653
655
656
658
654
652
657
660
659
661
662
663
665
670
668
666
664
667
669
671
672
673
674
678
676
677
675
680
679
681
682
684
683
685
686
689
688
687
690
694
693
692
691
696
695
697
698
700
699
701
703
704
705
706
702
708
710
707
709
711
712
713
714
719
715
720
718
721
716
717
723
722
724
725
726
728
729
731
730
727
734
732
733
735
736
737
739
740
743
738
744
742
741
746
745
747
749
748
753
750
756
751
754
752
755
757
758
759
760
761
762
764
768
769
765
767
766
763
770
771
773
772
776
775
779
777
774
778
780
781
782
783
784
789
787
788
785
790
791
786
792
794
793
795
800
802
804
801
803
797
799
796
798
805
806
808
809
813
812
814
811
810
807
815
816
817
818
819
821
820
823
822
826
824
825
827
828
829
830
831
833
832
835
834
836
838
837
840
839
841
842
844
845
843
850
847
849
846
852
848
851
853
854
861
862
860
856
863
857
858
855
864
859
865
866
867
869
868
870
871
872
874
873
875
876
877
878
879
880
881
884
883
882
885
886
887
888
889
890
893
891
895
892
894
896
897
898
899
900
901
902
904
903
906
908
905
907
909
911
912
910
914
922
920
915
921
917
913
918
916
919
923
925
924
926
927
928
931
930
932
929
933
935
934
936
937
938
939
940
941
942
945
944
943
947
946
948
949
951
950
952
954
955
958
956
953
957
959
960
961
962
964
963
965
967
968
969
966
970
971
972
973
974
977
979
976
978
975
982
983
980
984
981
985
986
987
989
990
988
992
994
996
991
995
999
997
993
998
1000
1001
1002
1004
1003
1008
1007
1005
1010
1009
1006
1011
1012
1013
1014
1016
1022
1018
1015
1023
1020
1017
1021
1024
1019
1027
1030
1032
1029
1031
1026
1033
1025
1028
1034
1035
1036
1037
1041
1043
1044
1039
1038
1040
1042
1045
1047
1046
1048
1049
1050
1051
1052
1053
1054
1055
1058
1056
1057
1059
1060
1061
1063
1062
1064
1065
1066
1068
1067
1069
1070
1071
1072
1073
1074
1075
1076
1077
1078
1080
1081
1079
1082
1084
1085
1083
1086
1087
1088
1089
1090
1091
1092
1094
1095
1096
1093
1097
1098
1099
1100
1101
1102
1103
1105
1104
1106
1108
1110
1107
1111
1109
1112
1113
1114
1115
1116
1119
1117
1121
1120
1118
1122
1123
1124
1125
1126
1127
1128
1129
1132
1130
1131
1135
1134
1136
1133
1137
1138
1139
1140
1141
1143
1144
1145
1146
1142
1147
1148
1158
1157
1149
1154
1156
1152
1153
1155
1151
1150
1159
1160
1161
1162
1164
1163
1166
1165
1167
1168
1171
1169
1170
1172
1173
1174
1175
1176
1178
1180
1181
1179
1177
1183
1182
1184
1187
1188
1186
1193
1190
1192
1189
1185
1191
1194
1195
1196
1197
1198
1199
1203
1201
1204
1200
1202
1206
1205
1207
1208
1211
1213
1214
1212
1210
1209
1215
1216
1217
1218
1219
1220
1221
1225
1226
1224
1222
1228
1223
1227
1229
1230
1231
1235
1238
1233
1234
1239
1236
1237
1232
1240
1243
1241
1242
1244
1245
1247
1249
1248
1250
1246
1251
1252
1253
1254
1256
1257
1255
1258
1259
1260
1261
1262
1263
1264
1265
1266
1268
1271
1267
1269
1273
1270
1272
1275
1274
1276
1277
1278
1279
1280
1282
1281
1283
1284
1285
1286
1287
1288
1289
1290
1291
1292
1296
1293
1297
1295
1298
1294
1299
1300
1301
1302
1303
1304
1305
1307
1310
1309
1313
1308
1315
1316
1311
1312
1314
1306
1317
1318
1320
1325
1319
1324
1326
1323
1322
1321
1327
1328
1329
1330
1333
1332
1334
1335
1331
1336
1337
1338
1339
1340
1341
1344
1342
1345
1343
1347
1348
1349
1346
1351
1350
1352
1353
1354
1356
1357
1355
1359
1360
1358
1361
1362
1363
1364
1367
1370
1369
1373
1365
1374
1371
1366
1368
1372
1375
1376
1377
1378
1381
1379
1383
1380
1385
1384
1382
1386
1387
1388
1389
1390
1391
1395
1392
1393
1394
1397
1396
1398
1400
1401
1399
1402
1403
1405
1406
1404
1407
1408
1409
1410
1411
1412
1413
1414
1415
1416
1417
1418
1419
1420
1421
1423
1422
1424
1425
1426
1427
1428
1429
1432
1431
1433
1430
1434
1436
1435
1437
1438
1439
1440
1442
1443
1441
1444
1446
1445
1447
1448
1449
1450
1451
1453
1452
1457
1456
1454
1455
1458
1459
1463
1461
1460
1462
1464
1466
1471
1473
1472
1468
1469
1474
1465
1467
1470
1475
1476
1477
1481
1480
1479
1478
1482
1483
1484
1485
1486
1487
1488
1489
1494
1491
1495
1492
1493
1490
1496
1497
1498
1499
1500
1501
1503
1506
1505
1502
1508
1507
1504
1509
1510
1511
1512
1514
1515
1513
1516
1518
1517
1520
1519
1521
1522
1523
1525
1526
1524
1528
1527
1530
1531
1529
1532
1533
1534
1539
1536
1541
1537
1538
1535
1540
1542
1543
1544
1545
1546
1547
1551
1552
1550
1553
1554
1548
1549
1555
1556
1557
1558
1563
1561
1560
1564
1567
1559
1565
1566
1562
1568
1569
1570
1576
1575
1573
1572
1577
1571
1574
1578
1579
1584
1581
1585
1583
1588
1582
1580
1586
1587
1589
1590
1591
1593
1592
1599
1594
1598
1596
1595
1600
1601
1602
1603
1605
1607
1608
1604
1606
1609
1610
1611
1612
1613
1614
1616
1618
1619
1615
1617
1620
1621
1623
1624
1625
1627
1628
1630
1629
1631
1626
1632
1633
1634
1636
1635
1637
1639
1597
1640
1641
1638
1642
1643
1644
1645
1646
1647
1648
1650
1651
1649
1652
1653
1654
1655
1656
1657
1622
1659
1658
1660
1665
1663
1666
1661
1662
1664
1667
1668
1669
1670
1675
1672
1676
1677
1671
1673
1674
1678
1679
1680
1681
1682
1683
1684
1685
1687
1686
1689
1688
1690
1691
1692
1693
1694
1698
1696
1697
1699
1695
1700
1701
1702
1703
1704
1705
1708
1709
1706
1713
1707
1712
1710
1711
1714
1717
1715
1716
1719
1721
1718
1723
1720
1724
1722
1726
1725
1727
1728
1734
1731
1730
1729
1733
1732
1735
1736
1737
1738
1739
1741
1740
1742
1743
1744
1745
1746
1747
1748
1749
1750
1752
1751
1753
1754
1755
1757
1756
1759
1758
1760
1761
1762
1763
1764
1767
1765
1768
1766
1769
1770
1771
1772
1773
1774
1775
1778
1776
1777
1779
1780
1781
1782
1783
1784
1785
1786
1787
1788
1789
1791
1792
1790
1794
1793
1795
1796
1797
1798
1799
1800
1803
1802
1801
1805
1804
1806
1807
1809
1808
1810
1811
1814
1813
1812
1817
1819
1818
1820
1821
1815
1824
1823
1816
1822
1825
1826
1828
1830
1827
1829
1831
1834
1832
1833
1835
1836
1837
1838
1843
1844
1840
1846
1841
1839
1842
1845
1847
1848
1850
1849
1855
1854
1856
1857
1852
1858
1853
1851
1859
1860
1861
1866
1865
1864
1863
1870
1869
1862
1867
1868
1871
1872
1875
1876
1879
1874
1873
1880
1878
1881
1877
1882
1883
1884
1885
1886
1887
1888
1889
1891
1890
1892
1893
1894
1895
1896
1897
1898
1899
1900
1902
1903
1904
1901
1905
1906
1907
1908
1911
1918
1912
1914
1917
1910
1909
1915
1916
1913
1920
1919
1922
1923
1925
1928
1924
1926
1927
1921
1930
1929
1932
1933
1937
1938
1931
1936
1934
1935
1939
1940
1941
1942
1943
1946
1945
1947
1944
1949
1950
1951
1948
1952
1953
1954
1955
1957
1958
1956
1960
1961
1959
1962
1963
1964
1965
1966
1967
1968
1969
1970
1972
1971
1973
1977
1981
1979
1976
1975
1982
1974
1980
1978
1983
1984
1985
1986
1987
1992
1989
1990
1988
1991
1994
1993
1995
1996
1997
1998
2000
1999
2001
2002
2004
2003
2005
2006
2007
2008
2009
2010
2011
2014
2013
2012
2015
2017
2016
2019
2018
2020
2021
2022
2024
2025
2023
2027
2026
2030
2029
2031
2032
2028
2033
2034
2036
2035
2037
2039
2038
2040
2042
2043
2041
2044
2045
2046
2047
2048
2050
2051
2049
2052
2053
2054
2056
2055
2057
2058
2059
2060
2061
2062
2063
2064
2066
2065
2068
2069
2070
2071
2072
2073
2074
2076
2077
2067
2080
2078
2079
2081
2082
2083
2075
2084
2085
2086
2087
2088
2089
2091
2090
2092
2095
2093
2096
2094
2097
2098
2099
2100
2101
2102
2103
2106
2104
2105
2107
2108
2109
2110
2111
2112
2113
2114
2115
2116
2117
2118
2119
2120
2121
2122
2123
2124
2125
2126
2127
2130
2128
2129
2133
2135
2138
2131
2134
2132
2139
2137
2140
2136
2141
2142
2147
2146
2150
2148
2145
2149
2143
2144
2151
2152
2153
2154
2158
2155
2160
2162
2156
2159
2157
2161
2163
2164
2165
2166
2167
2171
2170
2169
2172
2168
2173
2174
2175
2176
2177
2178
2179
2180
2183
2182
2186
2187
2184
2181
2185
2188
2189
2191
2190
2192
2194
2193
2195
2197
2198
2196
2199
2200
2201
2202
2203
2204
2205
2208
2207
2206
2209
2211
2212
2210
2213
2214
2215
2216
2219
2218
2217
2220
2221
2223
2222
2225
2224
2226
2227
2228
2229
2230
2231
2232
2234
2236
2233
2235
2238
2239
2237
2240
2241
2244
2245
2243
2247
2248
2251
2242
2249
2246
2250
2252
2253
2256
2254
2258
2260
2259
2255
2261
2257
2263
2262
2264
2265
2267
2271
2268
2273
2272
2270
2266
2275
2269
2274
2277
2276
2278
2280
2281
2284
2283
2279
2285
2282
2286
2287
2288
2293
2289
2290
2292
2294
2295
2291
2296
2297
2298
2299
2301
2300
2302
2303
2305
2307
2308
2306
2304
2309
2310
2311
2312
2313
2316
2314
2320
2318
2315
2317
2319
2321
2322
2323
2324
2325
2327
2326
2331
2330
2329
2332
2328
2333
2334
2335
2336
2337
2338
2339
2340
2344
2341
2342
2343
2345
2346
2347
2349
2350
2356
2358
2357
2359
2351
2352
2353
2354
2355
2360
2348
2361
2362
2363
2364
2365
2368
2366
2367
2370
2371
2369
2373
2372
2375
2382
2380
2381
2379
2383
2377
2374
2378
2376
2384
2385
2386
2387
2389
2393
2391
2390
2394
2388
2392
2395
2396
2397
2399
2403
2400
2404
2402
2401
2405
2408
2406
2407
2409
2413
2410
2414
2411
2412
2415
2416
2417
2398
2418
2419
2422
2425
2426
2423
2420
2427
2421
2424
2428
2429
2432
2430
2433
2434
2435
2437
2431
2436
2438
2439
2440
2441
2443
2445
2447
2446
2448
2442
2444
2449
2450
2451
2452
2454
2458
2461
2456
2453
2455
2459
2460
2457
2462
2463
2464
2466
2465
2471
2468
2469
2470
2472
2473
2467
2474
2475
2476
2477
2481
2479
2482
2478
2480
2485
2483
2484
2486
2487
2490
2488
2489
2494
2492
2493
2495
2491
2496
2497
2498
2499
2500
2504
2501
2503
2502
2506
2505
2507
2508
2509
2510
2513
2512
2515
2511
2514
2518
2517
2516
2519
2520
2521
2522
2525
2528
2523
2526
2530
2527
2524
2529
2531
2539
2532
2537
2538
2540
2541
2535
2534
2533
2536
2542
2543
2545
2551
2549
2548
2544
2547
2550
2546
2552
2553
2556
2555
2562
2559
2561
2560
2558
2557
2563
2554
2564
2565
2566
2568
2567
2569
2571
2572
2570
2574
2573
2575
2576
2577
2578
2579
2580
2581
2584
2582
2583
2586
2585
2587
2588
2589
2590
2592
2591
2595
2594
2597
2593
2598
2596
2599
2600
2601
2603
2605
2602
2604
2609
2607
2606
2608
2611
2610
2612
2613
2614
2616
2620
2621
2615
2618
2622
2617
2623
2624
2625
2619
2626
2630
2627
2628
2631
2629
2632
2633
2634
2635
2636
2637
2639
2638
2641
2640
2642
2643
2644
2645
2646
2647
2648
2649
2650
2651
2652
2654
2653
2655
2656
2657
2658
2659
2660
2661
2662
2663
2664
2665
2666
2668
2667
2669
2670
2671
2672
2674
2673
2675
2676
2677
2681
2678
2679
2680
2682
2684
2686
2685
2683
2687
2688
2689
2690
2695
2691
2696
2698
2694
2693
2697
2692
2699
2700
2701
2702
2704
2709
2705
2708
2703
2707
2706
2710
2711
2712
2715
2713
2719
2717
2716
2720
2714
2721
2718
2722
2723
2724
2728
2727
2729
2726
2731
2725
2730
2733
2732
2734
2735
2736
2737
2742
2739
2740
2738
2743
2741
2744
2747
2745
2746
2748
2752
2750
2749
2753
2754
2751
2756
2755
2757
2758
2759
2760
2766
2761
2763
2764
2762
2765
2767
2768
2771
2772
2770
2769
2774
2776
2778
2779
2777
2775
2781
2773
2780
2782
2783
2784
2785
2787
2790
2792
2791
2788
2786
2789
2793
2795
2794
2796
2797
2798
2802
2800
2799
2801
2803
2804
2805
2806
2807
2808
2809
2811
2813
2810
2812
2815
2817
2814
2816
2818
2819
2820
2822
2823
2821
2826
2824
2828
2825
2827
2829
2830
2831
2832
2833
2834
2835
2838
2837
2839
2836
2840
2841
2842
2843
2844
2845
2846
2847
2857
2853
2852
2851
2850
2854
2855
2848
2856
2849
2865
2859
2866
2861
2867
2862
2858
2863
2864
2860
2875
2870
2871
2868
2869
2873
2872
2874
2876
2877
2887
2886
2882
2878
2881
2879
2883
2884
2880
2885
2890
2888
2889
2891
2896
2895
2894
2893
2892
2897
2899
2898
2900
2901
2902
2903
2906
2905
2907
2904
2908
2910
2911
2909
2912
2915
2916
2913
2914
2917
2918
2919
2921
2920
2922
2924
2926
2923
2925
2927
2928
2929
2931
2930
2932
2933
2935
2936
2934
2937
2938
2939
2940
2941
2943
2945
2947
2946
2948
2942
2949
2950
2951
2944
2954
2953
2952
2955
2956
2957
2958
2959
2960
2961
2963
2962
2964
2965
2967
2966
2968
2970
2969
2971
2974
2973
2972
2975
2977
2976
2980
2979
2978
2981
2982
2984
2985
2983
2986
2987
2988
2989
2990
2991
2995
2994
2993
2992
2996
2997
2998
2999
3000
3001
3002
3005
3007
3003
3006
3004
3008
3010
3009
3011
3012
3013
3016
3017
3021
3019
3025
3024
3014
3015
3022
3023
3018
3020
3029
3030
3028
3032
3027
3026
3031
3034
3035
3033
3036
3040
3039
3038
3042
3041
3037
3044
3043
3045
3046
3051
3052
3055
3049
3048
3053
3054
3056
3047
3050
3057
3058
3060
3061
3059
3062
3066
3064
3065
3063
3067
3070
3068
3072
3073
3074
3069
3071
3075
3077
3078
3079
3076
3082
3081
3080
3084
3083
3085
3086
3088
3091
3093
3094
3092
3089
3087
3095
3097
3096
3090
3103
3098
3102
3104
3105
3106
3107
3108
3109
3110
3114
3115
3112
3113
3111
3119
3118
3116
3117
3120
3121
3122
3100
3099
3101
3125
3124
3126
3127
3123
3129
3131
3130
3134
3128
3135
3133
3138
3140
3137
3136
3139
3141
3142
3143
3132
3147
3145
3149
3150
3151
3144
3146
3152
3148
3155
3156
3159
3154
3157
3160
3153
3158
3162
3161
3168
3171
3170
3172
3167
3166
3163
3169
3164
3173
3174
3175
3176
3177
3178
3180
3179
3181
3182
3183
3185
3186
3184
3187
3189
3191
3190
3188
3165
3194
3193
3198
3199
3195
3200
3192
3201
3202
3203
3208
3205
3204
3206
3207
3209
3213
3214
3215
3212
3210
3211
3216
3196
3197
3217
3218
3220
3221
3219
3222
3224
3223
3226
3225
3227
3231
3230
3228
3234
3233
3235
3237
3236
3229
3232
3241
3239
3242
3240
3238
3244
3245
3247
3246
3243
3249
3248
3250
3251
3252
3254
3256
3257
3253
3255
3259
3258
3260
3261
3262
3263
3264
3266
3267
3269
3270
3268
3265
3271
3272
3273
3274
3275
3276
3280
3281
3282
3283
3278
3277
3279
3284
3285
3286
3287
3288
3290
3291
3292
3293
3294
3295
3296
3297
3298
3301
3303
3304
3300
3306
3305
3299
3302
3307
3313
3309
3310
3312
3314
3315
3308
3316
3311
3320
3322
3321
3289
3318
3324
3317
3325
3323
3327
3330
3334
3332
3319
3329
3331
3326
3328
3333
3335
3336
3337
3339
3338
3341
3340
3342
3343
3344
3346
3345
3347
3348
3352
3350
3351
3354
3353
3349
3356
3355
3357
3358
3363
3360
3361
3359
3362
3367
3365
3366
3368
3364
3369
3370
3372
3371
3373
3376
3374
3375
3377
3378
3379
3380
3381
3382
3383
3386
3387
3385
3388
3390
3389
3384
3391
3393
3392
3395
3396
3397
3398
3399
3394
3400
3401
3404
3402
3403
3405
3406
3407
3408
3409
3410
3411
3412
3413
3414
3415
3416
3417
3418
3419
3420
3421
3423
3422
3424
3425
3426
3428
3429
3430
3431
3427
3432
3433
3434
3435
3436
3437
3438
3441
3440
3442
3443
3447
3446
3445
3448
3450
3449
3451
3452
3444
3457
3460
3459
3461
3462
3456
3455
3454
3453
3464
3465
3467
3466
3468
3469
3470
3463
3471
3472
3439
3473
3474
3475
3476
3477
3478
3479
3481
3480
3483
3484
3458
3485
3488
3490
3487
3491
3482
3489
3486
3492
3493
3494
3495
3502
3497
3498
3496
3500
3501
3499
3503
3505
3504
3507
3509
3511
3510
3508
3512
3506
3514
3515
3513
3516
3517
3520
3522
3518
3519
3521
3523
3524
3525
3526
3527
3528
3530
3532
3529
3531
3533
3534
3536
3535
3537
3538
3543
3540
3541
3542
3544
3539
3548
3545
3546
3547
3550
3549
3551
3552
3557
3555
3553
3554
3556
3558
3560
3561
3562
3564
3565
3563
3567
3568
3566
3569
3570
3571
3559
3574
3572
3573
3575
3576
3577
3579
3578
3581
3580
3591
3583
3590
3584
3586
3585
3589
3588
3582
3587
3592
3596
3598
3599
3595
3597
3594
3600
3601
3593
3602
3606
3605
3610
3611
3608
3607
3609
3612
3613
3614
3615
3616
3619
3617
3618
3620
3624
3621
3627
3626
3623
3625
3622
3628
3629
3631
3634
3636
3633
3632
3635
3630
3604
3603
3637
3638
3639
3640
3641
3643
3646
3645
3642
3644
3647
3648
3649
3650
3653
3651
3656
3654
3655
3652
3657
3658
3659
3660
3661
3663
3666
3667
3664
3662
3668
3669
3670
3665
3671
3672
3673
3674
3676
3675
3679
3680
3677
3678
3681
3682
3683
3684
3685
3693
3689
3691
3694
3695
3686
3692
3688
3687
3690
3702
3703
3704
3697
3705
3699
3696
3701
3700
3698
3706
3707
3708
3709
3713
3711
3710
3712
3715
3714
3716
3717
3718
3720
3721
3722
3723
3719
3724
3725
3726
3727
3728
3729
3730
3731
3735
3732
3733
3736
3734
3737
3738
3739
3740
3741
3742
3745
3743
3744
3747
3746
3748
3749
3750
3751
3752
3753
3755
3754
3759
3756
3758
3757
3760
3761
3762
3763
3764
3765
3768
3770
3767
3769
3766
3771
3772
3773
3774
3775
3776
3777
3778
3780
3779
3782
3781
3783
3784
3785
3786
3787
3788
3789
3790
3791
3792
3793
3794
3795
3796
3797
3798
3799
3801
3800
3802
3803
3804
3806
3805
3807
3808
3809
3810
3812
3813
3811
3816
3815
3814
3817
3818
3819
3821
3820
3822
3823
3824
3825
3826
3827
3828
3829
3830
3831
3832
3833
3835
3834
3836
3839
3838
3837
3840
3841
3842
3843
3847
3845
3850
3848
3851
3849
3844
3846
3853
3852
3854
3855
3856
3859
3858
3863
3860
3857
3862
3861
3864
3865
3866
3867
3873
3871
3868
3869
3872
3870
3874
3875
3876
3877
3878
3879
3882
3881
3880
3883
3885
3884
3886
3887
3888
3889
3890
3891
3894
3893
3895
3896
3897
3898
3899
3900
3901
3902
3905
3904
3906
3903
3907
3908
3909
3910
3911
3912
3913
3914
3915
3916
3917
3918
3920
3921
3923
3922
3892
3919
3924
3926
3927
3925
3928
3929
3931
3930
3932
3933
3935
3934
3936
3937
3938
3941
3940
3939
3942
3943
3945
3944
3946
3947
3948
3950
3949
3951
3952
3953
3954
3958
3956
3957
3955
3959
3960
3961
3962
3963
3971
3972
3973
3967
3964
3969
3970
3968
3966
3965
3983
3976
3975
3974
3977
3979
3978
3980
3981
3982
3984
3986
3985
3987
3990
3989
3988
3993
3992
3994
3991
3995
3998
4000
4001
4002
4003
4004
3996
3997
3999
4005
4006
4007
4008
4009
4010
4011
4014
4012
4013
4015
4016
4017
4018
4019
4020
4021
4022
4024
4023
4025
4026
4028
4027
4029
4030
4031
4032
4033
4034
4036
4035
4037
4038
4039
4040
4041
4042
4043
4044
4050
4047
4048
4046
4053
4052
4049
4051
4054
4045
4055
4056
4060
4063
4057
4062
4059
4058
4064
4061
4065
4066
4072
4070
4067
4071
4069
4073
4068
4074
4075
4076
4077
4079
4078
4081
4084
4080
4083
4082
4085
4086
4087
4088
4089
4092
4091
4094
4096
4090
4095
4093
4097
4098
4099
4100
4101
4105
4102
4104
4106
4103
4107
4108
4109
4110
4111
4114
4115
4113
4112
4116
4117
4119
4118
4120
4121
4127
4129
4128
4123
4124
4125
4122
4126
4130
4131
4135
4139
4141
4134
4137
4132
4140
4138
4133
4136
4147
4151
4143
4146
4149
4142
4144
4148
4145
4150
4152
4153
4160
4159
4154
4157
4158
4155
4156
4161
4162
4163
4165
4166
4164
4167
4171
4169
4168
4170
4172
4173
4174
4175
4176
4177
4178
4180
4181
4179
4182
4183
4184
4185
4186
4188
4187
4189
4190
4193
4191
4192
4194
4196
4195
4197
4199
4201
4198
4200
4202
4203
4207
4209
4208
4210
4212
4211
4213
4216
4219
4204
4214
4205
4217
4215
4220
4218
4206
4224
4223
4222
4225
4228
4226
4227
4229
4221
4230
4231
4232
4233
4234
4235
4238
4237
4240
4236
4239
4241
4242
4243
4244
4245
4246
4247
4248
4251
4249
4250
4252
4253
4255
4254
4256
4258
4257
4260
4259
4262
4261
4263
4264
4265
4267
4268
4266
4270
4269
4272
4271
4273
4274
4275
4276
4277
4278
4281
4280
4279
4285
4283
4284
4282
4287
4286
4288
4294
4292
4293
4291
4290
4289
4295
4296
4298
4297
4299
4300
4305
4302
4303
4301
4304
4308
4306
4307
4309
4310
4311
4312
4314
4313
4315
4316
4318
4317
4319
4320
4321
4322
4328
4323
4327
4324
4325
4329
4330
4326
4331
4332
4334
4333
4337
4335
4338
4339
4340
4341
4342
4336
4344
4343
4349
4347
4351
4346
4345
4352
4348
4350
4354
4353
4355
4356
4361
4359
4358
4362
4360
4357
4363
4364
4366
4365
4372
4374
4367
4369
4373
4379
4370
4371
4368
4375
4376
4378
4377
4380
4382
4381
4384
4383
4385
4389
4386
4387
4388
4390
4391
4392
4393
4394
4395
4396
4397
4399
4398
4400
4401
4402
4403
4404
4405
4408
4406
4407
4409
4410
4411
4412
4413
4414
4415
4416
4417
4419
4420
4418
4421
4422
4423
4424
4425
4426
4427
4428
4430
4429
4434
4431
4435
4432
4433
4436
4437
4443
4442
4440
4446
4445
4439
4441
4444
4438
4447
4448
4449
4454
4450
4456
4455
4457
4451
4453
4452
4458
4460
4461
4459
4462
4467
4465
4466
4464
4463
4468
4469
4470
4472
4471
4473
4477
4474
4476
4478
4475
4481
4482
4479
4487
4488
4484
4486
4485
4483
4480
4489
4491
4496
4497
4495
4492
4493
4498
4494
4490
4499
4500
4501
4502
4503
4504
4507
4506
4505
4508
4509
4510
4511
4512
4513
4514
4518
4521
4516
4515
4519
4520
4522
4525
4526
4527
4530
4529
4528
4523
4535
4537
4532
4531
4533
4517
4524
4536
4534
4538
4540
4543
4539
4541
4545
4547
4544
4546
4542
4548
4549
4550
4551
4552
4557
4554
4556
4555
4558
4553
4559
4560
4561
4562
4565
4563
4567
4568
4569
4566
4564
4570
4571
4572
4579
4576
4582
4573
4574
4581
4578
4580
4575
4577
4583
4584
4591
4585
4586
4589
4588
4592
4587
4590
4593
4594
4595
4596
4597
4599
4598
4601
4600
4602
4604
4603
4605
4606
4607
4608
4610
4609
4612
4611
4613
4614
4615
4616
4617
4618
4621
4619
4620
4623
4624
4625
4626
4622
4627
4628
4629
4630
4638
4635
4637
4631
4633
4636
4634
4632
4639
4640
4641
4642
4647
4648
4645
4644
4649
4650
4646
4643
4651
4652
4654
4653
4657
4655
4659
4656
4658
4660
4662
4661
4670
4664
4669
4665
4672
4666
4668
4663
4671
4667
4673
4674
4680
4676
4675
4678
4681
4677
4679
4682
4684
4683
4688
4695
4685
4693
4689
4686
4690
4694
4691
4687
4692
4698
4697
4705
4703
4704
4699
4702
4701
4696
4700
4712
4707
4714
4711
4710
4709
4708
4706
4713
4715
4716
4721
4717
4718
4723
4719
4722
4725
4724
4720
4728
4727
4726
4729
4733
4732
4735
4731
4730
4734
4736
4737
4738
4739
4740
4742
4744
4741
4743
4745
4746
4747
4748
4749
4750
4755
4753
4756
4751
4754
4752
4757
4759
4758
4760
4761
4762
4764
4763
4766
4767
4765
4768
4769
4770
4771
4772
4773
4775
4776
4774
4777
4780
4778
4779
4781
4782
4791
4789
4785
4787
4784
4790
4786
4792
4788
4783
4793
4798
4797
4794
4802
4796
4800
4795
4799
4801
4804
4808
4803
4806
4807
4805
4809
4812
4811
4810
4813
4814
4815
4816
4817
4822
4819
4818
4820
4821
4823
4824
4825
4826
4827
4831
4833
4830
4829
4834
4828
4832
4836
4835
4837
4838
4839
4843
4844
4840
4841
4842
4846
4847
4845
4848
4849
4850
4853
4854
4852
4851
4857
4855
4856
4858
4859
4860
4862
4861
4863
4865
4867
4864
4866
4868
4869
4870
4871
4872
4873
4878
4879
4882
4881
4874
4883
4875
4876
4880
4877
4884
4886
4891
4893
4887
4885
4889
4888
4890
4892
4897
4901
4900
4894
4903
4895
4896
4898
4899
4902
4905
4907
4904
4908
4911
4912
4910
4913
4909
4906
4914
4915
4916
4917
4918
4919
4920
4921
4922
4923
4924
4926
4928
4927
4925
4929
4930
4932
4931
4933
4934
4938
4937
4936
4935
4939
4940
4941
4942
4943
4944
4945
4948
4946
4947
4950
4949
4951
4952
4954
4953
4955
4956
4958
4957
4960
4959
4962
4961
4964
4963
4965
4966
4967
4968
4973
4970
4969
4971
4972
4974
4975
4976
4977
4978
4983
4982
4981
4980
4986
4979
4984
4985
4987
4988
4990
4989
4993
4996
4991
4995
4992
4997
4998
4994
4999
5000
5001
5002
5006
5007
5004
5005
5003
5008
5009
5010
5011
5012
5017
5016
5015
5018
5014
5013
5019
5021
5023
5027
5024
5026
5022
5025
5028
5029
5030
5020
5031
5039
5035
5038
5037
5034
5033
5036
5041
5032
5040
5042
5043
5045
5049
5048
5050
5046
5044
5047
5051
5052
5053
5056
5055
5057
5058
5060
5061
5059
5054
5062
5063
5065
5064
5067
5066
5070
5072
5071
5069
5068
5073
5074
5075
5076
5077
5080
5081
5079
5078
5084
5083
5082
5085
5086
5087
5088
5092
5094
5095
5090
5093
5089
5091
5096
5097
5100
5099
5098
5102
5101
5103
5104
5106
5105
5107
5108
5110
5109
5113
5114
5115
5116
5112
5111
5117
5119
5120
5118
5121
5127
5126
5124
5125
5123
5122
5130
5128
5129
5131
5132
5133
5134
5135
5137
5138
5136
5139
5140
5141
5142
5143
5144
5145
5146
5147
5149
5148
5150
5151
5152
5153
5154
5155
5156
5160
5159
5158
5163
5161
5157
5165
5164
5166
5167
5169
5170
5168
5171
5172
5175
5173
5174
5177
5176
5178
5179
5182
5181
5180
5183
5184
5187
5185
5186
5188
5189
5190
5191
5193
5195
5162
5196
5198
5197
5194
5205
5204
5199
5201
5202
5200
5207
5203
5206
5192
5214
5212
5210
5208
5211
5209
5216
5213
5215
5217
5218
5219
5220
5222
5223
5221
5225
5224
5226
5227
5229
5228
5235
5237
5230
5233
5234
5236
5232
5231
5239
5238
5242
5243
5240
5244
5249
5246
5247
5245
5241
5251
5253
5257
5256
5254
5258
5252
5255
5250
5259
5260
5261
5264
5267
5265
5266
5262
5263
5268
5270
5269
5271
5274
5272
5273
5275
5276
5277
5248
5278
5279
5280
5281
5283
5285
5286
5282
5284
5287
5289
5290
5291
5288
5292
5294
5296
5293
5297
5295
5298
5301
5299
5300
5304
5305
5307
5303
5302
5306
5310
5309
5308
5311
5313
5317
5315
5312
5314
5319
5321
5318
5320
5316
5322
5323
5324
5325
5326
5331
5328
5327
5329
5330
5332
5334
5333
5335
5336
5337
5340
5341
5338
5339
5342
5344
5345
5343
5346
5347
5348
5349
5350
5351
5355
5354
5356
5357
5364
5360
5362
5365
5358
5361
5359
5363
5353
5352
5367
5368
5370
5369
5371
5373
5372
5375
5374
5366
5376
5377
5378
5381
5382
5383
5384
5379
5385
5380
5386
5387
5388
5389
5394
5393
5396
5392
5390
5391
5397
5398
5399
5400
5401
5403
5402
5405
5404
5407
5408
5406
5409
5410
5411
5412
5413
5419
5418
5414
5416
5415
5417
5420
5421
5422
5423
5425
5429
5427
5424
5426
5432
5433
5430
5431
5428
5434
5435
5436
5437
5438
5439
5442
5441
5440
5443
5444
5445
5446
5447
5448
5449
5452
5453
5450
5451
5454
5456
5455
5457
5459
5464
5462
5461
5463
5460
5466
5467
5458
5465
5468
5470
5472
5469
5471
5474
5478
5477
5476
5475
5479
5480
5482
5481
5484
5486
5487
5483
5485
5489
5488
5490
5491
5492
5493
5494
5496
5495
5498
5500
5499
5497
5501
5502
5503
5504
5505
5507
5506
5508
5509
5473
5510
5511
5512
5514
5513
5519
5521
5520
5522
5515
5524
5517
5523
5518
5516
5533
5534
5525
5530
5529
5526
5531
5527
5532
5528
5535
5544
5543
5537
5541
5542
5538
5540
5536
5539
5545
5553
5552
5547
5550
5555
5548
5551
5554
5546
5549
5557
5560
5561
5562
5558
5559
5556
5563
5564
5565
5573
5572
5566
5570
5568
5571
5575
5567
5574
5569
5577
5582
5578
5579
5581
5583
5580
5585
5576
5584
5592
5586
5587
5589
5590
5588
5591
5593
5595
5594
5596
5599
5601
5603
5597
5600
5604
5605
5602
5598
5612
5608
5611
5610
5609
5606
5607
5613
5614
5615
5617
5619
5625
5622
5616
5618
5620
5623
5621
5624
5627
5628
5632
5633
5634
5630
5626
5631
5629
5635
5636
5641
5639
5644
5640
5645
5638
5643
5637
5642
5646
5651
5647
5653
5649
5655
5654
5650
5648
5652
5659
5665
5660
5661
5657
5658
5663
5662
5656
5664
5668
5669
5670
5672
5671
5674
5666
5673
5667
5675
5680
5682
5681
5679
5684
5678
5683
5677
5685
5676
5689
5694
5692
5688
5686
5691
5687
5693
5695
5699
5701
5690
5697
5700
5702
5703
5698
5704
5705
5708
5711
5707
5706
5709
5712
5710
5713
5714
5715
5720
5717
5718
5723
5719
5721
5716
5722
5724
5725
5732
5727
5726
5731
5729
5728
5730
5733
5696
5734
5736
5735
5742
5739
5737
5743
5740
5745
5741
5744
5746
5747
5748
5749
5751
5750
5755
5754
5752
5753
5756
5757
5758
5759
5760
5761
5764
5765
5762
5763
5767
5766
5768
5769
5770
5771
5772
5773
5777
5774
5776
5775
5779
5778
5780
5781
5782
5783
5784
5791
5787
5789
5785
5792
5786
5788
5793
5790
5794
5799
5798
5800
5795
5797
5803
5796
5801
5804
5802
5805
5808
5806
5809
5810
5807
5813
5814
5811
5815
5812
5816
5817
5818
5819
5820
5821
5823
5822
5824
5825
5827
5826
5828
5829
5830
5831
5832
5833
5834
5835
5838
5836
5837
5840
5839
5841
5842
5843
5844
5845
5846
5847
5848
5850
5851
5849
5852
5853
5855
5856
5854
5858
5857
5859
5864
5865
5866
5867
5868
5869
5861
5860
5863
5862
5870
5871
5872
5875
5873
5874
5876
5877
5878
5879
5880
5881
5882
5885
5884
5883
5887
5886
5890
5889
5888
5892
5891
5893
5894
5895
5896
5898
5899
5897
5900
5902
5905
5901
5904
5903
5906
5907
5908
5909
5910
5911
5913
5912
5915
5914
5916
5917
5918
5920
5919
5921
5922
5923
5924
5925
5926
5927
5929
5928
5930
5931
5932
5933
5934
5935
5936
5937
5938
5941
5939
5940
5942
5943
5944
5945
5946
5947
5948
5949
5950
5951
5958
5961
5959
5954
5952
5955
5960
5953
5957
5956
5962
5965
5966
5963
5968
5971
5969
5967
5964
5970
5972
5973
5982
5983
5984
5985
5986
5987
5988
5989
5991
5990
5993
5992
5995
5994
5974
5976
5975
5978
5981
5979
5980
5977
5997
5996
5998
5999
6000
6005
6001
6007
6004
6006
6003
6002
6008
6009
6010
6012
6011
6017
6015
6014
6013
6019
6018
6016
6020
6021
6022
6023
6025
6029
6028
6027
6024
6026
6030
6031
6032
6033
6037
6036
6034
6035
6041
6039
6043
6042
6040
6046
6044
6047
6045
6048
6052
6050
6051
6038
6049
6054
6055
6056
6061
6064
6065
6066
6067
6068
6057
6069
6070
6072
6071
6053
6073
6074
6076
6075
6079
6077
6078
6080
6081
6083
6084
6085
6082
6086
6087
6091
6090
6089
6088
6060
6058
6059
6092
6063
6096
6094
6093
6095
6097
6098
6100
6099
6062
6103
6105
6101
6102
6104
6109
6107
6106
6108
6110
6111
6113
6117
6115
6118
6120
6116
6114
6112
6119
6121
6122
6123
6124
6125
6128
6127
6126
6130
6129
6131
6132
6133
6134
6135
6136
6137
6138
6143
6139
6141
6142
6144
6140
6145
6146
6148
6147
6153
6149
6152
6150
6154
6155
6156
6159
6158
6160
6157
6163
6165
6162
6164
6161
6166
6167
6169
6168
6174
6173
6170
6172
6171
6175
6176
6177
6178
6179
6180
6181
6183
6182
6184
6185
6186
6187
6189
6190
6192
6191
6193
6195
6188
6194
6196
6151
6197
6198
6199
6200
6201
6204
6203
6206
6208
6205
6202
6207
6209
6210
6211
6212
6216
6217
6213
6215
6218
6220
6219
6214
6222
6221
6223
6224
6225
6227
6230
6226
6229
6228
6231
6232
6234
6233
6235
6236
6237
6238
6242
6240
6241
6239
6244
6245
6243
6246
6248
6247
6249
6252
6251
6250
6253
6255
6256
6254
6257
6258
6259
6262
6261
6260
6263
6264
6265
6266
6268
6267
6269
6272
6275
6277
6270
6278
6274
6279
6271
6273
6276
6280
6281
6283
6287
6286
6289
6284
6288
6285
6282
6291
6290
6292
6293
6297
6296
6299
6298
6301
6300
6294
6295
6302
6303
6305
6304
6306
6308
6309
6311
6312
6307
6310
6313
6314
6315
6316
6317
6318
6320
6322
6325
6323
6321
6319
6324
6326
6327
6328
6330
6329
6334
6331
6335
6333
6332
6336
6339
6338
6341
6340
6342
6343
6344
6346
6345
6347
6349
6348
6350
6351
6352
6353
6354
6355
6357
6356
6358
6360
6362
6363
6364
6359
6366
6367
6365
6361
6368
6369
6370
6372
6371
6373
6374
6376
6377
6375
6378
6379
6380
6381
6382
6383
6385
6387
6386
6390
6389
6384
6388
6391
6392
6397
6398
6396
6394
6395
6393
6402
6399
6400
6401
6403
6404
6405
6410
6406
6408
6409
6407
6411
6412
6413
6414
6415
6416
6417
6418
6421
6420
6422
6419
6423
6424
6425
6426
6427
6428
6429
6431
6430
6432
6435
6433
6434
6437
6436
6438
6441
6439
6440
6442
6443
6444
6447
6446
6445
6448
6449
6452
6450
6451
6453
6454
6456
6457
6455
6458
6460
6459
6463
6461
6464
6465
6466
6467
6469
6468
6472
6471
6474
6473
6470
6476
6475
6462
6477
6478
6481
6482
6480
6486
6488
6483
6479
6484
6487
6485
6491
6490
6498
6495
6493
6497
6489
6496
6494
6492
6499
6500
6501
6504
6507
6503
6505
6508
6502
6506
6510
6509
6511
6512
6513
6514
6515
6516
6518
6521
6517
6520
6522
6519
6523
6524
6525
6526
6527
6530
6533
6529
6531
6534
6535
6532
6528
6536
6538
6544
6542
6546
6539
6543
6541
6545
6540
6537
6548
6550
6551
6555
6549
6556
6547
6553
6557
6552
6558
6560
6561
6554
6559
6570
6568
6566
6565
6562
6563
6571
6564
6567
6569
6573
6572
6578
6580
6575
6574
6583
6579
6576
6582
6581
6577
6584
6587
6588
6593
6585
6592
6586
6591
6590
6589
6594
6596
6595
6603
6598
6599
6601
6597
6602
6600
6604
6605
6607
6609
6606
6610
6613
6608
6611
6614
6615
6612
6616
6617
6622
6618
6625
6619
6621
6624
6623
6626
6620
6627
6628
6629
6630
6631
6633
6635
6636
6634
6632
6638
6637
6639
6640
6641
6642
6644
6646
6643
6645
6648
6647
6649
6650
6651
6652
6653
6654
6655
6656
6658
6659
6660
6657
6662
6661
6663
6664
6665
6666
6667
6668
6673
6670
6669
6671
6674
6672
6675
6676
6677
6678
6680
6682
6684
6686
6685
6681
6688
6679
6687
6683
6689
6690
6694
6693
6691
6696
6698
6692
6695
6697
6700
6699
6701
6702
6703
6704
6705
6710
6707
6706
6708
6712
6717
6716
6719
6711
6709
6714
6718
6713
6715
6722
6720
6726
6729
6721
6724
6727
6723
6725
6728
6738
6733
6735
6739
6730
6732
6736
6737
6731
6734
6742
6745
6744
6749
6740
6748
6746
6743
6747
6741
6756
6751
6759
6757
6758
6750
6752
6753
6754
6755
6762
6760
6765
6768
6764
6761
6763
6766
6769
6767
6770
6771
6772
6775
6776
6774
6777
6779
6780
6773
6778
6781
6782
6783
6784
6787
6792
6789
6786
6788
6790
6785
6793
6794
6791
6795
6796
6797
6799
6798
6800
6801
6803
6804
6802
6805
6806
6807
6809
6813
6814
6808
6811
6815
6816
6810
6812
6817
6818
6824
6821
6823
6822
6827
6819
6825
6820
6828
6826
6829
6831
6838
6833
6834
6836
6830
6839
6835
6832
6840
6841
6842
6846
6844
6843
6847
6845
6848
6850
6849
6853
6855
6857
6854
6851
6856
6852
6858
6859
6860
6861
6866
6865
6864
6863
6869
6868
6862
6867
6873
6870
6874
6871
6872
6837
6875
6876
6878
6877
6879
6880
6888
6884
6881
6886
6883
6885
6889
6887
6882
6890
6893
6894
6898
6896
6895
6899
6900
6892
6891
6897
6901
6904
6905
6903
6902
6908
6906
6907
6909
6911
6910
6912
6913
6914
6921
6918
6916
6919
6915
6917
6920
6923
6922
6924
6926
6929
6927
6930
6928
6932
6925
6935
6931
6934
6936
6937
6940
6943
6941
6939
6942
6945
6944
6938
6946
6947
6949
6951
6950
6956
6952
6954
6948
6953
6955
6957
6960
6962
6965
6966
6959
6964
6963
6961
6967
6968
6969
6971
6970
6975
6974
6973
6972
6976
6977
6978
6980
6979
6981
6983
6985
6986
6982
6984
6987
6988
6990
6989
6991
6995
6994
6993
6996
6992
6997
6998
6999
7000
7004
7001
7006
7002
7003
7005
7009
6958
7011
7012
7014
7008
7016
7015
7010
7017
7013
7007
7018
7020
7026
7028
7021
7027
7025
7023
7024
7019
7022
7029
7030
7031
7033
7034
7035
7032
7036
7037
7038
7039
7040
7041
7042
7043
7044
7046
7045
7047
7049
7048
7050
7051
7053
7052
7054
7057
7056
7060
7058
7059
7055
7062
7061
7064
7063
7066
7065
7067
7068
7073
7069
7070
7074
7071
7072
7075
7076
7077
7080
7078
7079
7081
7084
7085
7082
7083
7086
7087
7088
7089
7090
7094
7093
7092
7091
7095
7097
7096
7098
7099
7100
7101
7104
7102
7103
7105
7107
7106
7108
7109
7111
7110
7113
7112
7115
7114
7117
7116
7118
7119
7120
7121
7122
7123
7124
7126
7128
7129
7130
7125
7133
7132
7127
7131
7134
7135
7136
7138
7137
7144
7139
7143
7140
7141
7142
7145
7148
7146
7147
7149
7150
7153
7151
7152
7155
7158
7154
7157
7156
7159
7160
7161
7163
7162
7164
7170
7167
7168
7174
7173
7169
7172
7165
7166
7171
7175
7176
7182
7184
7177
7178
7181
7185
7180
7186
7183
7179
7191
7187
7195
7188
7196
7194
7193
7192
7190
7189
7197
7200
7198
7199
7201
7202
7206
7203
7205
7204
7207
7209
7210
7208
7211
7212
7214
7213
7215
7216
7220
7218
7219
7217
7221
7222
7225
7224
7223
7226
7227
7228
7230
7229
7231
7232
7233
7235
7234
7236
7238
7239
7241
7237
7240
7242
7243
7244
7245
7250
7255
7248
7251
7252
7253
7249
7254
7246
7247
7257
7259
7261
7264
7263
7260
7265
7258
7256
7262
7269
7272
7271
7273
7270
7274
7275
7276
7277
7279
7280
7278
7282
7281
7283
7284
7286
7287
7290
7289
7291
7288
7285
7292
7293
7295
7296
7297
7298
7294
7299
7304
7301
7306
7302
7303
7305
7300
7307
7310
7312
7309
7308
7311
7313
7267
7266
7314
7268
7315
7316
7317
7318
7319
7320
7322
7321
7323
7330
7328
7332
7325
7324
7327
7326
7329
7331
7333
7335
7334
7341
7340
7337
7336
7342
7338
7339
7344
7345
7343
7346
7353
7348
7350
7349
7352
7351
7347
7356
7355
7354
7359
7358
7362
7366
7357
7363
7361
7360
7364
7365
7367
7368
7370
7374
7372
7377
7376
7373
7369
7375
7371
7378
7379
7380
7382
7384
7383
7387
7388
7381
7390
7385
7386
7389
7391
7392
7393
7394
7400
7395
7399
7396
7397
7398
7401
7402
7406
7410
7408
7407
7403
7404
7405
7409
7411
7412
7419
7414
7413
7415
7418
7417
7420
7421
7416
7422
7426
7423
7427
7424
7425
7428
7430
7429
7431
7432
7433
7434
7435
7436
7437
7438
7439
7442
7440
7441
7443
7444
7445
7446
7447
7448
7451
7450
7449
7452
7453
7456
7454
7455
7457
7458
7459
7460
7462
7463
7461
7464
7466
7468
7467
7465
7469
7470
7474
7472
7473
7475
7478
7476
7480
7479
7471
7477
7481
7489
7485
7488
7483
7482
7486
7484
7490
7487
7491
7492
7495
7496
7497
7494
7493
7501
7498
7499
7500
7502
7503
7506
7512
7505
7510
7508
7507
7509
7504
7511
7513
7514
7515
7516
7517
7520
7523
7518
7522
7521
7519
7524
7525
7526
7527
7528
7529
7530
7533
7534
7532
7535
7537
7536
7538
7531
7539
7540
7543
7541
7549
7546
7545
7544
7550
7547
7542
7548
7551
7558
7554
7552
7560
7555
7553
7559
7557
7556
7561
7562
7567
7568
7570
7565
7566
7571
7563
7572
7569
7564
7573
7574
7577
7576
7575
7578
7579
7580
7582
7581
7583
7584
7585
7589
7588
7591
7586
7587
7592
7593
7594
7590
7595
7596
7597
7599
7598
7600
7601
7605
7604
7602
7603
7606
7607
7609
7608
7610
7611
7612
7614
7613
7615
7616
7617
7619
7620
7618
7621
7622
7623
7624
7625
7626
7627
7628
7629
7631
7630
7632
7634
7635
7633
7636
7637
7638
7639
7640
7641
7642
7644
7645
7643
7647
7649
7648
7646
7650
7651
7654
7655
7657
7660
7659
7652
7658
7653
7656
7662
7664
7670
7668
7666
7667
7669
7661
7665
7663
7671
7673
7675
7677
7672
7676
7680
7674
7678
7679
7681
7682
7684
7683
7687
7688
7691
7686
7689
7690
7685
7692
7693
7694
7695
7696
7701
7699
7698
7700
7697
7704
7705
7703
7706
7702
7707
7708
7712
7713
7710
7711
7716
7709
7717
7714
7715
7719
7720
7721
7727
7722
7726
7724
7723
7725
7718
7728
7729
7730
7731
7733
7732
7736
7737
7735
7739
7734
7741
7740
7742
7743
7744
7745
7747
7748
7746
7750
7749
7753
7755
7752
7754
7751
7756
7757
7758
7759
7760
7763
7761
7762
7764
7765
7766
7767
7768
7769
7770
7773
7771
7772
7774
7775
7778
7777
7780
7779
7776
7781
7782
7783
7784
7785
7786
7787
7788
7789
7790
7791
7792
7794
7795
7796
7797
7798
7799
7801
7803
7802
7804
7805
7800
7806
7807
7808
7812
7809
7810
7817
7813
7818
7811
7819
7814
7816
7820
7815
7822
7823
7821
7827
7828
7826
7825
7829
7824
7830
7831
7833
7832
7835
7839
7838
7836
7840
7834
7837
7841
7849
7844
7845
7842
7846
7848
7847
7843
7793
7850
7851
7852
7853
7858
7856
7857
7855
7854
7859
7860
7861
7862
7863
7867
7865
7869
7864
7868
7866
7870
7871
7872
7873
7874
7875
7879
7876
7880
7877
7878
7883
7882
7881
7884
7885
7887
7886
7888
7890
7889
7892
7891
7893
7895
7894
7897
7896
7898
7900
7899
7901
7902
7905
7904
7903
7907
7906
7909
7908
7910
7911
7912
7915
7913
7914
7918
7921
7916
7917
7919
7920
7922
7923
7924
7925
7928
7927
7931
7929
7935
7933
7930
7932
7926
7934
7937
7936
7943
7945
7938
7940
7941
7946
7942
7944
7939
7947
7948
7953
7952
7954
7949
7951
7956
7957
7955
7950
7958
7959
7960
7962
7966
7968
7965
7967
7961
7964
7963
7973
7969
7972
7970
7971
7974
7976
7975
7977
7979
7980
7981
7978
7982
7985
7983
7986
7984
7987
7989
7988
7990
7992
7991
7997
7996
7993
7995
7994
7998
7999
8000
8001
8002
8003
8004
8005
8006
8007
8008
8009
8010
8011
8012
8015
8013
8014
8016
8017
8018
8020
8021
8022
8019
8023
8025
8024
8026
8027
8028
8030
8029
8031
8032
8033
8035
8034
8037
8038
8036
8039
8043
8040
8041
8042
8046
8044
8045
8047
8048
8049
8050
8051
8052
8057
8053
8054
8056
8055
8058
8059
8060
8061
8062
8063
8068
8064
8065
8066
8067
8069
8070
8071
8072
8073
8078
8075
8077
8079
8080
8074
8076
8081
8082
8083
8084
8093
8087
8091
8092
8089
8085
8086
8088
8090
8094
8095
8096
8097
8100
8098
8102
8103
8101
8099
8104
8106
8105
8107
8108
8109
8110
8111
8112
8113
8114
8116
8115
8117
8118
8119
8120
8121
8122
8123
8125
8126
8124
8127
8128
8129
8130
8132
8135
8133
8134
8136
8138
8139
8140
8143
8142
8144
8141
8145
8146
8147
8148
8131
8149
8151
8150
8152
8153
8154
8155
8156
8157
8158
8159
8160
8161
8162
8163
8166
8164
8165
8167
8168
8169
8170
8171
8173
8172
8177
8179
8176
8175
8174
8178
8180
8184
8181
8182
8183
8186
8188
8185
8189
8187
8190
8191
8196
8192
8194
8193
8198
8197
8195
8199
8200
8201
8202
8204
8203
8206
8208
8205
8207
8209
8210
8211
8212
8214
8213
8215
8216
8219
8220
8218
8221
8217
8224
8223
8222
8225
8227
8228
8226
8230
8229
8232
8231
8233
8235
8234
8236
8238
8237
8239
8242
8240
8243
8241
8244
8245
8246
8247
8248
8249
8253
8250
8252
8251
8254
8255
8256
8257
8259
8258
8261
8262
8263
8264
8266
8265
8137
8260
8267
8270
8274
8271
8272
8273
8268
8269
8275
8277
8276
8279
8278
8280
8285
8283
8282
8284
8281
8287
8286
8289
8288
8291
8294
8293
8295
8290
8292
8297
8296
8298
8299
8304
8306
8302
8300
8305
8301
8303
8308
8307
8309
8311
8310
8312
8313
8315
8314
8319
8316
8318
8317
8321
8328
8325
8326
8329
8324
8323
8322
8320
8327
8337
8336
8330
8339
8332
8334
8338
8331
8335
8333
8348
8345
8342
8344
8349
8347
8340
8346
8343
8341
8359
8356
8352
8355
8354
8353
8357
8350
8358
8351
8363
8361
8360
8369
8364
8362
8365
8366
8368
8367
8377
8371
8378
8376
8375
8374
8373
8372
8370
8379
8380
8383
8386
8387
8384
8381
8385
8389
8388
8382
8391
8390
8392
8394
8393
8395
8397
8399
8396
8398
8401
8400
8402
8403
8404
8408
8406
8409
8405
8407
8411
8413
8412
8410
8422
8423
8420
8421
8425
8424
8427
8426
8428
8414
8415
8429
8417
8416
8419
8418
8430
