2
1
0
5
6
4
7
8
9
3
10
11
12
13
14
19
15
17
16
18
20
21
22
23
24
25
28
26
29
30
31
32
27
33
34
35
38
41
36
40
37
43
44
42
39
45
46
53
54
48
47
49
50
55
51
56
52
61
60
66
62
57
65
63
64
59
58
67
71
68
72
69
73
70
75
74
76
77
78
80
79
82
81
86
83
84
87
85
88
89
90
91
94
96
92
97
93
95
98
99
100
101
102
103
104
106
110
111
105
107
109
108
113
112
114
115
116
120
119
117
121
118
122
124
123
126
125
127
128
130
131
132
129
133
136
135
134
137
138
139
140
141
142
143
144
145
146
147
149
148
150
151
152
153
154
156
155
157
158
159
160
161
162
165
163
166
164
167
168
177
172
176
175
169
173
170
171
174
179
178
180
181
182
185
183
186
187
189
188
184
191
190
192
194
193
196
195
197
199
201
202
198
200
203
204
206
207
205
209
208
211
210
212
213
214
215
217
216
218
221
220
222
219
223
225
226
228
227
224
229
230
233
231
235
234
232
236
237
238
239
242
244
243
241
245
246
248
240
250
249
253
252
254
251
255
256
258
257
259
260
261
262
263
264
265
267
266
268
269
270
271
272
273
274
275
278
277
276
279
280
281
282
283
284
285
286
287
288
290
289
291
292
247
293
294
295
296
297
299
298
300
301
302
303
306
305
307
304
310
308
311
312
309
313
314
315
316
318
319
321
322
320
323
317
326
324
330
328
333
334
331
325
332
329
327
335
337
344
336
338
341
342
339
345
343
340
355
351
348
350
354
353
352
346
349
347
357
359
360
361
362
358
364
365
363
356
366
369
374
375
370
368
367
373
372
371
376
377
378
379
383
381
382
380
384
385
386
387
389
391
388
396
394
393
395
392
390
397
398
399
400
405
403
402
407
406
401
404
408
409
410
414
417
411
415
416
418
413
420
412
419
421
431
425
430
426
424
422
429
423
427
428
438
436
433
432
439
440
435
434
441
437
442
451
446
445
444
449
448
443
450
447
452
454
453
458
460
461
457
459
456
455
462
463
464
467
468
471
472
466
470
465
469
473
474
475
481
476
478
482
477
479
480
483
484
485
486
487
491
489
490
494
488
493
503
499
492
497
496
498
500
502
495
501
504
508
510
511
507
512
505
506
513
509
514
520
515
516
519
518
517
523
522
524
525
526
529
528
531
527
532
533
534
535
521
530
536
537
539
540
538
541
542
543
544
545
546
549
550
547
548
551
552
553
554
555
556
557
559
558
560
561
562
563
564
565
566
567
570
568
569
571
572
573
574
575
576
577
578
580
579
583
582
581
584
586
585
588
589
590
591
587
593
592
594
595
596
597
598
599
600
601
602
603
605
606
604
607
608
609
610
611
612
613
614
615
616
617
620
618
621
622
623
619
624
626
625
627
628
629
630
631
633
632
635
637
636
634
640
638
641
642
644
643
646
645
647
639
648
649
650
651
661
657
660
655
662
656
653
659
652
658
654
664
666
669
665
671
663
672
667
670
668
674
673
675
676
680
682
678
679
681
683
677
684
685
687
686
688
689
690
691
693
694
692
695
697
696
698
699
700
701
705
704
702
703
707
706
708
709
711
710
712
713
715
714
716
717
718
719
720
721
722
724
725
723
727
726
729
730
728
731
732
734
733
735
736
737
739
738
740
741
742
743
745
747
746
744
748
750
749
751
752
753
755
757
756
754
758
761
759
760
762
763
765
764
767
766
768
769
770
771
772
773
774
776
777
775
778
779
780
781
782
783
787
784
785
786
788
789
790
793
792
791
794
796
797
795
798
799
801
800
802
803
804
807
805
806
811
809
812
808
810
813
814
816
815
817
824
818
823
826
827
822
819
825
821
820
829
833
836
834
831
835
830
828
832
837
839
840
838
841
846
844
845
842
847
843
848
856
857
853
850
849
852
851
854
861
862
859
864
863
865
860
855
858
866
867
872
875
868
874
870
871
876
873
877
869
879
883
878
882
885
887
884
886
880
881
894
891
892
896
893
888
889
897
900
903
902
898
901
899
905
904
911
895
910
890
908
907
906
909
913
912
915
917
920
918
914
919
916
923
922
921
925
924
926
928
930
929
932
931
927
933
934
936
935
937
939
938
940
941
942
943
946
947
944
948
950
951
945
953
949
954
955
958
957
960
959
961
965
962
966
963
967
964
969
968
971
972
952
973
975
974
976
977
956
978
981
982
980
979
985
986
988
989
987
991
992
994
970
993
996
995
990
997
998
999
1000
1001
1003
983
1006
1004
1008
1002
1007
1010
984
1012
1013
1009
1011
1014
1015
1016
1017
1018
1020
1021
1019
1022
1025
1026
1005
1028
1031
1027
1032
1034
1033
1035
1036
1039
1023
1038
1024
1041
1040
1042
1043
1030
1029
1046
1045
1048
1047
1044
1049
1050
1052
1037
1054
1056
1055
1051
1058
1053
1060
1057
1061
1062
1064
1065
1059
1063
1067
1070
1068
1069
1071
1073
1066
1076
1072
1078
1075
1081
1079
1077
1080
1074
1082
1083
1086
1084
1090
1088
1087
1091
1085
1089
1092
1093
1101
1102
1103
1104
1105
1106
1107
1108
1109
1110
1111
1112
1113
1114
1116
1115
1117
1120
1118
1119
1121
1122
1123
1094
1095
1098
1097
1099
1096
1100
1127
1130
1133
1132
1124
1125
1128
1126
1129
1131
1134
1136
1138
1135
1137
1140
1142
1141
1144
1139
1143
1145
1146
1147
1148
1150
1151
1152
1155
1154
1149
1153
1156
1157
1158
1161
1160
1159
1163
1164
1165
1162
1166
1167
1168
1169
1170
1171
1174
1172
1176
1175
1173
1178
1177
1179
1180
1182
1183
1185
1184
1188
1186
1189
1187
1190
1181
1191
1192
1194
1193
1195
1198
1197
1199
1196
1200
1201
1202
1203
1204
1205
1206
1212
1214
1209
1207
1211
1208
1213
1210
1215
1225
1219
1220
1222
1218
1217
1223
1221
1224
1227
1234
1226
1231
1233
1228
1232
1230
1229
1235
1236
1238
1240
1242
1237
1241
1243
1239
1244
1245
1246
1247
1248
1249
1251
1254
1216
1253
1252
1250
1255
1256
1257
1258
1259
1263
1260
1264
1261
1262
1265
1266
1267
1268
1269
1270
1273
1272
1274
1275
1271
1278
1276
1277
1279
1280
1286
1284
1289
1282
1281
1287
1283
1288
1285
1290
1291
1298
1299
1296
1297
1292
1300
1301
1304
1295
1294
1302
1305
1293
1303
1306
1307
1308
1309
1310
1312
1315
1314
1313
1316
1311
1317
1318
1319
1320
1321
1322
1323
1325
1324
1326
1327
1328
1329
1331
1332
1330
1335
1338
1336
1333
1334
1337
1339
1340
1341
1342
1343
1344
1345
1346
1348
1350
1351
1349
1347
1352
1353
1354
1355
1356
1357
1358
1361
1359
1363
1362
1360
1364
1365
1367
1366
1368
1369
1370
1374
1373
1371
1375
1377
1372
1376
1378
1379
1380
1385
1383
1384
1382
1381
1386
1387
1388
1389
1390
1391
1392
1393
1395
1396
1394
1398
1397
1399
1400
1401
1402
1403
1404
1406
1407
1408
1405
1409
1410
1412
1411
1413
1414
1415
1416
1417
1420
1419
1418
1422
1424
1421
1423
1425
1426
1427
1428
1433
1429
1434
1430
1432
1431
1435
1436
1437
1438
1439
1442
1440
1441
1444
1445
1443
1446
1447
1448
1449
1452
1453
1451
1450
1454
1456
1458
1455
1461
1460
1462
1457
1463
1459
1465
1464
1467
1469
1472
1466
1473
1470
1471
1468
1474
1475
1478
1482
1480
1481
1477
1483
1476
1484
1479
1485
1486
1487
1488
1490
1492
1494
1495
1489
1491
1497
1493
1496
1499
1498
1501
1502
1500
1505
1506
1504
1503
1507
1508
1509
1510
1512
1511
1513
1516
1519
1517
1514
1518
1515
1520
1522
1521
1523
1525
1528
1532
1531
1529
1526
1524
1527
1533
1530
1534
1535
1536
1539
1541
1540
1537
1544
1543
1538
1542
1545
1546
1549
1547
1550
1554
1551
1548
1555
1552
1553
1556
1557
1558
1559
1563
1562
1565
1560
1561
1564
1566
1567
1568
1569
1570
1571
1572
1574
1575
1573
1577
1576
1578
1579
1580
1581
1582
1584
1590
1586
1585
1589
1592
1588
1583
1591
1587
1593
1594
1598
1595
1597
1596
1601
1599
1602
1600
1603
1604
1605
1607
1610
1606
1608
1612
1613
1614
1611
1617
1616
1609
1619
1615
1623
1622
1620
1618
1621
1624
1626
1627
1625
1628
1629
1632
1630
1631
1633
1634
1635
1636
1640
1638
1642
1643
1645
1637
1646
1641
1639
1644
1648
1647
1651
1652
1656
1655
1650
1653
1654
1649
1658
1657
1659
1663
1660
1661
1668
1664
1662
1666
1669
1667
1665
1670
1671
1678
1676
1673
1675
1674
1679
1677
1672
1680
1681
1682
1687
1686
1683
1684
1689
1688
1685
1690
1691
1692
1693
1694
1698
1695
1697
1700
1701
1699
1696
1702
1704
1703
1706
1712
1705
1707
1711
1713
1709
1708
1710
1714
1715
1716
1720
1717
1719
1722
1718
1721
1723
1725
1724
1726
1727
1728
1729
1730
1731
1732
1734
1735
1733
1736
1737
1738
1739
1740
1742
1745
1741
1746
1744
1743
1747
1748
1749
1750
1752
1751
1753
1754
1755
1756
1757
1760
1759
1758
1761
1762
1763
1764
1765
1766
1767
1768
1769
1770
1771
1772
1775
1777
1779
1774
1778
1781
1780
1773
1776
1782
1783
1784
1787
1788
1791
1790
1789
1785
1792
1786
1793
1794
1802
1795
1800
1803
1796
1804
1799
1801
1798
1797
1805
1807
1814
1808
1810
1806
1809
1811
1813
1812
1815
1817
1818
1816
1819
1820
1825
1824
1822
1823
1821
1826
1827
1828
1829
1831
1832
1833
1830
1835
1834
1836
1838
1837
1839
1840
1842
1841
1845
1843
1846
1848
1844
1847
1849
1850
1851
1852
1853
1854
1858
1857
1859
1856
1855
1861
1860
1862
1863
1864
1865
1866
1867
1872
1869
1868
1871
1870
1873
1874
1875
1876
1877
1878
1879
1882
1881
1880
1883
1885
1884
1886
1887
1888
1891
1890
1889
1892
1894
1897
1895
1896
1898
1893
1899
1902
1900
1903
1901
1904
1906
1908
1905
1907
1909
1910
1911
1913
1912
1917
1915
1918
1914
1919
1921
1916
1920
1922
1923
1924
1925
1927
1930
1928
1929
1931
1926
1932
1936
1933
1940
1937
1939
1934
1941
1935
1938
1942
1943
1944
1949
1947
1948
1951
1946
1945
1950
1953
1954
1952
1961
1956
1958
1959
1955
1960
1962
1964
1965
1971
1972
1966
1969
1967
1970
1968
1973
1974
1975
1976
1980
1978
1977
1979
1981
1982
1983
1988
1985
1989
1987
1986
1984
1990
1991
1992
1994
1997
1993
1995
1996
1957
1963
1998
1999
2000
2001
2002
2005
2003
2006
2004
2007
2009
2008
2011
2010
2012
2013
2014
2015
2016
2017
2018
2020
2021
2019
2022
2023
2024
2025
2026
2027
2028
2031
2032
2030
2029
2034
2033
2035
2036
2037
2038
2039
2045
2041
2040
2043
2042
2047
2044
2046
2048
2049
2051
2053
2052
2050
2055
2056
2057
2054
2058
2059
2060
2061
2062
2063
2064
2065
2068
2067
2071
2070
2069
2066
2072
2073
2075
2076
2077
2074
2079
2080
2082
2081
2083
2078
2085
2084
2086
2087
2090
2091
2093
2092
2088
2089
2094
2095
2096
2097
2100
2098
2099
2102
2103
2101
2104
2105
2106
2107
2108
2109
2113
2111
2110
2112
2114
2116
2115
2117
2118
2119
2120
2122
2123
2121
2124
2125
2126
2127
2128
2129
2130
2131
2132
2133
2139
2134
2135
2138
2137
2140
2136
2141
2142
2144
2146
2143
2150
2149
2145
2148
2151
2152
2147
2153
2154
2155
2156
2162
2159
2158
2161
2157
2160
2163
2164
2165
2166
2167
2168
2169
2171
2170
2172
2174
2175
2173
2176
2177
2178
2179
2181
2180
2185
2183
2184
2186
2188
2182
2187
2189
2190
2191
2193
2192
2198
2196
2197
2199
2195
2194
2200
2201
2202
2203
2204
2205
2206
2208
2207
2209
2210
2211
2212
2213
2214
2215
2216
2217
2218
2219
2220
2221
2224
2223
2222
2225
2226
2227
2228
2229
2230
2231
2240
2237
2234
2232
2239
2235
2238
2233
2241
2236
2242
2243
2244
2245
2247
2249
2250
2248
2251
2252
2246
2254
2253
2255
2256
2258
2259
2262
2260
2263
2261
2264
2265
2266
2267
2268
2269
2270
2272
2271
2273
2276
2274
2277
2275
2278
2280
2283
2286
2285
2287
2288
2284
2281
2282
2289
2292
2294
2293
2291
2295
2296
2297
2298
2301
2302
2303
2304
2299
2257
2290
2279
2300
2310
2305
2307
2308
2306
2309
2313
2314
2312
2311
2315
2316
2317
2318
2320
2319
2321
2325
2324
2323
2322
2327
2326
2329
2330
2334
2331
2333
2335
2328
2332
2336
2337
2338
2339
2341
2345
2342
2344
2340
2343
2346
2348
2349
2347
2354
2351
2352
2353
2355
2350
2356
2358
2359
2357
2361
2362
2360
2363
2364
2365
2366
2368
2367
2369
2370
2372
2371
2377
2379
2373
2374
2375
2378
2376
2380
2382
2381
2385
2389
2388
2383
2387
2386
2384
2394
2398
2397
2396
2390
2391
2395
2399
2393
2392
2401
2402
2403
2400
2404
2406
2407
2405
2408
2409
2410
2411
2412
2413
2414
2415
2419
2417
2416
2418
2420
2421
2422
2424
2423
2425
2428
2426
2427
2429
2431
2430
2432
2433
2434
2435
2436
2437
2438
2439
2440
2442
2445
2441
2444
2443
2446
2449
2447
2448
2450
2451
2454
2453
2455
2452
2456
2457
2459
2460
2458
2461
2465
2463
2462
2464
2466
2468
2467
2469
2471
2470
2472
2473
2476
2474
2475
2479
2477
2478
2482
2481
2480
2483
2484
2485
2486
2488
2490
2491
2493
2487
2489
2496
2495
2494
2492
2497
2498
2499
2501
2507
2503
2502
2505
2508
2509
2500
2504
2506
2510
2513
2512
2511
2514
2518
2515
2519
2517
2516
2520
2521
2523
2525
2524
2528
2522
2526
2527
2529
2530
2531
2532
2535
2536
2540
2539
2534
2533
2537
2538
2541
2542
2543
2544
2548
2551
2550
2552
2546
2545
2547
2559
2556
2558
2553
2555
2554
2549
2557
2560
2562
2563
2564
2561
2569
2566
2568
2567
2565
2570
2579
2572
2575
2578
2573
2580
2574
2577
2571
2576
2584
2586
2589
2585
2587
2588
2583
2582
2581
2590
2591
2593
2592
2594
2599
2596
2598
2595
2600
2597
2601
2602
2605
2607
2606
2609
2608
2610
2611
2604
2603
2612
2613
2615
2617
2616
2619
2620
2618
2622
2614
2621
2623
2624
2625
2626
2627
2630
2632
2628
2631
2629
2633
2634
2636
2637
2635
2638
2639
2642
2640
2641
2644
2643
2646
2647
2645
2648
2649
2651
2650
2652
2655
2653
2654
2658
2656
2657
2659
2660
2661
2662
2663
2664
2665
2668
2669
2666
2667
2670
2672
2671
2673
2675
2676
2674
2680
2678
2679
2677
2683
2682
2681
2684
2686
2685
2688
2687
2689
2692
2693
2691
2690
2694
2695
2696
2697
2698
2700
2702
2704
2703
2699
2706
2705
2701
2707
2711
2710
2708
2714
2712
2717
2715
2716
2709
2713
2718
2720
2723
2726
2721
2719
2722
2724
2727
2725
2728
2729
2733
2730
2734
2735
2732
2731
2737
2738
2739
2741
2742
2746
2740
2747
2744
2748
2743
2749
2751
2750
2753
2752
2756
2755
2757
2758
2759
2760
2762
2761
2763
2764
2766
2767
2768
2769
2770
2771
2772
2773
2774
2775
2777
2776
2780
2779
2778
2781
2782
2784
2783
2786
2787
2788
2789
2790
2791
2792
2793
2794
2796
2795
2798
2797
2799
2736
2785
2754
2745
2765
2800
2801
2803
2802
2804
2805
2808
2807
2806
2809
2810
2811
2814
2813
2812
2815
2820
2816
2819
2817
2818
2824
2823
2821
2822
2825
2826
2828
2827
2833
2831
2832
2834
2829
2830
2835
2836
2837
2838
2839
2843
2844
2840
2841
2842
2845
2847
2846
2848
2849
2850
2852
2853
2851
2854
2855
2859
2858
2856
2857
2860
2861
2862
2864
2863
2865
2867
2866
2868
2869
2871
2870
2872
2873
2874
2876
2879
2875
2881
2877
2882
2880
2878
2883
2884
2885
2890
2888
2886
2892
2891
2887
2889
2893
2894
2895
2897
2896
2898
2899
2901
2902
2903
2904
2905
2900
2906
2907
2908
2909
2910
2911
2913
2914
2915
2912
2918
2917
2916
2919
2920
2922
2921
2924
2925
2923
2927
2926
2928
2930
2929
2931
2932
2933
2934
2937
2941
2935
2942
2936
2940
2938
2939
2943
2944
2945
2946
2947
2948
2949
2950
2952
2951
2953
2954
2955
2957
2956
2958
2965
2964
2967
2962
2959
2960
2961
2966
2963
2968
2969
2971
2973
2975
2972
2974
2977
2970
2976
2979
2978
2980
2985
2982
2984
2983
2986
2988
2981
2990
2989
2987
2993
2994
2995
2998
2991
2999
2996
2992
3000
2997
3001
3002
3004
3010
3007
3006
3005
3003
3008
3009
3011
3012
3013
3014
3016
3017
3015
3020
3018
3019
3021
3022
3023
3024
3025
3026
3029
3030
3031
3027
3032
3035
3034
3033
3028
3036
3037
3038
3040
3039
3042
3043
3044
3045
3041
3047
3046
3048
3049
3051
3050
3052
3054
3057
3053
3055
3056
3058
3059
3061
3060
3062
3063
3064
3066
3065
3071
3067
3070
3072
3073
3077
3075
3074
3080
3076
3078
3079
3081
3082
3084
3083
3085
3089
3087
3088
3086
3090
3091
3092
3094
3093
3096
3097
3099
3098
3095
3100
3103
3102
3101
3106
3104
3105
3107
3108
3109
3111
3114
3113
3112
3115
3068
3069
3110
3116
3117
3124
3121
3126
3123
3118
3120
3122
3119
3125
3127
3129
3130
3128
3133
3134
3131
3135
3137
3132
3136
3139
3138
3140
3143
3144
3142
3141
3146
3148
3145
3149
3147
3150
3151
3152
3154
3153
3158
3159
3156
3157
3161
3160
3155
3162
3163
3164
3165
3166
3168
3169
3172
3171
3170
3167
3173
3175
3174
3176
3177
3181
3179
3178
3182
3183
3180
3184
3185
3186
3187
3189
3192
3191
3193
3188
3194
3196
3190
3195
3197
3198
3199
3200
3204
3202
3206
3207
3201
3205
3203
3208
3209
3213
3216
3217
3212
3218
3214
3211
3210
3215
3219
3221
3220
3223
3222
3225
3228
3227
3224
3226
3230
3229
3231
3233
3232
3241
3237
3235
3238
3234
3239
3236
3240
3242
3244
3245
3243
3250
3246
3248
3249
3247
3251
3252
3254
3255
3256
3261
3260
3259
3258
3262
3257
3263
3265
3266
3271
3269
3267
3268
3273
3272
3270
3274
3264
3253
3276
3275
3280
3277
3283
3278
3282
3279
3284
3281
3286
3288
3285
3287
3291
3289
3292
3294
3290
3293
3295
3296
3297
3298
3299
3300
3301
3303
3302
3304
3306
3305
3307
3308
3309
3310
3311
3313
3314
3312
3315
3317
3316
3318
3320
3321
3319
3322
3323
3324
3326
3325
3328
3327
3329
3331
3330
3332
3333
3335
3334
3336
3342
3340
3338
3341
3339
3337
3343
3345
3344
3346
3347
3348
3349
3351
3353
3352
3350
3354
3356
3355
3357
3358
3359
3362
3360
3369
3361
3366
3363
3367
3365
3364
3368
3370
3372
3371
3376
3375
3377
3378
3379
3374
3373
3380
3381
3382
3383
3384
3385
3387
3388
3389
3391
3386
3390
3392
3393
3394
3395
3400
3399
3402
3396
3401
3397
3398
3403
3404
3405
3406
3407
3408
3409
3411
3410
3412
3414
3413
3415
3416
3417
3418
3419
3420
3422
3421
3423
3427
3424
3425
3426
3428
3429
3430
3431
3432
3435
3433
3436
3434
3438
3437
3439
3441
3440
3442
3443
3445
3444
3446
3449
3450
3447
3448
3452
3451
3453
3454
3455
3456
3459
3458
3457
3460
3463
3462
3461
3464
3465
3466
3467
3468
3469
3470
3471
3476
3473
3475
3474
3472
3477
3478
3479
3480
3481
3482
3483
3484
3485
3486
3487
3488
3489
3490
3491
3492
3493
3494
3495
3496
3497
3498
3499
3500
3501
3502
3503
3504
3505
3506
3507
3508
3509
3510
3511
3513
3512
3514
3515
3516
3517
3519
3521
3520
3527
3526
3522
3523
3518
3524
3525
3534
3528
3532
3529
3535
3537
3530
3536
3531
3533
3542
3545
3544
3541
3540
3543
3546
3547
3539
3538
3553
3549
3556
3548
3550
3555
3554
3557
3552
3551
3565
3563
3567
3566
3564
3560
3558
3559
3561
3562
3577
3574
3570
3573
3571
3575
3569
3572
3568
3576
3578
3579
3580
3584
3581
3587
3585
3586
3582
3583
3588
3597
3596
3591
3589
3592
3594
3593
3595
3590
3598
3599
3607
3601
3602
3603
3608
3606
3600
3605
3604
3609
3612
3611
3613
3610
3615
3614
3617
3616
3618
3619
3623
3620
3624
3627
3628
3622
3625
3621
3626
3629
3638
3639
3635
3631
3633
3634
3630
3637
3636
3632
3646
3645
3648
3644
3643
3642
3641
3640
3647
3649
3656
3658
3653
3655
3654
3659
3657
3652
3651
3650
3660
3663
3661
3662
3666
3669
3667
3665
3664
3668
3670
3671
3672
3673
3676
3674
3675
3678
3679
3677
3680
3681
3682
3683
3684
3685
3689
3687
3688
3686
3690
3691
3692
3693
3694
3695
3698
3699
3696
3697
3700
3702
3701
3704
3703
3705
3707
3706
3708
3709
3710
3712
3711
3713
3714
3715
3718
3717
3720
3719
3716
3721
3722
3724
3725
3723
3726
3727
3729
3728
3730
3731
3732
3735
3733
3734
3737
3736
3738
3741
3740
3742
3739
3744
3743
3745
3746
3747
3749
3752
3755
3753
3754
3748
3750
3751
3756
3757
3758
3759
3760
3761
3762
3764
3763
3765
3766
3767
3768
3771
3770
3772
3769
3773
3774
3775
3777
3776
3779
3787
3782
3778
3786
3780
3784
3783
3781
3785
3793
3794
3792
3791
3788
3789
3790
3796
3797
3795
3798
3799
3801
3800
3806
3805
3802
3804
3803
3807
3810
3808
3809
3811
3814
3812
3816
3815
3817
3813
3818
3820
3819
3821
3824
3825
3823
3827
3822
3826
3829
3830
3831
3832
3833
3835
3834
3836
3837
3839
3840
3838
3842
3843
3846
3844
3845
3841
3848
3847
3849
3853
3854
3856
3851
3858
3852
3857
3850
3860
3865
3859
3864
3866
3863
3862
3861
3867
3873
3874
3871
3869
3868
3870
3876
3875
3878
3877
3872
3882
3883
3881
3880
3879
3884
3885
3886
3887
3894
3895
3896
3893
3900
3898
3899
3897
3901
3904
3903
3902
3905
3906
3892
3891
3910
3890
3889
3888
3907
3908
3909
3911
3912
3919
3914
3918
3915
3916
3920
3921
3913
3917
3931
3928
3929
3927
3926
3925
3930
3923
3924
3933
3932
3935
3936
3938
3934
3937
3939
3940
3922
3941
3942
3945
3947
3948
3944
3946
3950
3943
3949
3952
3957
3958
3959
3956
3960
3961
3965
3962
3963
3964
3966
3967
3970
3969
3971
3972
3951
3968
3973
3954
3955
3976
3953
3974
3975
3978
3977
3980
3979
3983
3981
3985
3984
3986
3982
3989
3988
3987
3994
3990
3993
3995
3997
3998
3999
3992
3991
3996
4008
4005
4004
4000
4006
4003
4009
4001
4002
4007
4013
4018
4016
4012
4014
4017
4010
4011
4015
4019
4029
4026
4027
4020
4024
4025
4022
4028
4023
4021
4037
4036
4030
4035
4038
4031
3855
3828
4032
4039
4033
