7
5
6
4
8
2
3
1
9
0
10
12
11
17
13
14
15
18
16
19
20
21
22
24
26
25
23
29
28
27
30
31
32
34
33
35
36
38
41
39
37
40
42
43
45
46
47
49
48
44
53
52
50
51
54
55
56
65
62
64
58
61
57
59
63
60
66
68
67
69
70
75
76
72
73
71
77
74
79
80
78
89
90
84
81
88
82
86
87
83
85
93
92
100
94
95
99
91
97
98
96
101
104
103
105
108
109
110
106
102
107
112
113
114
111
115
116
118
120
117
121
124
122
119
123
125
127
128
126
129
130
132
134
133
138
137
131
139
135
140
136
141
142
145
144
146
143
148
149
151
150
152
155
154
153
156
147
157
158
159
161
160
162
165
166
163
164
168
167
169
173
171
175
170
174
176
172
178
177
179
183
182
184
185
186
180
181
188
187
189
190
192
193
194
197
191
199
196
195
198
200
201
202
203
206
207
209
208
204
210
205
211
212
213
215
214
216
217
221
218
219
222
223
220
224
225
226
228
227
230
231
232
229
239
236
237
235
238
234
233
241
240
243
248
247
244
249
246
245
242
251
250
252
253
255
257
259
256
254
260
261
258
263
262
264
266
265
267
269
268
272
270
273
271
274
275
276
277
279
280
278
281
282
283
285
284
286
287
288
290
289
291
293
294
295
296
298
297
292
299
300
301
302
303
304
305
307
309
311
308
312
310
306
313
314
315
316
317
320
318
321
322
323
324
319
325
326
327
328
329
331
330
332
334
336
333
337
338
335
339
340
341
342
343
344
346
345
347
349
348
351
350
352
353
355
356
354
357
360
358
361
363
362
359
364
365
366
367
369
368
370
372
371
373
375
374
376
377
378
379
380
382
383
381
387
384
388
385
386
389
390
398
391
395
397
394
396
392
393
400
407
408
404
401
403
402
406
399
409
405
411
412
413
416
418
410
419
415
414
417
420
421
422
423
424
428
429
426
425
427
430
431
432
433
434
436
435
437
438
439
440
441
442
443
444
445
446
447
448
450
452
449
459
453
458
454
455
456
457
451
467
462
461
465
460
468
464
469
463
466
470
472
471
473
477
474
475
479
480
478
476
481
482
483
488
486
485
490
489
484
487
491
492
493
494
495
498
496
504
500
501
497
499
502
503
505
506
507
509
508
510
514
511
512
513
517
515
516
518
519
520
524
521
525
522
527
526
529
528
523
530
531
532
536
533
534
539
538
540
537
535
541
542
543
544
548
546
545
549
550
547
551
553
552
554
555
557
558
561
560
564
563
556
559
562
566
565
567
570
572
568
569
573
575
571
574
576
577
578
579
581
582
580
584
583
585
587
586
588
589
590
591
593
592
595
596
594
598
600
597
599
601
602
605
607
606
604
603
611
608
609
615
613
612
616
617
614
610
619
618
620
621
624
622
625
623
627
626
628
629
630
631
632
633
637
638
635
636
634
639
640
641
642
643
644
645
646
647
649
648
652
651
650
653
654
655
656
657
659
662
663
664
665
658
661
660
666
667
668
669
670
671
672
673
675
674
676
677
679
678
680
681
682
683
684
685
687
686
688
689
690
692
691
693
694
695
696
697
698
700
699
701
702
703
704
705
706
707
708
709
710
711
712
713
714
715
717
716
718
720
719
721
722
723
724
725
726
727
728
729
730
731
732
733
734
735
736
737
738
739
740
741
742
743
744
745
746
748
747
749
750
751
753
752
755
754
758
759
756
757
760
761
762
763
764
765
772
768
771
773
775
770
766
774
769
779
777
781
784
780
783
778
776
767
782
785
787
788
786
790
791
789
793
794
792
795
796
797
798
799
803
802
805
804
801
800
806
807
808
809
811
810
815
816
812
813
814
817
818
819
820
821
826
823
825
828
822
824
827
830
831
829
832
833
839
837
836
834
838
840
835
841
842
843
844
851
846
847
848
849
850
852
854
853
855
856
857
858
860
863
859
862
861
865
864
866
867
868
872
870
873
871
874
875
869
876
877
878
879
880
883
881
882
884
885
886
888
887
889
890
893
892
891
897
895
896
894
898
899
845
900
901
902
906
903
905
907
904
908
909
910
911
912
913
914
915
917
916
918
919
920
922
921
923
928
933
925
926
924
929
932
927
931
930
934
937
936
938
935
941
943
940
942
944
939
945
946
947
948
949
950
952
951
953
954
955
956
957
958
959
960
961
965
963
962
964
966
967
968
969
970
971
972
976
975
973
974
978
977
979
980
981
982
983
984
986
985
987
989
988
992
991
993
990
994
995
996
997
999
998
1000
1002
1003
1001
1004
1005
1006
1007
1008
1009
1010
1013
1012
1011
1015
1014
1016
1017
1018
1019
1020
1021
1022
1025
1026
1024
1023
1027
1028
1029
1030
1031
1032
1033
1034
1036
1037
1038
1035
1040
1039
1041
1042
1043
1044
1048
1045
1047
1046
1050
1049
1052
1051
1053
1054
1056
1055
1057
1059
1060
1061
1058
1062
1063
1064
1066
1065
1068
1067
1069
1074
1073
1071
1072
1070
1075
1076
1077
1079
1078
1080
1081
1082
1084
1083
1085
1086
1087
1088
1089
1090
1091
1092
1094
1097
1093
1100
1099
1098
1096
1095
1101
1102
1104
1103
1108
1105
1106
1110
1109
1107
1111
1113
1112
1114
1115
1116
1121
1119
1126
1122
1117
1118
1120
1124
1125
1123
1127
1128
1129
1131
1133
1134
1136
1138
1137
1132
1135
1130
1139
1140
1141
1142
1143
1144
1146
1147
1145
1150
1149
1148
1151
1152
1153
1154
1155
1160
1157
1158
1156
1159
1162
1161
1163
1164
1165
1166
1170
1167
1168
1169
1171
1172
1173
1174
1175
1176
1177
1179
1178
1180
1182
1183
1181
1186
1185
1184
1187
1188
1189
1190
1193
1192
1196
1191
1195
1197
1194
1198
1199
1200
1202
1201
1204
1203
1207
1205
1208
1209
1206
1210
1212
1211
1213
1214
1217
1220
1216
1221
1218
1219
1222
1215
1223
1224
1230
1228
1227
1225
1231
1233
1226
1234
1232
1229
1235
1236
1240
1244
1241
1238
1242
1243
1239
1237
1245
1246
1251
1250
1248
1247
1249
1254
1255
1253
1256
1252
1257
1259
1261
1262
1264
1265
1260
1263
1266
1267
1268
1269
1271
1275
1276
1277
1258
1270
1274
1272
1273
1278
1279
1281
1283
1280
1282
1284
1285
1286
1290
1287
1289
1291
1292
1288
1295
1294
1296
1293
1298
1297
1299
1306
1300
1305
1303
1302
1308
1304
1301
1309
1307
1310
1312
1314
1318
1317
1315
1316
1311
1319
1313
1320
1321
1322
1323
1325
1324
1326
1328
1330
1327
1329
1331
1332
1333
1334
1335
1336
1337
1341
1338
1340
1342
1339
1343
1344
1345
1346
1347
1348
1349
1350
1352
1354
1355
1353
1351
1356
1357
1358
1359
1361
1362
1360
1363
1366
1365
1367
1364
1368
1369
1371
1370
1374
1372
1376
1378
1373
1377
1375
1379
1380
1381
1382
1383
1384
1388
1387
1386
1385
1389
1391
1390
1392
1393
1394
1395
1396
1397
1398
1401
1399
1400
1403
1402
1404
1405
1406
1407
1408
1409
1411
1410
1412
1413
1416
1415
1414
1417
1418
1419
1420
1422
1421
1423
1426
1425
1424
1427
1428
1429
1430
1431
1432
1441
1437
1439
1433
1436
1438
1434
1435
1440
1442
1443
1444
1449
1447
1448
1452
1445
1450
1446
1451
1454
1453
1459
1455
1457
1456
1460
1458
1461
1462
1464
1463
1471
1468
1472
1465
1470
1469
1466
1467
1473
1474
1475
1477
1478
1476
1479
1484
1481
1482
1483
1480
1485
1486
1489
1491
1487
1494
1488
1490
1492
1493
1495
1503
1497
1498
1500
1504
1505
1501
1499
1496
1502
1509
1514
1508
1510
1512
1506
1511
1507
1513
1515
1517
1516
1520
1519
1522
1524
1525
1521
1523
1518
1526
1527
1528
1529
1534
1530
1531
1532
1533
1535
1536
1538
1537
1540
1541
1542
1543
1539
1544
1545
1546
1547
1548
1553
1552
1555
1551
1550
1554
1549
1557
1556
1558
1562
1559
1565
1564
1560
1563
1561
1568
1566
1567
1570
1572
1569
1573
1576
1575
1574
1577
1578
1571
1579
1580
1582
1587
1585
1581
1583
1584
1586
1588
1589
1590
1591
1592
1595
1596
1594
1598
1593
1597
1599
1600
1601
1602
1604
1607
1605
1606
1603
1608
1609
1610
1611
1612
1613
1614
1617
1616
1618
1615
1620
1619
1622
1621
1624
1623
1626
1629
1628
1625
1627
1630
1631
1632
1634
1633
1635
1643
1644
1638
1636
1639
1640
1641
1637
1642
1645
1646
1648
1647
1649
1650
1652
1653
1651
1654
1655
1658
1659
1656
1657
1660
1662
1661
1663
1671
1673
1672
1664
1668
1665
1667
1669
1666
1670
1674
1675
1677
1678
1679
1680
1681
1682
1683
1676
1684
1685
1686
1688
1691
1690
1692
1689
1687
1694
1696
1697
1699
1698
1700
1701
1695
1693
1702
1703
1704
1705
1706
1707
1708
1710
1709
1711
1712
1714
1713
1715
1716
1717
1718
1720
1719
1722
1723
1724
1721
1725
1726
1727
1728
1729
1730
1731
1732
1733
1734
1735
1736
1738
1740
1739
1741
1737
1742
1743
1745
1744
1746
1747
1749
1748
1750
1751
1752
1753
1754
1755
1756
1757
1758
1759
1760
1761
1763
1765
1764
1766
1767
1768
1769
1770
1771
1762
1772
1774
1773
1775
1776
1778
1777
1779
1780
1781
1782
1785
1788
1787
1789
1783
1790
1786
1793
1794
1795
1796
1791
1797
1798
1799
1801
1802
1804
1803
1805
1806
1807
1808
1810
1811
1784
1814
1813
1809
1792
1812
1818
1815
1816
1817
1820
1819
1821
1822
1823
1800
1824
1827
1826
1825
1828
1829
1831
1830
1832
1833
1834
1837
1835
1836
1839
1838
1840
1841
1843
1842
1844
1845
1846
1847
1849
1848
1851
1853
1855
1854
1852
1850
1858
1859
1856
1857
1860
1862
1861
1864
1863
1865
1866
1867
1868
1869
1876
1877
1875
1879
1878
1882
1883
1880
1881
1884
1888
1887
1885
1889
1886
1870
1871
1874
1872
1873
1893
1894
1891
1892
1890
1895
1899
1898
1897
1896
1901
1904
1903
1902
1905
1908
1906
1907
1900
1909
1910
1911
1912
1914
1913
1917
1915
1916
1918
1919
1920
1922
1921
1924
1923
1925
1927
1928
1926
1929
1930
1931
1932
1934
1933
1935
1937
1939
1936
1942
1940
1941
1938
1950
1948
1949
1943
1951
1946
1947
1944
1945
1952
1953
1956
1954
1958
1955
1957
1961
1959
1962
1963
1964
1968
1969
1965
1967
1971
1970
1966
1973
1972
1974
1975
1977
1976
1980
1979
1978
1981
1982
1983
1984
1986
1988
1989
1987
1985
1960
1990
1991
1992
1993
1994
2000
1996
2002
1995
1997
1998
2001
1999
2003
2005
2004
2006
2007
2009
2012
2011
2013
2010
2008
2014
2016
2015
2022
2018
2019
2021
2023
2017
2020
2024
2026
2025
2027
2028
2031
2029
2033
2030
2032
2034
2035
2036
2038
2037
2040
2043
2039
2041
2042
2046
2045
2044
2047
2048
2049
2050
2056
2055
2052
2053
2051
2054
2058
2057
2059
2060
2061
2062
2063
2068
2064
2066
2065
2069
2070
2067
2071
2072
2073
2075
2078
2077
2074
2079
2080
2076
2081
2082
2083
2084
2085
2090
2087
2086
2089
2088
2092
2093
2091
2094
2095
2098
2104
2096
2102
2101
2103
2100
2097
2099
2105
2107
2113
2106
2109
2110
2112
2114
2108
2111
2115
2116
2117
2118
2120
2121
2122
2124
2125
2123
2119
2126
2128
2127
2130
2129
2131
2133
2132
2134
2135
2136
2138
2137
2139
2142
2140
2144
2145
2143
2141
2146
2147
2148
2149
2150
2151
2152
2155
2154
2153
2156
2158
2157
2159
2160
2161
2162
2164
2166
2163
2165
2168
2167
2169
2170
2171
2172
2176
2174
2175
2177
2178
2179
2173
2180
2181
2182
2183
2184
2187
2185
2191
2194
2186
2193
2192
2190
2188
2189
2198
2202
2201
2195
2200
2199
2203
2197
2196
2204
2205
2211
2212
2210
2213
2207
2206
2214
2208
2209
2220
2215
2224
2222
2216
2219
2217
2223
2221
2218
2229
2225
2230
2227
2232
2226
2228
2231
2234
2233
2243
2235
2238
2237
2241
2240
2242
2244
2239
2236
2248
2250
2247
2253
2246
2249
2251
2252
2254
2245
2255
2256
2262
2258
2264
2263
2257
2261
2259
2260
2265
2266
2267
2268
2273
2272
2269
2274
2270
2271
2275
2276
2277
2278
2280
2281
2279
2283
2284
2282
2285
2286
2287
2288
2289
2290
2291
2292
2293
2297
2294
2296
2295
2299
2300
2302
2301
2303
2305
2304
2306
2307
2308
2309
2313
2318
2311
2314
2315
2312
2310
2316
2317
2319
2326
2322
2325
2327
2321
2320
2324
2323
2298
2329
2328
2332
2333
2331
2330
2334
2336
2335
2337
2338
2339
2340
2342
2346
2341
2344
2343
2345
2347
2348
2349
2350
2351
2352
2355
2357
2354
2353
2356
2359
2358
2360
2361
2362
2364
2365
2363
2368
2367
2366
2369
2370
2371
2372
2373
2374
2378
2381
2375
2380
2376
2377
2379
2382
2383
2387
2385
2384
2390
2388
2391
2389
2386
2392
2393
2394
2395
2399
2401
2396
2400
2397
2402
2398
2403
2404
2405
2406
2409
2411
2408
2410
2414
2415
2412
2407
2419
2423
2422
2418
2420
2421
2417
2416
2413
2425
2424
2433
2426
2428
2431
2430
2429
2432
2427
2434
2435
2436
2443
2441
2440
2438
2439
2442
2437
2444
2446
2445
2448
2453
2451
2450
2452
2449
2447
2454
2455
2456
2457
2462
2460
2464
2459
2461
2463
2458
2465
2466
2467
2468
2469
2471
2472
2474
2470
2476
2473
2477
2475
2478
2479
2480
2483
2481
2486
2484
2482
2485
2487
2488
2489
2490
2491
2496
2493
2497
2498
2500
2494
2495
2501
2492
2499
2503
2507
2504
2510
2511
2502
2508
2505
2509
2506
2512
2514
2513
2518
2516
2517
2521
2520
2519
2515
2522
2523
2524
2525
2527
2526
2528
2529
2531
2530
2532
2533
2535
2534
2536
2537
2542
2538
2543
2544
2539
2541
2540
2545
2546
2547
2548
2551
2550
2549
2554
2555
2553
2556
2552
2557
2558
2559
2560
2563
2566
2565
2561
2564
2562
2567
2568
2569
2570
2571
2572
2574
2573
2575
2576
2577
2578
2579
2580
2581
2582
2583
2584
2586
2588
2585
2587
2589
2590
2591
2592
2593
2594
2595
2598
2596
2599
2600
2597
2601
2602
2603
2604
2605
2607
2610
2611
2609
2612
2608
2606
2613
2614
2615
2621
2619
2620
2618
2624
2623
2625
2616
2617
2622
2628
2626
2627
2629
2630
2631
2633
2632
2635
2634
2637
2638
2636
2639
2640
2641
2643
2645
2642
2644
2646
2647
2648
2649
2650
2651
2654
2655
2653
2652
2657
2656
2659
2658
2660
2665
2664
2662
2661
2663
2668
2667
2666
2669
2670
2680
2677
2679
2678
2672
2673
2675
2676
2674
2671
2689
2687
2688
2684
2682
2683
2690
2685
2681
2686
2692
2691
2697
2694
2696
2695
2693
2698
2699
2700
2701
2702
2703
2708
2706
2709
2705
2707
2704
2710
2711
2713
2712
2714
2715
2716
2717
2720
2719
2718
2721
2722
2723
2724
2726
2728
2725
2727
2730
2729
2731
2733
2734
2732
2741
2736
2739
2735
2740
2737
2738
2742
2743
2744
2751
2746
2749
2747
2750
2748
2745
2754
2753
2752
2760
2755
2757
2758
2759
2761
2763
2764
2762
2767
2770
2768
2766
2773
2765
2769
2771
2772
2774
2775
2756
2779
2777
2778
2783
2776
2781
2784
2780
2782
2786
2788
2787
2789
2790
2791
2794
2795
2796
2798
2797
2799
2793
2792
2805
2804
2785
2800
2801
2802
2803
2807
2808
2806
2809
2812
2810
2813
2811
2814
2815
2816
2817
2818
2819
2820
2821
2822
2824
2823
2825
2828
2826
2827
2832
2830
2831
2829
2834
2833
2838
2836
2837
2835
2840
2842
2841
2843
2844
2839
2848
2847
2846
2845
2849
2850
2853
2856
2851
2855
2857
2852
2854
2858
2859
2860
2861
2863
2865
2866
2867
2862
2864
2868
2869
2870
2871
2872
2873
2875
2874
2876
2878
2879
2877
2880
2881
2882
2883
2884
2889
2885
2886
2888
2891
2887
2890
2892
2893
2894
2899
2896
2895
2901
2900
2897
2902
2904
2903
2898
2906
2907
2905
2908
2909
2910
2912
2913
2914
2911
2919
2918
2917
2915
2916
2924
2920
2922
2921
2923
2926
2925
2928
2927
2929
2930
2931
2933
2932
2934
2935
2938
2937
2936
2940
2939
2941
2942
2943
2944
2945
2946
2951
2949
2956
2954
2952
2947
2950
2948
2953
2955
2957
2959
2966
2958
2960
2963
2961
2965
2964
2962
2967
2968
2972
2976
2969
2973
2971
2974
2970
2975
2978
2977
2980
2979
2984
2985
2986
2981
2983
2982
2988
2987
2990
2989
2992
2993
2998
2996
2991
2997
2994
2995
2999
3000
3001
3002
3003
3007
3008
3005
3006
3004
3009
3010
3011
3012
3013
3015
3016
3017
3014
3019
3018
3020
3021
3022
3023
3027
3024
3026
3031
3030
3028
3029
3032
3025
3040
3033
3035
3034
3038
3037
3036
3039
3041
3042
3044
3048
3046
3050
3052
3049
3051
3043
3047
3045
3054
3061
3058
3056
3053
3060
3057
3059
3055
3062
3064
3063
3068
3065
3069
3070
3071
3067
3072
3066
3073
3074
3078
3075
3082
3081
3077
3079
3076
3080
3083
3084
3085
3086
3087
3090
3088
3091
3092
3089
3094
3093
3095
3096
3097
3098
3099
3100
3101
3103
3102
3104
3105
3106
3107
3108
3110
3111
3112
3109
3114
3113
3115
3116
3117
3119
3120
3121
3123
3122
3124
3125
3126
3127
3118
3131
3130
3129
3136
3134
3132
3135
3137
3133
3128
3144
3140
3139
3143
3138
3146
3145
3147
3141
3142
3156
3157
3153
3152
3148
3151
3150
3154
3149
3155
3165
3162
3159
3160
3167
3166
3158
3161
3164
3163
3169
3170
3168
3171
3177
3175
3176
3174
3172
3173
3179
3183
3182
3186
3181
3184
3187
3180
3178
3185
3188
3193
3194
3192
3196
3195
3189
3197
3191
3190
3198
3199
3207
3202
3205
3200
3204
3203
3206
3201
3210
3212
3211
3216
3208
3213
3217
3215
3214
3209
3223
3219
3224
3225
3221
3227
3222
3218
3220
3226
3228
3232
3229
3230
3231
3234
3236
3233
3238
3235
3237
3242
3241
3239
3243
3247
3240
3245
3244
3248
3246
3250
3249
3251
3252
3255
3253
3256
3258
3254
3257
3259
3260
3261
3263
3262
3264
3269
3267
3266
3265
3270
3268
3271
3272
3274
3273
3275
3277
3278
3280
3276
3279
3281
3282
3283
3284
3286
3285
3289
3291
3287
3288
3294
3293
3292
3290
3295
3296
3297
3299
3298
3302
3301
3300
3304
3305
3306
3303
3307
3308
3309
3310
3312
3314
3313
3315
3311
3316
3317
3320
3318
3321
3319
3324
3326
3323
3322
3325
3327
3330
3331
3329
3332
3335
3328
3333
3334
3337
3336
3339
3338
3341
3343
3344
3342
3346
3345
3340
3347
3350
3349
3348
3351
3352
3353
3354
3355
3357
3356
3359
3360
3358
3361
3362
3364
3363
3365
3371
3374
3369
3375
3366
3368
3370
3367
3372
3373
3382
3380
3377
3383
3384
3379
3385
3378
3381
3376
3386
3388
3394
3390
3395
3393
3389
3391
3387
3392
3397
3396
3398
3400
3401
3402
3404
3399
3405
3403
3406
3407
3408
3409
3410
3412
3411
3415
3417
3413
3414
3416
3418
3419
3420
3424
3421
3425
3423
3427
3422
3426
3428
3430
3432
3431
3434
3437
3435
3436
3438
3439
3433
3441
3440
3446
3447
3442
3443
3445
3448
3444
3450
3449
3452
3454
3453
3458
3451
3457
3459
3455
3456
3461
3466
3463
3465
3460
3464
3468
3462
3429
3467
3469
3471
3475
3474
3473
3476
3478
3470
3472
3477
3479
3480
3481
3488
3482
3484
3483
3490
3489
3487
3486
3485
3491
3492
3494
3493
3500
3498
3495
3496
3497
3499
3501
3502
3503
3506
3509
3507
3505
3504
3511
3510
3508
3512
3513
3515
3514
3517
3519
3518
3520
3522
3521
3516
3523
3528
3529
3531
3525
3532
3524
3526
3530
3533
3527
3534
3535
3536
3542
3538
3539
3540
3543
3537
3541
3544
3546
3551
3545
3553
3554
3549
3552
3550
3547
3548
3556
3555
3559
3560
3561
3558
3564
3557
3562
3563
3565
3566
3567
3568
3570
3573
3569
3572
3574
3571
3575
3576
3577
3578
3579
3580
3582
3586
3584
3581
3583
3585
3587
3588
3589
3595
3592
3593
3597
3590
3596
3598
3594
3591
3599
3600
3601
3605
3606
3604
3607
3609
3602
3608
3603
3610
3612
3611
3617
3613
3618
3615
3619
3616
3614
3620
3622
3621
3625
3626
3623
3628
3624
3627
3632
3630
3631
3629
3634
3637
3633
3640
3636
3639
3642
3641
3638
3635
3643
3644
3645
3650
3648
3646
3649
3647
3652
3651
3653
3654
3655
3656
3657
3659
3661
3662
3663
3664
3658
3660
3665
3671
3673
3667
3668
3670
3675
3674
3669
3666
3672
3676
3684
3677
3682
3683
3678
3685
3680
3681
3679
3686
3687
3694
3693
3695
3692
3690
3688
3689
3696
3697
3691
3698
3699
3705
3700
3701
3704
3702
3707
3706
3703
3708
3709
3710
3711
3712
3714
3715
3713
3716
3717
3718
3719
3720
3722
3721
3723
3726
3725
3724
3728
3727
3729
3730
3731
3732
3734
3736
3737
3733
3738
3739
3735
3740
3742
3741
3743
3744
3746
3745
3750
3749
3748
3747
3751
3752
3753
3754
3755
3756
3762
3757
3758
3764
3763
3760
3761
3759
3765
3773
3774
3767
3769
3766
3768
3772
3771
3770
3775
3776
3778
3780
3777
3779
3784
3783
3782
3781
3785
3786
3787
3790
3788
3789
3791
3793
3792
3795
3794
3796
3797
3798
3799
3800
3801
3802
3804
3805
3806
3803
3807
3808
3810
3811
3809
3812
3815
3816
3813
3817
3814
3818
3819
3821
3820
3822
3826
3832
3828
3827
3833
3830
3829
3825
3831
3824
3823
3835
3834
3838
3836
3842
3841
3837
3839
3843
3840
3844
3845
3847
3846
3848
3851
3852
3849
3850
3853
3854
3855
3856
3858
3857
3859
3860
3864
3862
3861
3865
3863
3866
3867
3868
3874
3870
3873
3875
3872
3869
3871
3877
3876
3878
3883
3888
3887
3880
3885
3879
3882
3884
3881
3886
3897
3892
3899
3890
3898
3896
3891
3894
3895
3893
3900
3903
3901
3909
3902
3906
3904
3908
3907
3905
3911
3910
3912
3913
3914
3916
3917
3915
3918
3919
3920
3921
3922
3923
3924
3925
3929
3928
3930
3926
3927
3931
3932
3933
3934
3935
3936
3937
3938
3940
3939
3941
3943
3942
3944
3945
3947
3946
3948
3949
3950
3952
3951
1
2
0
4
3
5
7
8
6
9
10
19
16
14
17
13
12
15
18
11
21
20
22
23
24
25
29
27
28
30
26
32
34
33
37
39
38
36
31
35
41
40
42
43
44
45
46
47
48
50
51
49
52
55
53
57
56
61
60
62
59
54
65
66
67
68
64
58
63
70
71
72
69
74
73
75
77
76
79
78
80
82
83
81
84
85
86
88
87
90
91
89
92
93
94
95
97
96
98
99
100
101
102
104
105
107
106
103
109
110
111
112
108
113
114
115
116
117
118
120
121
122
119
123
124
126
125
128
129
130
131
127
132
134
133
135
136
137
139
138
141
142
140
143
144
145
146
147
148
149
150
151
152
154
153
155
156
157
159
158
162
160
161
163
164
165
166
167
168
169
170
171
174
172
173
175
176
177
178
179
180
181
182
183
185
184
186
187
188
190
189
191
192
195
194
196
204
200
211
215
212
199
216
209
202
197
206
207
201
213
203
198
205
208
214
210
236
229
223
230
221
224
232
233
227
222
220
228
218
235
226
231
219
217
234
225
237
238
239
242
241
244
246
247
248
245
252
251
254
250
253
240
256
255
249
243
257
260
263
262
261
266
268
265
267
264
270
271
269
272
273
275
274
259
276
277
278
279
280
281
282
284
288
285
289
286
287
290
291
292
293
294
295
296
297
298
299
300
301
258
283
302
303
307
309
311
312
313
314
317
315
316
321
318
320
322
308
323
324
325
305
304
310
319
326
328
329
331
332
330
333
334
336
337
338
339
340
335
342
343
344
341
346
349
348
347
350
352
351
345
306
353
354
355
356
357
359
360
362
363
358
361
369
365
368
364
367
366
370
373
372
371
374
375
376
377
378
379
380
382
381
327
383
385
384
386
388
389
387
390
393
391
394
395
396
397
400
402
398
403
405
404
401
392
406
407
408
409
410
411
413
412
414
416
415
419
417
420
425
427
422
426
421
423
428
424
429
430
418
434
436
435
438
437
399
441
440
439
445
443
442
431
433
448
449
450
444
447
446
453
452
451
455
456
457
458
460
464
462
463
459
461
465
466
468
471
469
467
473
472
470
474
475
478
477
482
480
481
479
476
484
432
483
485
488
491
490
487
486
489
492
493
494
495
454
497
498
500
499
502
501
496
504
503
505
506
507
509
508
510
511
513
514
515
512
516
517
518
519
521
520
522
523
527
525
524
526
531
532
533
534
536
535
538
537
541
542
543
539
540
528
529
530
545
547
546
550
549
552
553
555
551
554
548
556
544
557
558
559
560
561
563
562
564
565
569
571
570
566
574
573
572
576
577
580
579
567
575
584
585
586
581
583
582
578
587
588
590
591
593
589
594
595
596
592
597
598
600
599
605
606
601
607
602
603
604
609
608
610
612
613
616
614
615
617
618
619
621
622
568
623
611
620
627
628
629
625
626
630
631
624
633
632
635
636
637
634
638
639
640
641
642
643
644
645
646
649
647
648
650
652
653
654
656
655
651
659
658
661
657
663
660
662
664
666
667
668
670
669
671
672
665
673
675
674
678
677
679
681
676
684
686
685
680
682
683
688
687
691
690
692
689
693
694
696
697
698
699
701
700
702
703
707
706
705
704
709
711
713
708
712
714
716
717
718
719
721
722
710
720
715
723
724
728
727
725
729
732
733
734
730
731
736
735
738
737
739
740
742
695
726
741
743
744
745
746
750
754
747
755
756
757
759
751
758
761
760
764
762
765
753
763
766
749
767
768
752
769
770
771
772
773
774
777
775
778
779
776
781
780
782
783
785
786
787
789
790
792
791
794
793
784
748
796
797
799
800
795
798
804
803
807
808
802
806
810
812
811
813
814
815
816
801
817
818
820
821
819
825
822
823
827
824
826
828
830
829
831
834
832
836
833
837
835
838
788
839
841
840
842
844
843
847
846
845
848
849
851
853
852
854
856
855
857
860
858
861
859
805
850
864
863
862
867
866
865
868
869
870
871
872
873
874
875
878
877
876
880
882
881
885
879
883
887
888
886
889
890
893
891
892
894
895
896
884
900
899
901
904
905
809
909
902
906
903
907
908
912
914
913
910
911
915
898
917
918
919
920
916
922
921
923
928
925
924
930
926
933
929
934
931
932
936
935
937
938
939
940
927
941
943
942
897
946
944
945
948
949
947
953
954
951
950
955
952
956
957
961
960
959
963
964
958
967
966
968
969
970
962
971
965
973
974
976
972
977
975
978
982
983
980
981
984
986
985
990
987
989
991
979
992
994
996
998
993
999
1000
997
1003
1004
1001
1002
1006
1005
1007
1008
1011
1009
1012
1013
1010
1014
1015
1016
1017
1018
1019
1020
1023
1022
1021
1024
1027
1026
1025
1030
1032
1028
1033
1034
1031
1029
1037
1038
1039
1036
1040
1041
1035
1043
1042
988
1044
1046
1047
1049
1050
1048
1051
995
1052
1053
1054
1055
1045
1056
1059
1057
1061
1058
1060
1064
1065
1066
1067
1062
1063
1068
1069
1071
1073
1072
1074
1070
1077
1076
1075
1079
1078
1080
1082
1083
1081
1084
1085
1086
1087
1088
1090
1091
1093
1092
1089
1095
1094
1096
1097
1101
1102
1099
1100
1104
1105
1107
1106
1109
1108
1103
1111
1112
1114
1113
1118
1119
1110
1115
1117
1116
1123
1122
1120
1121
1126
1125
1127
1124
1128
1130
1131
1135
1134
1132
1139
1140
1136
1129
1137
1138
1142
1143
1141
1145
1148
1133
1149
1147
1146
1150
1151
1152
1098
1144
1158
1154
1153
1156
1161
1157
1164
1163
1170
1162
1168
1169
1159
1160
1166
1167
1171
1165
1174
1175
1173
1176
1177
1178
1181
1183
1184
1180
1182
1179
1187
1186
1188
1190
1185
1155
1189
1191
1192
1194
1195
1196
1202
1201
1198
1197
1199
1200
1204
1206
1203
1205
1193
1209
1211
1210
1213
1212
1214
1207
1172
1216
1217
1215
1222
1219
1220
1218
1221
1223
1224
1225
1226
1227
1228
1229
1231
1232
1230
1233
1234
1236
1235
1238
1237
1240
1239
1242
1245
1241
1243
1246
1250
1251
1249
1244
1208
1248
1252
1253
1254
1255
1259
1256
1257
1258
1263
1262
1260
1264
1261
1266
1265
1269
1272
1268
1267
1271
1273
1270
1274
1278
1279
1281
1283
1280
1275
1247
1284
1285
1293
1286
1287
1289
1292
1288
1290
1294
1291
1276
1277
1282
1295
1296
1297
1299
1301
1302
1305
1303
1310
1304
1312
1300
1308
1306
1313
1311
1309
1314
1307
1315
1316
1317
1318
1319
1320
1324
1323
1325
1327
1328
1330
1332
1329
1334
1326
1338
1335
1331
1337
1336
1333
1340
1341
1339
1298
1343
1342
1346
1345
1344
1347
1348
1349
1354
1353
1351
1350
1355
1352
1357
1358
1359
1356
1360
1363
1362
1361
1365
1366
1321
1367
1364
1368
1370
1322
1369
1374
1376
1377
1375
1371
1372
1380
1379
1382
1381
1383
1385
1386
1373
1387
1388
1390
1384
1389
1391
1392
1393
1394
1395
1396
1397
1398
1400
1402
1401
1399
1403
1405
1404
1406
1408
1407
1409
1411
1413
1410
1412
1416
1415
1414
1417
1421
1418
1422
1419
1423
1420
1425
1424
1426
1427
1429
1430
1431
1432
1378
1433
1428
1435
1434
1436
1437
1438
1439
1440
1442
1445
1441
1443
1447
1448
1449
1444
1450
1446
1451
1456
1455
1453
1454
1458
1461
1459
1462
1463
1464
1452
1465
1466
1467
1457
1469
1470
1468
1472
1460
1471
1476
1474
1480
1479
1481
1475
1483
1484
1485
1487
1488
1491
1477
1489
1492
1478
1473
1482
1493
1486
1495
1496
1494
1497
1498
1499
1500
1501
1502
1503
1505
1508
1504
1506
1510
1507
1509
1511
1512
1514
1513
1515
1516
1518
1517
1519
1520
1521
1522
1523
1524
1525
1527
1530
1531
1535
1526
1532
1528
1533
1534
1529
1539
1536
1490
1537
1538
1541
1540
1544
1542
1543
1547
1545
1546
1548
1550
1553
1551
1549
1554
1552
1555
1559
1556
1560
1557
1561
1558
1564
1562
1566
1565
1563
1567
1568
1569
1571
1573
1574
1572
1575
1576
1577
1570
1578
1580
1583
1582
1587
1585
1586
1584
1588
1581
1589
1594
1595
1593
1579
1596
1590
1592
1591
1597
1598
1599
1600
1601
1602
1603
1604
1606
1608
1605
1613
1607
1609
1610
1617
1618
1619
1614
1616
1611
1615
1612
1622
1623
1620
1621
1624
1625
1626
1627
1628
1631
1632
1633
1634
1630
1629
1640
1641
1637
1635
1638
1639
1636
1643
1642
1645
1646
1647
1648
1649
1650
1651
1652
1653
1644
1654
1656
1655
1657
1658
1660
1662
1661
1659
1663
1664
1665
1666
1667
1668
1669
1671
1672
1670
1673
1676
1674
1675
1677
1678
1680
1683
1684
1686
1687
1689
1688
1692
1690
1682
1693
1691
1679
1681
1694
1695
1696
1697
1698
1685
1699
1701
1703
1704
1705
1702
1706
1707
1710
1713
1709
1711
1708
1715
1712
1719
1700
1720
1723
1722
1721
1725
1724
1714
1717
1729
1718
1716
1726
1732
1730
1736
1731
1733
1735
1734
1739
1738
1737
1727
1740
1747
1746
1741
1728
1742
1743
1748
1750
1753
1749
1754
1752
1755
1756
1757
1759
1758
1760
1761
1762
1763
1766
1764
1765
1768
1767
1751
1769
1770
1774
1773
1776
1771
1772
1775
1777
1780
1781
1779
1778
1783
1782
1784
1785
1786
1788
1787
1744
1745
1790
1791
1793
1794
1795
1796
1797
1798
1789
1792
1802
1803
1807
1804
1808
1799
1800
1801
1805
1806
1809
1810
1811
1812
1813
1814
1816
1815
1817
1819
1820
1818
1821
1822
1829
1823
1824
1831
1832
1833
1827
1830
1825
1826
1834
1835
1836
1837
1838
1839
1840
1841
1842
1843
1845
1844
1828
1846
1847
1850
1848
1853
1852
1855
1851
1854
1858
1860
1856
1861
1862
1864
1857
1859
1849
1863
1866
1867
1868
1869
1865
1870
1872
1874
1871
1873
1875
1880
1879
1881
1885
1877
1882
1888
1876
1886
1883
1889
1890
1878
1887
1891
1892
1884
1895
1897
1896
1899
1900
1898
1902
1903
1904
1907
1908
1905
1901
1906
1910
1909
1911
1913
1912
1914
1915
1916
1917
1918
1919
1922
1923
1921
1920
1925
1926
1924
1929
1928
1927
1930
1932
1933
1931
1935
1936
1934
1938
1893
1940
1894
1939
1937
1941
1945
1943
1946
1947
1950
1949
1948
1944
1942
1952
1953
1951
1955
1957
1959
1954
1960
1958
1961
1956
1965
1962
1964
1970
1969
1963
1968
1971
1972
1974
1966
1975
1976
1980
1967
1977
1973
1979
1981
1983
1982
1984
1978
1987
1991
1989
1992
1986
1990
1993
1994
1996
1995
1999
1998
2000
1988
2001
2002
2003
2004
1997
2005
2006
2007
2008
2011
2009
2010
2012
2014
2013
2015
2016
2017
2019
2020
2022
2018
2021
2023
2024
2025
2026
2027
2028
2030
2033
2032
2029
2034
2037
2035
2038
2031
2040
2039
2042
2041
2043
2044
1985
2045
2046
2047
2049
2048
2050
2051
2053
2052
2055
2056
2057
2058
2054
2062
2061
2060
2065
2063
2059
2066
2068
2067
2069
2070
2071
2074
2072
2073
2075
2064
2079
2078
2077
2076
2036
2080
2081
2084
2085
2083
2091
2097
2098
2082
2096
2092
2094
2093
2090
2088
2087
2095
2086
2089
2099
2101
2100
2102
2103
2104
2106
2105
2109
2111
2108
2117
2107
2112
2114
2116
2113
2110
2118
2119
2124
2121
2122
2115
2120
2123
2125
2127
2126
2129
2128
2133
2130
2132
2134
2131
2137
2136
2138
2135
2142
2144
2143
2139
2140
2141
2147
2146
2145
2148
2149
2152
2150
2151
2156
2153
2158
2159
2161
2162
2163
2164
2165
2168
2167
2166
2154
2169
2155
2157
2170
2171
2173
2174
2175
2176
2177
2178
2179
2180
2182
2183
2181
2185
2184
2186
2187
2188
2190
2189
2191
2192
2172
2193
2195
2194
2196
2197
2198
2199
2200
2201
2205
2202
2204
2206
2207
2203
2208
2211
2209
2210
2212
2213
2160
2214
2217
2215
2216
2218
2221
2222
2224
2223
2227
2225
2228
2230
2229
2226
2232
2234
2231
2235
2237
2238
2233
2236
2240
2239
2241
2242
2243
2244
2245
2247
2248
2249
2246
2253
2251
2258
2256
2252
2257
2254
2255
2250
2220
2219
2260
2259
2262
2261
2263
2264
2269
2268
2266
2267
2270
2272
2271
2276
2274
2265
2273
2275
2277
2278
2279
2281
2282
2283
2284
2285
2287
2286
2289
2290
2292
2293
2288
2291
2295
2297
2294
2298
2296
2299
2301
2302
2303
2280
2300
2304
2306
2307
2308
2309
2310
2311
2314
2312
2313
2315
2318
2316
2323
2320
2321
2322
2317
2324
2319
2325
2326
2328
2327
2329
2330
2331
2332
2333
2334
2336
2335
2338
2340
2337
2339
2342
2344
2343
2346
2345
2347
2349
2341
2348
2350
2351
2352
2353
2354
2355
2305
2356
2357
2358
2360
2359
2361
2362
2363
2366
2364
2368
2371
2367
2370
2372
2373
2365
2369
2375
2374
2376
2377
2378
2379
2380
2381
2382
2383
2384
2385
2386
2387
2390
2389
2391
2392
2393
2394
2395
2396
2388
2397
2398
2399
2403
2400
2404
2401
2402
2405
2406
2407
2410
2408
2409
2411
2412
2413
2418
2416
2419
2420
2421
2423
2425
2422
2424
2427
2426
2415
2414
2428
2429
2432
2431
2430
2433
2434
2436
2437
2438
2439
2440
2435
2442
2441
2443
2444
2445
2446
2447
2449
2451
2448
2450
2453
2452
2454
2455
2456
2457
2458
2461
2460
2459
2462
2463
2464
2465
2466
2467
2468
2417
2470
2469
2472
2471
2473
2474
2476
2477
2475
2479
2478
2480
2481
2482
2484
2483
2485
2486
2487
2488
2489
2491
2492
2490
2493
2494
2495
2496
2497
2499
2498
2501
2502
2503
2500
2504
2505
2506
2507
2508
2509
2512
2510
2513
2511
2514
2515
2516
2517
2518
2519
2520
2521
2522
2525
2524
2523
2527
2526
2528
2529
2531
2533
2530
2534
2532
2535
2536
2537
2538
2539
2540
2541
2542
2543
2544
2545
2546
2547
2548
2549
2550
2553
2551
2552
2555
2554
2557
2556
2558
2559
2560
2562
2563
2565
2564
2561
2567
2566
2568
2570
2569
2571
2573
2572
2574
2575
2577
2576
2579
2578
2580
2581
2582
2585
2584
2588
2587
2586
2583
2590
2589
2593
2591
2592
2595
2594
2596
2598
2597
2599
2600
2601
2602
2603
2604
2605
2606
2607
2608
2609
2610
2612
2611
2613
2614
2615
2617
2616
2619
2618
2620
2621
2622
2623
2624
2625
2627
2626
2629
2628
2632
2631
2633
2630
2635
2636
2638
2640
2637
2639
2641
2642
2643
2646
2644
2647
2648
2645
2650
2649
2651
2652
2653
2654
2655
2656
2657
2659
2658
2660
2661
2662
2663
2664
2665
2666
2667
2668
2670
2672
2671
2673
2669
2674
2675
2677
2676
2678
2679
2680
2681
2682
2683
2684
2685
2686
2687
2688
2689
2634
2690
2691
2692
2693
2694
2695
2696
2697
2698
2699
2700
2701
2702
2703
2704
2705
2706
2707
2708
2709
2710
2712
2711
2714
2715
2716
2713
2717
2718
2719
2720
2721
2722
2724
2723
2725
2726
2728
2729
2727
2732
2731
2733
2734
2735
2736
2737
2738
2740
2739
2741
2742
2744
2743
2745
2747
2746
2748
2749
2750
2751
2752
2754
2753
2755
2756
2757
2758
2759
2760
2761
2762
2763
2764
2766
2768
2769
2765
2767
2771
2772
2773
2770
2774
2775
2776
2777
2778
2730
2779
2780
2781
2782
2786
2784
2783
2787
2785
2788
2790
2789
2791
2792
2793
2794
2795
2796
2798
2799
2800
2797
2802
2801
2803
2804
2805
2806
2808
2807
2809
2811
2810
2813
2814
2812
2818
2820
2816
2815
2819
2817
2822
2821
2823
2826
2828
2829
2824
2830
2831
2832
2833
2825
2834
2835
2837
2836
2838
2839
2841
2842
2840
2843
2846
2845
2847
2844
2848
2852
2851
2849
2850
2854
2855
2858
2856
2853
2857
2860
2859
2863
2865
2864
2866
2867
2868
2861
2869
2870
2871
2872
2873
2862
2875
2827
2876
2877
2874
2879
2878
2883
2885
2882
2880
2881
2888
2884
2889
2887
2886
2890
2891
2894
2892
2895
2897
2893
2896
2898
2899
2904
2902
2901
2903
2905
2908
2900
2906
2907
2910
2909
2911
2913
2912
2918
2916
2915
2917
2919
2914
2920
2921
2922
2923
2928
2926
2927
2924
2925
2929
2931
2932
2930
2933
2935
2937
2934
2938
2936
2939
2940
2941
2942
2943
2947
2944
2946
2949
2948
2945
2950
2951
2952
2953
2954
2957
2955
2956
2958
2961
2960
2962
2963
2959
2965
2964
2969
2967
2968
2966
2973
2971
2972
2974
2970
2975
2976
2977
2978
2980
2979
2981
2982
2984
2985
2987
2986
2988
2989
2990
2991
2993
2983
2994
2995
2996
2992
2997
2998
2999
3000
3001
3003
3002
3004
3005
3007
3006
3008
3009
3010
3011
3013
3015
3014
3017
3018
3020
3012
3016
3021
3019
3023
3022
3024
3027
3038
3026
3030
3025
3035
3032
3033
3037
3039
3028
3031
3036
3034
3029
3040
3042
3041
3045
3044
3043
3046
3048
3054
3056
3050
3047
3057
3049
3053
3058
3051
3052
3055
3059
3062
3061
3060
3063
3065
3064
3066
3068
3067
3069
3070
3071
3072
3074
3077
3076
3078
3079
3073
3081
3082
3075
3080
3084
3086
3083
3085
3088
3087
3089
3090
3091
3093
3092
3095
3096
3094
3101
3103
3100
3102
3105
3099
3098
3104
3106
3097
3107
3109
3111
3108
3110
3112
3113
3116
3114
3115
3118
3119
3117
3120
3123
3124
3121
3122
3126
3125
3127
3128
3130
3131
3129
3132
3135
3136
3133
3134
3139
3137
3138
3140
3144
3148
3149
3146
3150
3151
3153
3154
3156
3155
3152
3157
3158
3142
3159
3141
3143
3147
3145
3160
3161
3164
3162
3163
3166
3168
3169
3170
3167
3171
3172
3173
3174
3177
3176
3175
3178
3179
3181
3183
3182
3185
3186
3187
3190
3184
3180
3191
3188
3192
3189
3193
3194
3195
3196
3198
3197
3199
3200
3201
3202
3203
3204
3205
3206
3207
3208
3209
3210
3211
3213
3212
3214
3216
3215
3217
3219
3218
3220
3221
3222
3165
3224
3226
3223
3225
3227
3228
3229
3230
3232
3231
3233
3234
3235
3236
3240
3237
3238
3239
3241
3242
3243
3247
3245
3246
3244
3248
3250
3249
3251
3252
3253
3254
3255
3256
3257
3258
3260
3259
3261
3262
3263
3265
3264
3269
3270
3268
3266
3267
3271
3272
3273
3274
3276
3275
3280
3277
3279
3278
3281
3282
3283
3284
3285
3286
3287
3288
3290
3289
3291
3294
3296
3295
3292
3293
3297
3299
3301
3298
3300
3302
3303
3305
3306
3304
3308
3309
3311
3313
3314
3312
3315
3316
3317
3319
3318
3320
3323
3326
3322
3321
3327
3329
3324
3325
3328
3331
3332
3330
3333
3334
3335
3336
3337
3339
3340
3343
3346
3342
3348
3349
3338
3350
3353
3351
3352
3345
3347
3341
3344
3355
3356
3360
3359
3357
3358
3361
3363
3364
3307
3365
3310
3366
3367
3368
3370
3371
3369
3372
3373
3374
3375
3376
3377
3378
3380
3379
3382
3386
3381
3385
3384
3383
3389
3388
3387
3390
3391
3396
3395
3394
3393
3397
3398
3392
3399
3400
3402
3403
3401
3404
3406
3408
3407
3405
3409
3354
3410
3413
3411
3412
3414
3415
3362
3416
3417
3418
3419
3420
3421
3423
3425
3424
3426
3427
3429
3436
3428
3431
3430
3433
3435
3432
3434
3422
3439
3437
3438
3440
3441
3442
3460
3459
3458
3462
3444
3445
3461
3443
3447
3446
3465
3463
3464
3466
3468
3467
3472
3470
3471
3469
3474
3475
3476
3473
3477
3478
3479
3480
3483
3484
3485
3482
3486
3488
3487
3481
3449
3448
3451
3450
3453
3452
3455
3457
3456
3454
3490
3492
3493
3491
3495
3494
3498
3497
3500
3499
3502
3501
3503
3504
3505
3506
3507
3508
3509
3511
3510
3512
3513
3515
3516
3517
3518
3514
3520
3519
3521
3522
3523
3524
3527
3525
3526
3528
3530
3529
3531
3532
3533
3534
3535
3537
3538
3536
3540
3539
3541
3542
3552
3551
3556
3557
3553
3554
3543
3549
3545
3546
3558
3550
3489
3544
3547
3555
3559
3548
3560
3496
3561
3563
3562
3564
3566
3565
3567
3569
3570
3568
3571
3572
3573
3574
3578
3575
3579
3577
3576
3580
3581
3582
3583
3584
3585
3587
3589
3588
3586
3592
3590
3591
3598
3597
3601
3604
3603
3605
3600
3596
3599
3602
3593
3607
3606
3608
3609
3611
3612
3610
3621
3617
3613
3614
3619
3616
3618
3615
3622
3623
3620
3624
3625
3626
3628
3629
3630
3631
3632
3633
3638
3637
3639
3641
3636
3634
3640
3635
3646
3595
3645
3594
3647
3643
3644
3642
3648
3650
3649
3657
3656
3665
3652
3654
3664
3655
3661
3663
3662
3659
3658
3651
3667
3666
3660
3653
3627
3669
3668
3670
3671
3674
3673
3672
3675
3676
3681
3683
3687
3682
3684
3677
3690
3686
3679
3688
3692
3689
3685
3691
3693
3694
3695
3697
3696
3705
3701
3698
3699
3700
3710
3709
3707
3708
3704
3703
3706
3713
3711
3714
3702
3712
3715
3718
3717
3716
3723
3721
3724
3720
3725
3726
3727
3732
3730
3733
3678
3680
3729
3735
3734
3736
3719
3722
3737
3739
3741
3740
3742
3743
3747
3744
3746
3745
3749
3748
3754
3752
3750
3751
3753
3755
3756
3758
3757
3759
3760
3762
3761
3763
3764
3765
3767
3771
3770
3768
3769
3772
3773
3766
3775
3774
3776
3728
3777
3731
3778
3780
3779
3781
3782
3783
3784
3785
3786
3788
3787
3789
3790
3791
3792
3793
3738
3796
3799
3801
3798
3800
3797
3804
3803
3805
3806
3807
3808
3810
3811
3809
3812
3813
3816
3815
3817
3818
3814
3819
3820
3821
3822
3825
3824
3823
3826
3827
3828
3829
3830
3832
3833
3834
3831
3836
3835
3837
3838
3839
3841
3840
3842
3843
3844
3847
3845
3794
3795
3848
3846
3849
3851
3850
3852
3802
3853
3854
3855
3857
3856
3858
3859
3861
3860
3862
3864
3866
3865
3863
3867
3868
3869
3870
3872
3873
3874
3875
3871
3876
3877
3878
3879
3880
3881
3882
3883
3884
3885
3887
3889
3888
3891
3890
3886
3893
3895
3892
3896
3894
3897
3898
3899
3900
3901
3902
3903
3904
3905
3906
3907
3908
3909
3910
3912
3911
3913
3915
3916
3921
3919
3914
3918
3920
3922
3923
3925
3924
3926
3927
3928
3930
3929
3931
3932
3933
3934
3935
3936
3937
3940
3939
3941
3942
3944
3938
3943
3945
3946
3952
3949
3950
3951
3948
3947
3917
