7
1
3
9
8
2
0
6
4
5
10
11
12
14
17
18
19
16
13
15
21
22
23
26
28
25
29
24
30
31
32
33
34
36
38
37
39
40
35
27
20
41
42
43
46
44
45
50
47
49
51
48
52
53
55
54
56
59
58
66
62
64
60
63
61
57
65
68
67
70
75
69
72
74
71
76
73
78
77
79
80
81
82
83
84
86
85
87
88
89
90
92
93
94
95
91
99
97
98
100
96
101
103
102
105
104
110
108
106
109
107
111
112
114
113
115
116
119
118
117
124
121
120
125
122
123
126
127
128
129
132
130
134
131
133
136
135
137
139
138
140
143
144
142
141
147
149
146
145
148
150
151
157
155
152
156
158
153
154
159
160
161
162
163
164
166
165
168
169
167
170
171
172
173
174
178
179
176
175
181
180
177
182
183
184
185
186
187
190
192
191
188
189
193
194
195
196
197
200
198
199
201
205
203
202
204
207
206
208
209
210
211
212
213
214
217
215
216
218
219
220
221
222
223
224
226
228
227
229
230
225
232
231
233
234
235
236
237
238
242
241
243
239
240
244
245
246
247
248
249
252
253
250
251
256
255
254
258
259
257
260
262
263
264
261
266
265
268
267
269
270
271
272
273
274
275
276
277
279
278
280
281
282
283
284
285
288
287
286
289
290
292
291
294
295
293
296
297
298
299
302
305
304
300
301
303
306
311
307
315
309
308
316
314
313
312
310
319
318
317
320
323
324
325
322
326
321
327
328
329
330
331
335
333
334
336
332
337
339
338
340
341
342
345
343
346
344
348
350
347
349
351
352
353
355
354
356
357
359
360
358
361
362
363
367
365
366
364
370
369
373
372
371
368
375
376
377
374
378
383
381
382
380
379
384
385
386
387
388
389
393
391
390
392
394
395
396
397
398
399
400
402
404
407
401
406
403
408
405
409
410
411
412
414
413
415
418
416
419
417
420
421
422
428
429
430
432
431
434
433
435
437
436
438
439
440
442
441
443
444
445
446
447
449
448
450
452
451
455
454
453
456
457
460
458
461
459
462
423
424
425
426
427
463
466
465
470
473
464
467
469
468
474
471
475
478
476
479
480
483
481
477
484
482
485
489
492
486
490
493
488
491
487
494
499
498
497
501
500
496
502
503
504
505
508
510
511
509
507
472
506
495
512
513
514
516
515
518
517
519
520
523
521
522
524
525
526
527
528
533
531
530
532
529
535
537
538
534
539
536
542
540
543
541
544
546
545
547
548
549
550
552
553
551
555
554
557
556
558
559
560
561
563
562
564
567
565
566
569
568
570
571
572
573
574
575
577
576
579
578
580
581
582
583
584
585
586
590
588
587
589
591
593
592
594
595
596
599
597
601
605
603
598
604
600
606
607
602
608
610
614
609
612
613
611
615
617
616
618
619
620
621
622
623
627
625
630
631
629
628
632
626
624
633
634
635
637
641
642
638
639
636
640
644
643
645
646
647
648
654
650
655
652
649
656
651
653
657
658
659
661
665
660
662
664
668
663
667
666
669
670
673
675
674
671
677
679
672
676
678
680
682
681
685
684
688
683
687
686
689
690
691
692
693
695
700
697
694
698
696
702
699
701
703
704
705
708
707
711
709
710
712
706
713
714
715
716
717
720
719
718
724
721
723
725
726
727
728
732
729
731
730
733
734
735
736
722
737
738
739
740
741
743
742
744
746
745
747
748
749
750
751
752
753
757
758
754
756
755
759
761
760
762
763
764
765
766
767
768
769
770
771
773
774
772
775
776
778
777
780
779
782
783
781
784
785
786
787
788
789
791
790
794
793
792
795
796
797
798
799
800
801
802
804
803
806
808
807
805
810
811
809
812
813
814
816
819
815
817
821
822
823
818
824
820
825
827
826
828
832
830
831
829
833
835
834
836
837
838
839
840
841
842
845
846
844
847
843
848
849
850
851
852
853
854
857
856
855
860
858
859
861
862
864
863
865
866
870
871
869
868
867
872
873
874
878
875
881
879
882
877
880
876
883
884
887
890
889
892
888
891
885
893
894
886
895
896
897
898
904
902
900
907
905
901
899
906
903
908
909
917
911
918
916
915
913
910
912
914
919
920
922
924
928
927
921
925
926
929
930
931
923
932
935
936
938
933
934
939
942
940
937
941
945
943
944
948
947
946
950
952
949
951
955
954
953
956
957
958
959
960
962
961
964
965
963
967
972
966
970
968
971
969
974
978
982
973
979
976
977
980
981
983
984
986
985
987
990
991
992
988
989
993
994
995
996
997
998
1000
1001
999
1004
1005
1003
1002
1006
1007
1008
1009
1010
1014
1015
1013
1011
1012
1016
1018
1019
1017
1020
1021
1022
1024
1023
1025
1026
1027
1029
1028
1030
1031
975
1032
1035
1033
1039
1036
1037
1038
1041
1034
1040
1042
1043
1044
1045
1046
1047
1051
1048
1049
1050
1052
1053
1054
1055
1056
1059
1057
1058
1061
1060
1062
1063
1064
1065
1066
1067
1068
1069
1070
1071
1075
1076
1074
1072
1073
1077
1078
1079
1080
1081
1082
1083
1086
1085
1087
1088
1090
1089
1091
1092
1084
1093
1095
1094
1096
1097
1100
1099
1098
1101
1102
1103
1105
1104
1106
1107
1108
1111
1112
1109
1110
1113
1115
1114
1116
1117
1118
1119
1120
1121
1122
1123
1124
1125
1126
1127
1128
1129
1130
1131
1132
1133
1134
1135
1136
1138
1137
1139
1140
1142
1141
1143
1144
1145
1146
1150
1152
1147
1151
1155
1156
1153
1149
1148
1154
1157
1158
1160
1159
1161
1164
1165
1162
1163
1166
1167
1168
1169
1170
1171
1172
1174
1179
1173
1178
1175
1177
1180
1176
1181
1182
1183
1185
1188
1190
1186
1191
1196
1187
1189
1193
1197
1198
1194
1195
1192
1184
1199
1201
1203
1202
1200
1206
1208
1205
1207
1204
1209
1210
1211
1214
1213
1212
1218
1216
1217
1219
1215
1220
1221
1222
1225
1224
1228
1229
1227
1230
1226
1231
1223
1232
1233
1234
1236
1240
1238
1235
1239
1237
1241
1242
1243
1244
1245
1246
1250
1248
1251
1247
1249
1252
1253
1254
1255
1256
1257
1259
1258
1260
1261
1263
1262
1264
1265
1266
1268
1269
1272
1271
1270
1274
1273
1275
1276
1267
1277
1278
1285
1280
1282
1279
1281
1283
1284
1288
1287
1286
1289
1290
1294
1291
1295
1298
1293
1297
1296
1299
1300
1301
1302
1303
1305
1306
1307
1304
1308
1309
1310
1311
1312
1313
1314
1316
1315
1318
1317
1321
1319
1320
1322
1323
1324
1325
1326
1327
1329
1330
1328
1331
1332
1334
1335
1333
1336
1337
1338
1339
1340
1341
1342
1343
1344
1345
1347
1346
1348
1349
1350
1352
1351
1353
1292
1354
1355
1356
1357
1358
1361
1359
1360
1362
1364
1363
1365
1366
1367
1368
1369
1371
1374
1372
1373
1375
1377
1376
1378
1380
1370
1379
1382
1383
1387
1381
1385
1386
1384
1388
1389
1390
1391
1392
1393
1398
1397
1396
1399
1400
1394
1401
1402
1403
1395
1405
1404
1407
1406
1408
1409
1410
1411
1413
1412
1414
1417
1415
1418
1419
1420
1422
1421
1423
1424
1416
1425
1426
1427
1428
1429
1430
1433
1434
1432
1431
1435
1437
1436
1438
1439
1440
1443
1441
1442
1444
1445
1448
1447
1446
1449
1450
1451
1452
1453
1455
1454
1456
1459
1457
1460
1462
1461
1458
1463
1465
1464
1466
1468
1467
1469
1470
1472
1471
1473
1474
1475
1476
1478
1477
1479
1484
1480
1483
1482
1485
1481
1486
1487
1488
1489
1491
1490
1492
1494
1495
1493
1496
1498
1497
1500
1499
1502
1501
1503
1504
1505
1508
1506
1507
1509
1510
1511
1512
1514
1515
1516
1517
1520
1519
1522
1521
1523
1518
1524
1526
1525
1527
1528
1529
1531
1533
1530
1532
1534
1536
1537
1535
1541
1547
1544
1545
1539
1540
1543
1538
1546
1542
1549
1548
1550
1551
1556
1554
1558
1555
1553
1557
1552
1559
1560
1563
1562
1561
1564
1565
1570
1568
1569
1566
1567
1572
1580
1577
1575
1571
1581
1573
1578
1579
1576
1582
1584
1586
1585
1583
1591
1590
1589
1587
1588
1594
1592
1601
1600
1599
1598
1596
1593
1595
1597
1602
1603
1607
1605
1604
1611
1608
1606
1609
1613
1612
1617
1616
1621
1615
1614
1622
1618
1620
1619
1623
1624
1629
1630
1633
1628
1626
1631
1627
1625
1632
1635
1637
1634
1638
1636
1642
1641
1639
1640
1643
1644
1645
1650
1648
1646
1651
1649
1647
1652
1653
1610
1654
1655
1659
1656
1662
1664
1661
1657
1660
1663
1658
1665
1666
1667
1669
1671
1670
1668
1672
1673
1674
1675
1676
1677
1678
1679
1681
1680
1682
1684
1683
1685
1686
1687
1688
1689
1690
1691
1692
1693
1694
1695
1696
1697
1698
1699
1700
1701
1702
1703
1704
1705
1706
1707
1709
1710
1708
1711
1712
1713
1714
1715
1716
1717
1718
1719
1721
1720
1722
1723
1724
1725
1726
1727
1728
1729
1730
1731
1732
1733
1734
1735
1736
1737
1738
1739
1740
1741
1742
1743
1744
1745
1746
1747
1748
1749
1751
1750
1752
1753
1754
1755
1756
1757
1758
1759
1761
1760
1762
1763
1764
1765
1766
1767
1768
1769
1770
1773
1775
1777
1772
1780
1779
1778
1774
1776
1771
1781
1782
1785
1786
1790
1789
1787
1788
1784
1791
1792
1795
1794
1797
1798
1793
1796
1799
1800
1801
1803
1802
1807
1806
1808
1805
1804
1809
1810
1783
1811
1812
1815
1817
1813
1816
1814
1818
1819
1820
1821
1822
1823
1829
1825
1828
1826
1827
1830
1824
1832
1831
1833
1835
1840
1838
1837
1836
1839
1834
1841
1843
1842
1844
1846
1845
1849
1847
1848
1850
1852
1853
1851
1854
1855
1859
1858
1860
1857
1856
1863
1861
1862
1864
1865
1866
1868
1869
1870
1867
1872
1871
1873
1874
1875
1877
1878
1879
1880
1884
1882
1883
1881
1876
1885
1886
1888
1887
1889
1890
1892
1894
1893
1891
1895
1896
1897
1898
1899
1905
1900
1904
1901
1903
1902
1906
1907
1909
1908
1910
1913
1914
1912
1911
1915
1918
1917
1919
1916
1920
1921
1923
1925
1922
1924
1929
1927
1928
1932
1935
1931
1937
1934
1936
1930
1926
1938
1933
1945
1947
1940
1942
1948
1946
1944
1943
1941
1939
1953
1954
1950
1955
1957
1952
1951
1949
1956
1959
1963
1961
1962
1958
1964
1966
1965
1960
1967
1968
1969
1970
1971
1974
1976
1975
1972
1973
1977
1978
1979
1980
1981
1982
1983
1984
1985
1988
1991
1989
1992
1987
1994
1993
1995
1986
1990
1996
1998
1997
2002
2003
2004
2007
1999
2005
2008
2010
2006
2001
2000
2012
2015
2016
2014
2013
2011
2017
2009
2024
2026
2025
2018
2027
2028
2029
2030
2031
2032
2033
2023
2020
2021
2036
2019
2037
2022
2038
2040
2039
2042
2044
2043
2047
2035
2049
2046
2051
2052
2053
2050
2034
2055
2056
2057
2058
2054
2059
2060
2062
2063
2061
2041
2065
2067
2048
2069
2068
2045
2073
2074
2071
2075
2072
2076
2070
2077
2083
2084
2085
2082
2066
2080
2064
2079
2086
2088
2081
2094
2091
2092
2087
2096
2093
2078
2097
2095
2090
2098
2099
2100
2103
2101
2105
2106
2104
2102
2107
2108
2109
2110
2111
2115
2116
2114
2112
2113
2117
2118
2119
2120
2122
2124
2125
2126
2123
2129
2128
2121
2127
2135
2133
2130
2136
2137
2138
2139
2134
2132
2141
2140
2142
2143
2146
2145
2144
2147
2148
2150
2149
2151
2152
2154
2153
2155
2157
2156
2158
2159
2160
2161
2162
2163
2164
2166
2165
2168
2167
2169
2171
2172
2173
2170
2174
2131
2175
2176
2177
2178
2179
2182
2181
2183
2184
2185
2186
2188
2187
2180
2191
2192
2193
2189
2194
2190
2196
2198
2201
2202
2200
2204
2203
2199
2205
2206
2207
2208
2209
2211
2210
2212
2213
2214
2215
2216
2217
2218
2219
2222
2221
2223
2220
2224
2225
2226
2227
2228
2229
2230
2232
2234
2235
2236
2237
2233
2195
2197
2238
2231
2239
2240
2241
2242
2243
2244
2245
2246
2247
2248
2249
2250
2251
2253
2252
2254
2255
2256
2257
2258
2259
2260
2261
2262
2263
2264
2266
2265
2268
2271
2269
2270
2272
2273
2275
2276
2274
2283
2278
2282
2285
2267
2284
2280
2281
2279
2277
2286
2287
2288
2289
2294
2292
2293
2291
2295
2290
2296
2297
2298
2299
2300
2302
2303
2305
2304
2301
2307
2306
2309
2308
2310
2314
2315
2311
2316
2317
2318
2319
2323
2321
2322
2312
2313
2320
2325
2324
2327
2326
2328
2332
2330
2331
2329
2333
2334
2335
2336
2337
2338
2339
2342
2345
2343
2344
2341
2340
2347
2346
2348
2349
2352
2351
2350
2356
2354
2357
2355
2353
2358
2359
2361
2362
2360
2363
2366
2365
2368
2369
2367
2364
2370
2372
2373
2375
2374
2377
2376
2379
2378
2380
2381
2371
2382
2384
2383
2385
2386
2387
2388
2390
2389
2391
2392
2394
2393
2396
2398
2395
2397
2401
2402
2403
2404
2399
2400
2405
2406
2408
2409
2407
2410
2411
2413
2412
2414
2415
2417
2418
2419
2420
2416
2421
2424
2422
2423
2425
2426
2427
2430
2428
2431
2435
2432
2433
2434
2437
2440
2429
2436
2441
2443
2438
2444
2442
2439
2454
2453
2450
2452
2447
2449
2451
2445
2448
2446
2455
2458
2456
2464
2461
2459
2463
2462
2460
2457
2465
2467
2466
2471
2470
2473
2472
2469
2474
2475
2468
2476
2477
2478
2479
2481
2483
2482
2480
2485
2484
2486
2487
2488
2489
2490
2491
2492
2493
2494
2495
2496
2497
2498
2499
2500
2502
2501
2503
2504
2505
2506
2507
2508
2509
2510
2511
2512
2515
2513
2514
2517
2518
2516
2519
2520
2524
2522
2521
2523
2525
2530
2526
2528
2529
2527
2535
2531
2532
2534
2533
2537
2536
2538
2543
2541
2545
2542
2544
2546
2548
2547
2549
2550
2552
2553
2551
2554
2555
2556
2558
2557
2561
2562
2559
2563
2564
2560
2565
2566
2568
2570
2571
2567
2569
2572
2574
2573
2540
2539
2575
2576
2578
2579
2577
2580
2582
2581
2583
2584
2585
2586
2587
2588
2590
2589
2592
2591
2594
2595
2593
2596
2597
2599
2600
2598
2602
2601
2604
2603
2607
2606
2605
2609
2610
2612
2608
2611
2621
2616
2617
2615
2614
2620
2619
2618
2622
2613
2625
2624
2627
2623
2630
2626
2629
2628
2632
2631
2636
2635
2634
2640
2638
2633
2639
2637
2642
2641
2647
2646
2649
2643
2645
2644
2650
2648
2652
2651
2657
2655
2661
2658
2654
2656
2660
2659
2662
2653
2663
2666
2668
2670
2665
2664
2672
2667
2671
2669
2673
2674
2676
2677
2679
2678
2680
2682
2681
2675
2683
2684
2685
2686
2689
2691
2687
2690
2692
2693
2688
2694
2696
2695
2697
2702
2698
2701
2699
2700
2703
2704
2706
2705
2707
2708
2709
2710
2712
2711
2714
2713
2715
2716
2717
2718
2724
2719
2722
2720
2723
2721
2726
2725
2727
2728
2729
2730
2734
2733
2732
2731
2736
2735
2737
2738
2739
2740
2745
2742
2741
2743
2744
2746
2747
2748
2749
2750
2751
2752
2755
2753
2756
2754
2757
2758
2759
2760
2761
2762
2763
2765
2766
2767
2768
2769
2770
2764
2773
2774
2775
2779
2778
2780
2776
2777
2787
2785
2786
2784
2789
2783
2772
2781
2771
2782
2797
2792
2798
2799
2790
2794
2796
2791
2795
2793
2806
2808
2804
2805
2809
2802
2801
2807
2803
2800
2817
2812
2820
2816
2813
2815
2814
2811
2810
2818
2824
2830
2828
2825
2822
2827
2823
2829
2826
2821
2837
2833
2838
2835
2832
2840
2834
2836
2839
2831
2847
2844
2846
2849
2848
2843
2850
2845
2841
2842
2853
2852
2851
2854
2857
2858
2859
2856
2860
2855
2863
2861
2862
2864
2866
2868
2869
2870
2865
2867
2872
2873
2871
2874
2878
2877
2879
2876
2875
2880
2884
2883
2881
2882
2888
2887
2890
2885
2886
2889
2891
2892
2893
2894
2900
2899
2897
2896
2898
2895
2901
2902
2903
2904
2907
2906
2909
2905
2908
2910
2913
2911
2912
2914
2918
2915
2917
2920
2916
2919
2923
2922
2924
2921
2928
2926
2925
2929
2927
2930
2931
2933
2932
2934
2935
2937
2936
2939
2938
2945
2947
2949
2940
2944
2941
2946
2948
2942
2943
2957
2952
2958
2950
2956
2951
2953
2954
2959
2955
2966
2965
2963
2967
2968
2962
2960
2964
2969
2961
2978
2973
2975
2977
2971
2979
2974
2976
2972
2970
2984
2987
2989
2981
2983
2986
2980
2988
2985
2982
2993
2990
3000
2996
2994
2992
2998
2999
2991
2995
3001
3002
3005
3006
3004
3007
3011
3010
3008
3012
3009
3013
3015
3014
3016
3021
3018
3019
3020
3017
3022
3023
3025
3024
3026
3028
3027
3031
3030
3032
3033
3029
3034
3035
3036
3037
3038
3041
3043
3040
3039
3042
3044
3045
3046
3047
3048
3052
3056
3049
3051
3053
3050
3055
3054
3057
3058
3059
3063
3061
3062
3068
3065
3064
3066
3060
3067
3069
3070
3072
3075
3073
3076
3071
3078
3077
3074
3079
3080
3081
3085
3084
3086
3088
3087
3083
3082
3090
3091
3092
3094
3093
3095
3097
3098
3096
3100
3099
3108
3106
3105
3102
3103
3104
3107
3089
3109
3101
3110
3111
3113
3112
3116
3114
3118
3119
3115
3117
3123
3122
3120
3121
3125
3127
3124
3126
3129
3128
3133
3131
3132
3130
3134
3135
3137
3136
3138
3141
3140
3143
3139
3142
3144
3145
3146
3150
3149
3151
3148
3152
3147
3153
3154
3155
3156
3158
3159
3164
3162
3160
3161
3163
3165
3166
3167
3170
3168
3173
3169
3175
3174
3171
3172
3176
3178
3179
3181
3180
3185
3183
3182
3184
3186
3187
3190
3193
3191
3188
3192
3157
3189
3194
3195
3196
3197
3199
3202
3200
3203
3204
3198
3205
3206
3207
3211
3177
3208
3209
3201
3212
3210
3213
3214
3215
3216
3218
3217
3220
3219
3222
3221
3223
3225
3224
3226
3227
3228
3229
3230
3231
3234
3233
3232
3235
3236
3237
3238
3239
3240
3244
3245
3241
3243
3246
3242
3248
3247
3249
3250
3251
3258
3254
3255
3253
3252
3257
3259
3260
3256
3262
3261
3264
3267
3269
3266
3270
3268
3263
3265
3272
3271
3273
3274
3275
3277
3279
3276
3278
3280
3281
3282
3284
3285
3283
3287
3286
3290
3289
3288
3292
3291
3293
3294
3295
3299
3298
3300
3301
3302
3296
3297
3303
3304
3305
3306
3307
3308
3309
3311
3312
3313
3315
3314
3310
3316
3317
3318
3320
3319
3321
3322
3324
3325
3323
3326
3327
3328
3330
3329
3331
3334
3333
3335
3336
3337
3332
3338
3339
3340
3341
3342
3344
3347
3346
3348
3345
3349
3350
3351
3352
3353
3354
3355
3357
3356
3358
3360
3359
3361
3362
3363
3364
3343
3366
3370
3368
3373
3367
3365
3372
3369
3371
3374
3376
3377
3378
3379
3381
3380
3375
3382
3383
3384
3385
3386
3387
3388
3391
3390
3393
3389
3392
3394
3395
3396
3397
3398
3400
3399
3402
3401
3403
3404
3407
3405
3408
3406
3409
3413
3411
3412
3410
3414
3416
3417
3415
3418
3419
3420
3421
3422
3424
3423
3427
3426
3425
3429
3428
3430
3431
3432
3433
3434
3438
3435
3439
3436
3437
3440
3441
3442
3444
3443
3445
3446
3448
3447
3450
3449
3451
3452
3453
3454
3455
3456
3457
3459
3460
3458
3461
3462
3463
3464
3465
3466
3467
3471
3470
3468
3472
3473
3474
3469
3475
3477
3478
3479
3480
3481
3482
3487
3483
3485
3486
3488
3484
3489
3490
3491
3493
3492
3495
3498
3497
3496
3499
3500
3494
3501
3502
3504
3505
3503
3507
3509
3506
3508
3510
3511
3512
3513
3514
3516
3518
3515
3521
3520
3517
3519
3522
3531
3525
3528
3532
3533
3526
3523
3529
3527
3530
3534
3535
3538
3543
3539
3541
3542
3536
3537
3544
3540
3545
3546
3549
3554
3550
3552
3547
3548
3553
3551
3556
3555
3560
3558
3557
3562
3564
3559
3561
3563
3565
3566
3567
3568
3569
3570
3571
3572
3573
3574
3575
3576
3577
3578
3580
3579
3581
3582
3583
3584
3585
3586
3587
3588
3590
3589
3591
3592
3593
3594
3595
3596
3597
3598
3600
3601
3599
3603
3602
3604
3605
3606
3607
3608
3609
3611
3610
3612
3613
3614
3615
3616
3617
3618
3620
3619
3621
3622
3623
3624
3625
3626
3627
3628
3629
3630
3631
3632
3633
3634
3636
3635
3637
3638
3639
3640
3641
3642
3643
3644
3645
3646
3647
3648
3649
3651
3652
3650
3653
3654
3655
3656
3657
3658
3659
3662
3661
3660
3663
3664
3665
3666
3667
3668
3669
3670
3671
3672
3674
3673
3675
3677
3676
3678
3679
3680
3681
3682
3683
3684
3685
3687
3686
3688
3689
3690
3692
3691
3694
3693
3695
3696
3697
3698
3699
3700
3701
3702
3703
3704
3705
3706
3707
3708
3709
3710
3711
3712
3713
3714
3715
3716
3717
3718
3719
3720
3721
3722
3724
3723
3725
3726
3727
3728
3729
3730
3731
3733
3732
3734
3735
3736
3738
3737
3739
3745
3740
3741
3746
3747
3748
3743
3742
3749
3744
3754
3755
3753
3756
3751
3750
3757
3759
3760
3761
3763
3764
3762
3766
3765
3767
3768
3769
3770
3771
3774
3775
3772
3773
3776
3777
3778
3779
3780
3783
3781
3782
3752
3758
3784
3785
3786
3787
3789
3790
3788
3791
3792
3793
3794
3796
3795
3797
3800
3799
3798
3801
3803
3802
3804
3806
3805
3807
3808
3809
3812
3811
3814
3817
3815
3816
3813
3818
3819
3820
3821
3822
3824
3825
3826
3823
3827
3828
3829
3830
3831
3832
3833
3834
3836
3835
3837
3839
3838
3840
3841
3842
3843
3844
3845
3847
3848
3846
3849
3850
3810
3852
3853
3854
3856
3855
3857
3858
3859
3860
3861
3862
3863
3864
3865
3866
3867
3868
3869
3870
3871
3872
3874
3875
3873
3876
3877
3878
3879
3880
3882
3883
3884
3887
3888
3885
3886
3889
3881
3891
3890
3851
3897
3896
3893
3892
3895
3894
3905
3899
3902
3903
3906
3898
3901
3900
3904
3907
3908
3913
3915
3912
3910
3916
3917
3909
3914
3911
3918
3924
3922
3919
3923
3927
3920
3921
3928
3925
3926
3929
3930
3938
3933
3936
3935
3931
3939
3934
3937
3941
3949
3944
3942
3948
3946
3945
3950
3947
3952
3951
3953
3958
3959
3960
3961
3962
3963
3965
3964
3940
3966
3967
3968
3970
3969
3943
3971
3973
3975
3976
3974
3977
3954
3956
3955
3957
3972
3978
3979
3980
3981
3982
3983
3984
3985
3986
3987
3988
3989
3990
3991
3992
3993
3995
3996
3994
3997
3998
3999
4001
4002
4000
4003
4006
4005
4004
4007
4008
4009
4010
4012
4011
4013
4014
4015
4016
4017
4019
4018
4020
4021
4022
4023
4024
4026
4025
4028
4027
4029
4030
4031
4032
4033
4034
4036
4035
4038
4037
4039
4040
4041
4042
4043
4044
4045
4046
4047
4050
4049
4051
4052
4048
4057
4059
4061
4062
4055
4053
4066
4056
4058
4060
4054
4064
4063
4065
4069
4067
4073
4074
4068
4072
4071
4075
4070
4077
4078
4081
4083
4084
4082
4080
4085
4079
4086
4087
4089
4088
4092
4091
4094
4093
4090
4095
4096
4097
4098
4102
4101
4099
4103
4076
4100
4104
4105
4107
4106
4108
4109
4111
4113
4110
4114
4115
4116
4117
4112
4118
4119
4120
4121
4122
4124
4125
4126
4127
4128
4123
4130
4131
4129
4132
4133
4135
4136
4134
4137
4138
4139
4140
4141
4142
4143
4144
4145
4146
4147
4148
4149
4150
4151
4153
4155
4158
4157
4159
4160
4156
4161
4154
4162
4163
4152
4165
4166
4164
4167
4168
4169
4170
4171
4172
4173
4174
4175
4176
4178
4177
4179
4180
4181
4182
4183
4184
4185
4186
4188
4189
4187
4190
4191
4192
4193
4194
4195
4196
4199
4202
4200
4201
4198
4197
4203
4204
4206
4205
4207
4213
4214
4212
4211
4215
4209
4208
4216
4210
4217
4218
4220
4224
4222
4219
4225
4221
4226
4223
4227
4228
4229
4230
4235
4232
4233
4231
4236
4234
4237
4240
4238
4241
4247
4244
4243
4245
4246
4242
4248
4249
4250
4251
4252
4254
4253
4255
4257
4256
4258
4259
4260
4261
4262
4263
4264
4265
4271
4268
4266
4270
4269
4267
4273
4272
4274
4279
4280
4278
4281
4283
4276
4277
4287
4286
4282
4289
4290
4291
4288
4285
4293
4292
4294
4295
4296
4298
4299
4302
4301
4303
4297
4304
4300
4275
4311
4308
4310
4312
4284
4313
4314
4305
4306
4309
4318
4316
4319
4315
4320
4317
4323
4324
4321
4326
4331
4325
4329
4327
4330
4328
4332
4333
4338
4341
4343
4336
4335
4334
4337
4339
4344
4342
4340
4347
4346
4352
4351
4349
4350
4348
4354
4353
4345
4355
4356
4358
4359
4360
4362
4364
4363
4361
4366
4365
4367
4369
4368
4371
4372
4370
4373
4376
4377
4378
4382
4381
4380
4379
4375
4374
4383
4384
4385
4387
4390
4389
4386
4391
4392
4388
4393
4394
4395
4396
4399
4400
4401
4398
4397
4402
4403
4357
4404
4405
4406
4410
4408
4413
4409
4411
4407
4412
4414
4415
4416
4417
4418
4419
4421
4422
4420
4423
4424
4426
4427
4429
4428
4430
4431
4434
4433
4432
4435
4436
4437
4438
4439
4440
4443
4442
4444
4445
4441
4446
4447
4448
4449
4451
4453
4450
4452
4454
4455
4456
4457
4458
4425
4459
4460
4461
4463
4462
4464
4465
4466
4467
4468
4469
4470
4473
4472
4471
4474
4475
4476
4477
4478
4479
4480
4481
4483
4482
4484
4485
4487
4488
4489
4490
4486
4491
4492
4496
4493
4495
4501
4499
4500
4498
4502
4497
4494
4512
4509
4506
4511
4508
4505
4503
4510
4507
4504
4522
4516
4519
4513
4521
4515
4514
4518
4517
4520
4532
4529
4528
4523
4527
4531
4530
4526
4525
4524
4534
4533
4538
4535
4537
4536
4540
4539
4542
4541
4543
4546
4550
4548
4549
4544
4547
4552
4551
4545
4553
4561
4558
4554
4556
4559
4557
4560
4562
4563
4555
4568
4565
4564
4569
4570
4567
4571
4572
4573
4566
4574
4576
4577
4580
4578
4581
4582
4583
4579
4575
4584
4585
4586
4588
4590
4589
4591
4587
4592
4593
4594
4595
4596
4597
4598
4600
4602
4599
4603
4601
4604
4605
4606
4607
4609
4610
4612
4613
4611
4615
4616
4608
4617
4614
4618
4621
4622
4620
4623
4624
4625
4628
4619
4630
4631
4629
4632
4633
4626
4634
4627
4635
4636
4637
4640
4642
4641
4638
4639
4643
4644
4645
4646
4647
4648
4654
4650
4653
4651
4649
4652
4655
4656
4657
4659
4660
4661
4663
4665
4664
4662
4666
4658
4667
4668
4669
4672
4671
4674
4673
4676
4670
4675
4679
4677
4683
4680
4684
4685
4686
4681
4682
4687
4688
4689
4694
4692
4695
4690
4691
4696
4693
4697
4698
4704
4706
4703
4701
4699
4702
4700
4705
4678
4707
4713
4711
4715
4709
4720
4710
4716
4717
4708
4718
4712
4719
4721
4722
4727
4730
4726
4731
4725
4723
4728
4724
4732
4734
4735
4736
4737
4740
4738
4733
4741
4739
4742
4743
4746
4748
4745
4749
4747
4750
4744
4751
4753
4752
4755
4754
4758
4756
4759
4757
4760
4761
4762
4763
4764
4765
4767
4766
4729
4770
4771
4769
4768
4773
4772
4774
4775
4779
4777
4780
4781
4784
4783
4782
4778
4776
4786
4785
4790
4792
4788
4789
4793
4787
4791
4795
4794
4796
4800
4802
4801
4803
4805
4806
4799
4804
4798
4797
4807
4808
4809
4810
4811
4812
4816
4815
4814
4813
4817
4818
4819
4820
4821
4822
4823
4824
4827
4828
4825
4826
4829
4830
4831
4832
4833
4835
4834
4836
4838
4839
4841
4840
4843
4837
4842
4844
4845
4847
4846
4848
4851
4849
4852
4853
4850
4855
4854
4856
4857
4858
4859
4860
4862
4863
4864
4865
4866
4868
4867
4869
4870
4861
4871
4872
4873
4876
4877
4879
4878
4875
4874
4880
4881
4882
4883
4888
4885
4884
4887
4886
4889
4890
4891
4892
4893
4894
4898
4900
4899
4896
4903
4895
4897
4901
4902
4904
4905
4907
4906
4912
4908
4913
4911
4909
4910
4915
4914
4916
4917
4919
4920
4918
4923
4925
4921
4926
4924
4927
4928
4929
4930
4932
4934
4931
4935
4933
4937
4936
4938
4939
4940
4942
4943
4948
4946
4944
4947
4941
4945
4949
4950
4951
4954
4955
4953
4957
4952
4956
4958
4959
4960
4961
4962
4963
4965
4964
4967
4968
4966
4969
4922
4970
4971
4972
4973
4974
4977
4976
4975
4978
4979
4980
4982
4981
4983
4984
4985
4986
4988
4989
4987
4993
4992
4990
4991
4994
4995
4996
4997
4999
5000
4998
5002
5003
5004
5007
5005
5006
5001
5008
5010
5009
5014
5015
5013
5012
5011
5016
5018
5017
5019
5020
5022
5021
5027
5025
5024
5028
5026
5023
5029
5031
5033
5036
5038
5034
5032
5037
5035
5030
5040
5042
5039
5043
5044
5045
5047
5041
5046
5048
5057
5052
5050
5058
5056
5053
5055
5051
5054
5049
5059
5064
5067
5068
5061
5062
5066
5065
5063
5060
5069
5070
5072
5071
5073
5077
5074
5075
5078
5079
5076
5080
5081
5082
5083
5084
5085
5086
5087
5089
5088
5090
5091
5092
5093
5094
5095
5096
5097
5099
5098
5100
5101
5102
5103
5104
5105
5106
5107
5108
5109
5110
5111
5112
5113
5114
5116
5115
5117
5119
5120
5118
5123
5121
5122
5124
5126
5125
5127
5128
5130
5129
5133
5132
5131
5134
5136
5135
5138
5137
5139
5140
5142
5141
5143
5144
5145
5146
5147
5148
5149
5150
5151
5153
5152
5154
5155
5156
5157
5158
5159
5160
5161
5163
5162
5164
5165
5166
5168
5167
5169
5170
5171
5172
5173
5174
5175
5176
5177
5178
5180
5179
5181
5182
5183
5184
5185
5186
5187
5188
5190
5189
5191
5193
5194
5192
5195
5196
5198
5197
5200
5201
5199
5202
5203
5204
5205
5206
5207
5208
5209
5210
5211
5212
5214
5215
5213
5216
5218
5217
5225
5219
5222
5224
5226
5223
5221
5220
5227
5228
5231
5230
5234
5229
5236
5232
5233
5237
5235
5238
5239
5245
5247
5240
5241
5248
5243
5246
5244
5242
5249
5256
5258
5260
5251
5259
5255
5257
5253
5252
5254
5261
5268
5265
5263
5264
5269
5267
5270
5262
5266
5271
5272
5273
5277
5278
5275
5274
5279
5276
5280
5282
5281
5283
5293
5285
5289
5292
5284
5286
5291
5290
5288
5287
5295
5298
5300
5302
5301
5296
5297
5299
5304
5303
5305
5306
5307
5309
5308
5312
5313
5314
5310
5315
5311
5316
5318
5320
5324
5321
5325
5322
5326
5317
5323
5319
5327
5328
5333
5330
5334
5329
5336
5331
5332
5335
5337
5338
5341
5347
5342
5340
5344
5343
5346
5339
5345
5348
5349
5352
5351
5350
5359
5354
5356
5357
5355
5358
5353
5360
5361
5368
5364
5365
5367
5362
5370
5366
5363
5369
5371
5372
5373
5374
5376
5375
5378
5379
5377
5380
5386
5381
5384
5385
5383
5382
5387
5388
5389
5391
5390
5392
5394
5393
5395
5396
5399
5398
5397
5400
5401
5402
5403
5404
5406
5408
5409
5407
5405
5410
5411
5412
5413
5414
5415
5416
5420
5417
5421
5419
5418
5422
5423
5424
5425
5426
5428
5427
5429
5431
5433
5430
5432
5434
5436
5435
5437
5438
5439
5440
5441
5444
5442
5443
5445
5446
5447
5448
5449
5450
5451
5452
5453
5454
5456
5455
5457
5459
5458
5460
5461
5462
5463
5464
5465
5466
5467
5470
5469
5468
5472
5474
5473
5471
5475
5476
5480
5477
5478
5479
5481
5484
5483
5485
5482
5486
5487
5488
5491
5489
5495
5490
5493
5492
5494
5496
5497
5498
5499
5500
5501
5502
5504
5505
5506
5503
5507
5508
5510
5509
5511
5512
5514
5513
5515
5516
5517
5520
5518
5519
5521
5522
5523
5524
5525
5526
5527
5528
5529
5530
5531
5532
5533
5534
5535
5544
5542
5536
5540
5543
5537
5541
5539
5538
5545
5548
5547
5549
5554
5546
5553
5551
5550
5552
5555
5556
5560
5557
5563
5564
5562
5559
5561
5566
5558
5565
5567
5568
5569
5572
5574
5570
5578
5576
5573
5571
5577
5575
5579
5580
5581
5582
5583
5586
5584
5588
5587
5589
5590
5591
5585
5592
5593
5594
5595
5597
5596
5598
5599
5600
5602
5601
5603
5604
5605
5606
5607
5608
5609
5610
5611
5613
5612
5614
5615
5616
5617
5618
5619
5620
5622
5623
5621
5626
5627
5628
5629
5630
5631
5632
5633
5634
5635
5624
5637
5636
5638
5625
5639
5640
5641
5642
5644
5643
5645
5646
5647
5648
5649
5650
5651
5652
5653
5654
5655
5656
5657
5658
5659
5661
5660
5662
5664
5663
5665
5666
5667
5668
5669
5670
5671
5672
5674
5675
5676
5673
5678
5677
5679
5680
5681
5682
5683
5684
5686
5685
5687
5688
5689
5690
5692
5691
5693
5695
5694
5700
5698
5699
5702
5697
5696
5701
5703
5704
5705
5708
5710
5706
5707
5709
5712
5714
5713
5715
5716
5718
5719
5721
5723
5722
5717
5720
5724
5725
5726
5727
5728
5729
5733
5734
5730
5732
5731
5735
5736
5737
5738
5739
5740
5741
5742
5743
5744
5745
5746
5747
5748
5749
5750
5752
5751
5754
5756
5753
5757
5711
5760
5758
5759
5762
5761
5763
5764
5765
5766
5768
5767
5770
5769
5772
5771
5773
5774
5775
5776
5777
5778
5779
5780
5781
5782
5783
5784
5785
5786
5787
5788
5789
5790
5791
5792
5793
5794
5795
5796
5797
5798
5799
5800
5801
5802
5803
5804
5805
5806
5807
5808
5810
5811
5812
5809
5813
5814
5815
5816
5817
5818
5819
5820
5821
5822
5824
5825
5823
5826
5827
5829
5830
5828
5836
5833
5837
5832
5834
5835
5831
5838
5839
5840
5841
5842
5846
5843
5844
5845
5847
5848
5849
5850
5851
5852
5853
5855
5854
5857
5858
5859
5860
5856
5861
5862
5863
5864
5865
5866
5867
5868
5869
5871
5872
5870
5873
5874
5875
5876
5877
5879
5881
5880
5883
5878
5885
5884
5887
5886
5882
5888
5889
5890
5891
5892
5894
5895
5896
5897
5893
5899
5898
5900
5901
5902
5903
5904
5905
5906
5908
5907
5909
5910
5912
5918
5911
5915
5916
5917
5913
5919
5914
5920
5921
5922
5923
5926
5925
5924
5927
5928
5929
5930
5931
5932
5933
5934
5935
5936
5937
5939
5938
5941
5942
5940
5943
5944
5945
5946
5947
5949
5948
5950
5953
5951
5954
5952
5955
5957
5956
5959
5960
5958
5962
5963
5961
5965
5964
5966
5969
5968
5967
5970
5971
5972
5975
5973
5976
5974
5977
5980
5981
5979
5978
5982
5983
5984
5985
5989
5991
5990
5986
5987
5988
5992
5993
5994
5995
5996
5997
5999
6000
5998
6002
6001
6003
6004
6005
6006
6007
6009
6010
6012
6011
6013
6014
6018
6017
6016
6015
6019
6020
6022
6021
6023
6024
6027
6025
6026
6029
6030
6028
6031
6032
6033
6034
6035
6037
6041
6036
6042
6039
6040
6044
6043
6038
6047
6046
6045
6050
6053
6051
6049
6054
6052
6048
6055
6056
6057
6058
6059
6061
6064
6063
6060
6065
6066
6068
6067
6062
6074
6075
6073
6069
6076
6078
6077
6070
6071
6072
6079
6080
6082
6086
6084
6088
6083
6085
6081
6089
6087
6090
6091
6094
6099
6098
6095
6093
6096
6092
6097
6100
6101
6102
6103
6104
6109
6106
6105
6108
6107
6110
6111
6112
6113
6114
6115
6118
6117
6116
6120
6119
6122
6123
6124
6121
6125
6126
6127
6128
6129
6130
6132
6131
6135
6134
6133
6136
6137
6138
6139
6140
6141
6142
6143
6144
6145
6146
6147
6148
6149
6150
6151
6152
6153
6154
6155
6156
6157
6158
6159
6160
6161
6162
6163
6164
6165
6166
6167
6168
6169
6170
6171
6173
6172
6175
6174
6176
6178
6177
6179
6181
6182
6183
6185
6184
6186
6187
6188
6189
6192
6190
6191
6195
6193
6194
6197
6198
6199
6200
6201
6202
6203
6204
6207
6205
6206
6208
6209
6210
6211
6212
6213
6214
6216
6217
6215
6218
6219
6220
6221
6222
6223
6224
6225
6228
6226
6227
6180
6232
6234
6231
6233
6236
6229
6237
6230
6235
6240
6238
6239
6246
6241
6243
6245
6247
6244
6242
6248
6249
6250
6251
6255
6256
6257
6252
6254
6253
6258
6259
6260
6261
6263
6262
6264
6266
6268
6265
6269
6267
6271
6270
6272
6273
6274
6275
6276
6279
6277
6280
6278
6281
6282
6283
6284
6285
6286
6287
6288
6289
6290
6291
6292
6293
6295
6294
6296
6297
6298
6299
6300
6302
6301
6307
6305
6303
6304
6306
6309
6308
6310
6311
6318
6312
6317
6316
6313
6315
6319
6314
6320
6321
6322
6323
6324
6328
6329
6326
6327
6331
6330
6325
6332
6333
6334
6336
6335
6338
6339
6341
6340
6337
6342
6344
6343
6345
6346
6347
6348
6350
6353
6351
6349
6352
6354
6355
6356
6358
6357
6359
6360
6361
6362
6365
6364
6363
6366
6367
6368
6369
6370
6371
6375
6372
6373
6374
6379
6376
6377
6378
6380
6381
6383
6382
6384
6385
6386
6389
6387
6390
6388
6391
6392
6393
6394
6395
6396
6399
6397
6400
6402
6401
6398
6403
6404
6405
6406
6407
6408
6409
6410
6415
6411
6414
6412
6416
6413
6417
6418
6419
6420
6421
6423
6424
6426
6428
6429
6425
6427
6430
6422
6431
6432
6433
6437
6434
6439
6440
6441
6436
6435
6438
6442
6443
6444
6446
6445
6449
6451
6448
6447
6452
6453
6454
6450
6455
6456
6458
6457
6459
6462
6460
6463
6461
6464
6466
6465
6467
6468
6469
6470
6471
6472
6475
6474
6473
6476
6479
6478
6477
6480
6481
6482
6486
6485
6484
6487
6489
6488
6483
6490
6492
6491
6493
6494
6495
6497
6500
6499
6498
6501
6502
6496
6503
6504
6505
6506
6509
6507
6508
6513
6510
6512
6511
6514
6515
6516
6517
6518
6522
6521
6519
6520
6524
6526
6523
6525
6527
6528
6529
6530
6531
6536
6537
6538
6535
6534
6533
6532
6539
6542
6547
6545
6540
6544
6543
6548
6549
6541
6546
6550
6552
6553
6554
6556
6557
6551
6559
6555
6558
6560
6561
6562
6564
6566
6568
6569
6567
6565
6571
6563
6570
6572
6573
6575
6576
6580
6577
6578
6581
6582
6574
6583
6579
6584
6587
6589
6586
6593
6592
6591
6588
6585
6590
6594
6595
6596
6597
6603
6600
6598
6602
6601
6599
6604
6605
6606
6607
6608
6609
6611
6610
6613
6614
6612
6615
6616
6617
6618
6619
6620
6621
6622
6623
6624
6626
6625
6627
6629
6628
6630
6631
6633
6632
6634
6635
6636
6637
6638
6639
6640
6641
6642
6643
6644
6645
6646
6649
6651
6650
6652
6653
6655
6656
6657
6659
6661
6663
6662
6664
6665
6666
6668
6667
6669
6670
6673
6674
6676
6677
6678
6679
6680
6681
6682
6683
6684
6685
6687
6688
6689
6690
6692
6691
6693
6694
6695
6696
6697
6700
6698
6701
6702
6703
6660
6675
6699
6686
6713
6708
6704
6707
6706
6710
6709
6712
6705
6711
6714
6715
6716
6722
6721
6723
6718
6717
6720
6719
6729
6733
6731
6726
6728
6730
6725
6732
6727
6724
6734
6735
6737
6736
6743
6741
6739
6742
6738
6740
6748
6745
6749
6744
6752
6750
6747
6746
6751
6753
6754
6755
6762
6761
6758
6763
6756
6759
6760
6757
6764
6765
6768
6771
6767
6772
6773
6770
6769
6766
6775
6774
6776
6783
6777
6780
6779
6778
6782
6785
6784
6781
6786
6788
6794
6790
6793
6792
6796
6789
6787
6791
6795
6801
6806
6802
6797
6804
6800
6805
6798
6799
6803
6809
6816
6812
6810
6808
6807
6815
6811
6814
6813
6820
6826
6824
6822
6823
6821
6825
6818
6817
6819
6829
6827
6828
6832
6836
6831
6835
6833
6830
6834
6837
6839
6838
6842
6840
6845
6841
6846
6844
6843
6848
6849
6847
6851
6852
6854
6853
6855
6858
6859
6857
6856
6861
6860
6863
6862
6866
6864
6865
6867
6868
6872
6869
6870
6871
6873
6874
6875
6876
6877
6850
6881
6879
6878
6880
6885
6883
6882
6884
6886
6887
6889
6888
6891
6890
6895
6893
6894
6896
6892
6897
6901
6900
6899
6898
6904
6905
6906
6902
6907
6903
6908
6909
6911
6910
6913
6914
6912
6916
6915
6917
6918
6919
6920
6921
6922
6923
6924
6925
6927
6928
6929
6930
6931
6932
6926
6933
6934
6936
6935
6937
6939
6940
6938
6942
6941
6943
6944
6945
6946
6947
6949
6948
6950
6952
6953
6951
6954
6957
6963
6961
6958
6956
6955
6960
6959
6962
6964
6970
6969
6967
6966
6965
6973
6974
6972
6971
6968
6975
6976
6984
6978
6983
6980
6977
6979
6982
6981
6986
6994
6993
6987
6989
6991
6992
6990
6988
6995
6998
7000
6999
7003
6996
7004
6997
7001
7002
6985
7005
7011
7013
7012
7010
7008
7006
7009
7007
7014
7015
7018
7017
7019
7020
7016
7022
7021
7023
7025
7024
7026
7027
7029
7033
7028
7032
7031
7030
7034
7035
7037
7045
7044
7040
7038
7039
7043
7042
7041
7046
7053
7054
7051
7052
7047
7049
7048
7036
7050
7055
7061
7063
7056
7057
7058
7059
7064
7062
7060
7066
7070
7068
7069
7065
7072
7073
7071
7074
7075
7077
7079
7078
7076
7080
7083
7081
7082
7084
7085
7087
7086
7092
7090
7088
7091
7089
7067
7093
7094
7096
7097
7102
7100
7098
7101
7099
7103
7095
7104
7105
7111
7110
7109
7107
7112
7108
7106
7115
7114
7113
7116
7122
7119
7118
7117
7120
7123
7121
7125
7124
7135
7134
7126
7131
7130
7129
7128
7127
7137
7136
7132
7138
7141
7139
7142
7143
7144
7145
7146
7140
7147
7151
7150
7149
7152
7153
7154
7133
7148
7155
7156
7157
7158
7161
7160
7162
7163
7164
7165
7166
7159
7167
7168
7170
7171
7169
7172
7173
7174
7175
7176
7178
7177
7179
7180
7181
7182
7183
7184
7185
7186
7188
7187
7189
7190
7191
7192
7195
7194
7193
7196
7197
7198
7201
7199
7200
7206
7205
7213
7208
7212
7202
7209
7204
7203
7210
7207
7219
7222
7218
7214
7220
7221
7215
7216
7217
7227
7224
7223
7230
7228
7229
7226
7225
7231
7211
7234
7236
7239
7240
7235
7232
7238
7237
7233
7241
7243
7249
7248
7247
7245
7250
7246
7244
7251
7253
7254
7255
7256
7257
7259
7260
7258
7261
7262
7263
7264
7265
7267
7266
7269
7268
7270
7272
7271
7273
7274
7275
7276
7277
7279
7280
7281
7242
7283
7282
7278
7284
7285
7286
7287
7288
7289
7291
7290
7292
7294
7252
7293
7296
7298
7297
7300
7301
7302
7299
7304
7295
7305
7307
7306
7309
7308
7310
7312
7311
7313
7314
7315
7316
7303
7318
7317
7319
7321
7320
7322
7323
7324
7325
7326
7327
7328
7329
7331
7330
7332
7333
7335
7334
7336
7337
7338
7339
7342
7341
7340
7343
7345
7344
7346
7349
7348
7350
7347
7355
7354
7352
7351
7356
7359
7360
7357
7362
7361
7367
7366
7368
7363
7372
7369
7370
7371
7373
7375
7376
7374
7377
7378
7379
7380
7382
7381
7384
7385
7353
7358
7387
7390
7389
7391
7388
7365
7392
7386
7364
7393
7394
7396
7395
7397
7399
7398
7400
7402
7401
7403
7404
7406
7405
7407
7409
7408
7410
7411
7412
7414
7413
7417
7415
7418
7416
7383
7420
7421
7422
7426
7428
7425
7423
7419
7429
7424
7427
7430
7431
7432
7433
7435
7434
7436
7439
7438
7440
7437
7441
7442
7443
7446
7444
7445
7447
7448
7449
7450
7451
7452
7453
7454
7455
7457
7458
7456
7461
7459
7460
7462
7463
7467
7464
7468
7466
7465
7469
7471
7470
7473
7477
7476
7474
7475
7480
7479
7478
7481
7482
7484
7485
7486
7483
7488
7487
7489
7490
7491
7492
7493
7497
7495
7496
7498
7499
7500
7501
7494
7502
7506
7504
7508
7507
7503
7509
7510
7511
7512
7505
7513
7514
7515
7472
7516
7525
7517
7522
7519
7518
7524
7521
7523
7520
7526
7528
7527
7532
7530
7531
7533
7529
7535
7534
7538
7537
7539
7536
7540
7545
7542
7541
7543
7544
7546
7547
7548
7549
7550
7551
7554
7553
7552
7555
7557
7558
7556
7559
7560
7561
7564
7563
7562
7565
7566
7568
7567
7569
7570
7571
7572
7575
7574
7573
7577
7579
7578
7576
7580
7581
7585
7583
7584
7582
7589
7587
7588
7586
7591
7590
7593
7594
7592
7595
7599
7597
7598
7596
7601
7600
7603
7602
7604
7605
7606
7609
7607
7608
7610
7611
7612
7615
7613
7614
7616
7618
7617
7621
7619
7620
7622
7623
7624
7625
7628
7630
7631
7629
7626
7627
7632
7633
7634
7635
7637
7636
7640
7639
7642
7641
7644
7643
7645
7638
7646
7647
7648
7655
7649
7650
7653
7652
7657
7658
7651
7654
7656
7659
7660
7661
7665
7667
7664
7666
7662
7663
7668
7669
7670
7671
7672
7673
7674
7675
7679
7676
7680
7677
7683
7678
7681
7682
7684
7686
7685
7689
7692
7693
7691
7688
7690
7687
7694
7695
7696
7697
7698
7699
7702
7703
7701
7700
7704
7706
7705
7707
7708
7709
7710
7711
7714
7712
7713
7716
7715
7717
7718
7719
7720
7721
7724
7723
7722
7725
7726
7728
7727
7730
7729
7734
7733
7731
7732
7739
7740
7735
7736
7737
7738
7741
7742
7743
7744
7745
7746
7747
7750
7749
7748
7754
7751
7753
7752
7755
7756
7757
7758
7760
7759
7762
7764
7763
7761
7765
7766
7767
7768
7769
7770
7771
7772
7773
7776
7774
7775
7777
7778
7779
7780
7781
7782
7783
7785
7784
7786
7787
7788
7789
7790
7791
7792
7793
7795
7794
7796
7797
7798
7800
7799
7801
7802
7803
7804
7806
7805
7807
7808
7809
7810
7811
7812
7813
7814
7815
7816
7817
7818
7819
7820
7821
7822
7823
7824
7825
7826
7827
7828
7829
7830
7831
7832
7833
7834
7835
7836
7838
7839
7840
7842
7841
7850
7843
7837
7844
7848
7846
7849
7845
7851
7847
7852
7853
7859
7857
7855
7858
7854
7860
7856
7861
7862
7863
7869
7870
7867
7865
7868
7871
7866
7864
7872
7873
7874
7878
7880
7875
7876
7877
7879
7882
7883
7881
7884
7885
7886
7887
7888
7893
7891
7890
7892
7894
7889
7897
7895
7896
7898
7900
7902
7903
7899
7901
7904
7905
7907
7906
7908
7909
7910
7912
7911
7914
7913
7915
7916
7918
7917
7919
7920
7922
7921
7924
7923
7925
7928
7926
7927
7929
7930
7931
7932
7934
7933
7935
7937
7939
7936
7938
7940
7941
7942
7943
7944
7948
7950
7945
7947
7949
7946
7954
7952
7951
7953
7955
7958
7957
7959
7960
7964
7962
7961
7963
7965
7966
7968
7967
7969
7972
7971
7970
7973
7974
7975
7976
7977
7978
7979
7981
7980
7982
7983
7984
7985
7986
7987
7988
7990
7956
7989
7991
7992
7993
7994
7995
7996
7997
8001
7998
8004
8006
8003
8007
8008
8000
8002
7999
8005
8009
8010
8014
8012
8013
8011
8019
8018
8015
8016
8017
8020
8021
8022
8023
8025
8026
8027
8024
8028
8029
8030
8031
8032
8034
8033
8038
8036
8037
8035
8039
8040
8041
8042
8044
8045
8046
8049
8043
8050
8047
8048
8051
8052
8053
8056
8057
8059
8061
8062
8054
8058
8060
8055
8063
8064
8065
8070
8068
8066
8071
8072
8067
8069
8073
8074
8075
8076
8078
8082
8077
8081
8079
8080
8083
8084
8085
8086
8087
8088
8089
8090
8091
8092
8093
8094
8095
8096
8097
8099
8100
8102
8098
8101
8103
8104
8105
8106
8107
8110
8108
8111
8109
8112
8113
8114
8116
8117
8115
8118
8120
8121
8123
8122
8119
8124
8127
8125
8126
8128
8130
8131
8136
8132
8129
8133
8135
8137
8134
8138
8142
8146
8141
8140
8144
8147
8148
8143
8145
8139
8150
8151
8149
8152
8153
8154
8155
8156
8158
8157
8159
8160
8162
8161
8165
8168
8167
8163
8164
8177
8176
8172
8169
8170
8173
8174
8171
8166
8175
8178
8179
8180
8185
8183
8182
8187
8186
8184
8181
8188
8189
8190
8191
8194
8192
8196
8195
8197
8193
8198
8200
8199
8201
8202
8203
8204
8206
8208
8209
8205
8210
8207
8211
8212
8213
8214
8215
8217
8219
8218
8216
8220
8222
8221
8223
8224
8225
8226
8227
8228
8229
8231
8230
8232
8234
8233
8235
8236
8237
8238
8239
8242
8244
8241
8245
8243
8240
8246
8247
8248
8249
8250
8253
8251
8255
8252
8254
8256
8257
8258
8259
8260
8261
8262
8264
8267
8263
8266
8269
8265
8268
8270
8271
8273
8274
8275
8278
8276
8277
8279
8281
8280
8272
8283
8282
8287
8285
8284
8289
8286
8291
8288
8290
8292
8293
8295
8294
8296
8300
8301
8299
8297
8298
8302
8303
8304
8305
8306
8307
8312
8313
8310
8311
8308
8309
8314
8315
8316
8317
8319
8318
8321
8322
8320
8323
8325
8327
8326
8333
8329
8336
8335
8324
8328
8331
8332
8330
8337
8338
8339
8340
8344
8342
8343
8341
8345
8347
8348
8349
8350
8351
8354
8353
8352
8356
8355
8346
8357
8358
8360
8362
8361
8365
8364
8363
8366
8334
8367
8368
8370
8369
8371
8372
8373
8376
8374
8375
8378
8377
8379
8382
8380
8381
8385
8383
8384
8386
8387
8389
8391
8390
8394
8393
8392
8388
8395
8396
8397
8398
8399
8400
8401
8403
8405
8404
8406
8359
8408
8407
8410
8409
8411
8412
8413
8414
8415
8417
8416
8419
8418
8420
8421
8422
8424
8423
8426
8425
8427
8428
8429
8431
8430
8432
8433
8434
8435
8436
8438
8437
8439
8440
8443
8441
8442
8444
8445
8447
8446
8449
8448
8402
8450
8451
8452
8453
8455
8458
8454
8459
8456
8457
8460
8461
8462
8463
8464
8467
8468
8466
8465
8469
8471
8472
8470
8473
8476
8475
8474
8478
8477
8479
8481
8483
8480
8482
8484
8494
8488
8490
8492
8485
8489
8487
8486
8493
8491
8498
8496
8499
8502
8504
8500
8495
8497
8503
8501
8505
8506
8507
8510
8512
8514
8513
8509
8511
8508
8516
8515
8517
8518
8519
8520
8523
8521
8522
8524
8525
8526
8527
8528
8529
8530
8531
8533
8534
8536
8532
8537
8535
8538
8539
8540
8541
8542
8543
8547
8546
8545
8544
8548
8550
8549
8551
8552
8553
8554
8555
8557
8556
8558
8559
8560
8561
8562
8563
8564
8565
8566
8568
8567
8569
8570
8571
8573
8572
8574
8575
8576
8577
8578
8581
8580
8579
8583
8582
8584
8585
8587
8586
8588
8590
8592
8593
8594
8595
8591
8597
8598
8596
8589
8599
8604
8603
8602
8601
8600
8605
8607
8606
8608
8609
8610
8611
8612
8613
8614
8618
8619
8620
8621
8615
8617
8622
8624
8623
8625
8626
8616
8627
8628
8629
8630
8631
8635
8636
8633
8634
8632
8638
8640
8637
8639
8641
8643
8642
8646
8652
8649
8645
8651
8648
8647
8644
8650
8653
8654
8655
8659
8657
8656
8661
8660
8658
8662
8663
8664
8666
8665
8667
8672
8669
8670
8668
8671
8673
8674
8676
8675
8677
8678
8682
8680
8681
8683
8684
8686
8685
8688
8689
8690
8691
8692
8693
8694
8695
8687
8696
8697
8731
8730
8732
8733
8734
8735
8737
8736
8738
8741
8740
8739
8742
8743
8744
8776
8775
8779
8778
8780
8781
8782
8783
8679
8785
8784
8786
8788
8787
8789
8822
8821
8823
8824
8825
8827
8826
8828
8829
8832
8831
8830
8834
8833
8835
8838
8837
8836
8871
8870
8869
8873
8872
8874
8875
8876
8877
8878
8879
8777
8880
8882
8881
8883
8916
8915
8917
8919
8921
8920
8923
8918
8922
8925
8924
8926
8914
8959
8964
8965
8967
8963
8960
8962
8958
8966
8961
8968
8969
8970
8972
8973
8971
8975
8974
8976
8977
8978
8979
8980
8981
8985
8982
8984
8983
8988
8986
8987
8993
8995
8992
8991
8994
8989
8990
8996
8997
8998
9000
8999
9004
9001
9003
9002
9005
9006
9007
9008
9009
9011
9012
9014
9013
9015
9016
9018
9010
9019
9021
9020
9017
9024
9023
9022
9025
9026
9027
9028
9029
9030
9031
9035
9032
9033
9034
9036
9037
9038
9039
9040
9041
9042
9043
9044
9045
9047
9046
9048
9049
9050
9080
9081
9082
9083
9084
9086
9087
9088
9089
9085
9119
9120
9121
9122
9123
9126
9127
9128
9125
9129
9130
9131
9124
9162
9161
9163
9165
9164
9166
9168
9167
9169
9170
9172
9171
9173
9176
9174
9177
9179
9178
9180
9182
9181
9183
9184
9185
9175
9186
9188
9189
9187
9191
9190
9193
9194
9195
9196
9197
9198
9199
9201
9200
9192
9203
9202
9204
9205
9206
9210
9208
9209
9211
9207
9212
9215
9214
9213
9216
9220
9217
9221
9219
9218
9222
9225
9224
9226
9223
9228
9227
9229
9230
9238
9239
9233
9232
9237
9234
9231
9240
9235
9236
9273
9275
9274
9276
9277
9279
9280
9278
9282
9281
9283
9285
9284
9286
9287
9289
9290
9292
9288
9291
9293
9294
9295
9296
9297
9298
9302
9301
9299
9300
9303
9304
9305
9306
9307
9308
9312
9311
9313
9309
9314
9310
9316
9317
9315
9318
9323
9320
9326
9325
9328
9324
9321
9327
9322
9319
9331
9329
9330
9333
9334
9332
9337
9335
9336
9338
9339
9340
9342
9341
9346
9344
9345
9347
9343
9348
9349
9350
9351
9358
9356
9353
9352
9354
9355
9360
9359
9361
9357
9363
9367
9366
9364
9362
9365
9368
9369
9370
9371
9372
9374
9373
9377
9380
9381
9376
9379
9375
9378
9382
9385
9383
9384
9388
9390
9389
9391
9392
9387
9386
9394
9395
9393
9396
9397
9399
9400
9398
9402
9401
9403
9404
9405
9436
9438
9437
9439
9442
9441
9440
9444
9443
9445
9449
9448
9450
9446
9451
9453
9457
9458
9459
9455
9460
9454
9456
9447
9452
9497
9494
9491
9495
9499
9500
9492
9493
9496
9498
9502
9501
9504
9505
9503
9508
9507
9509
9510
9506
9511
9512
9514
9515
9513
9518
9516
9519
9520
9517
9521
9523
9524
9525
9526
9530
9528
9529
9527
9531
9532
9533
9522
9534
9538
9535
9537
9539
9540
9536
9541
9542
9544
9543
9545
9550
9546
9549
9548
9547
9551
9552
9553
9554
9555
9556
9558
9557
9560
9559
9561
9562
9564
9563
9565
9568
9566
9572
9569
9571
9574
9567
9573
9575
9570
9582
9577
9579
9580
9576
9584
9585
9578
9581
9583
9587
9588
9586
9589
9591
9595
9594
9592
9593
9590
9596
9598
9597
9599
9605
9600
9602
9604
9601
9603
9606
9608
9607
9609
9639
9642
9644
9643
9641
9640
9645
9646
9647
9648
9650
9649
9651
9655
9658
9654
9656
9652
9657
9653
9659
9660
9662
9666
9665
9668
9663
9667
9661
9675
9670
9673
9671
9674
9669
9676
9672
9677
9664
9681
9678
9679
9680
9684
9686
9685
9683
9687
9691
9696
9689
9693
9690
9695
9692
9694
9688
9698
9700
9697
9699
9705
9704
9702
9701
9703
9706
9707
9708
9709
9714
9711
9710
9713
9712
9682
9717
9715
9718
9719
9716
9720
9721
9723
9722
9724
9725
9726
9727
9728
9729
9730
9733
9734
9732
9731
9736
9735
9737
9738
9739
9740
9741
9744
9743
9742
9745
9746
9747
9748
9749
9750
9751
9753
9752
9754
9755
9756
9757
9758
9759
9760
9761
9762
9763
9764
9765
9767
9768
9766
9769
9770
9771
9772
9774
9773
9775
9779
9776
9780
9777
9781
9778
9782
9783
9785
9786
9784
9787
9788
9791
9790
9792
9789
9793
9794
9795
9796
9797
9798
9799
9801
9802
9800
9803
9804
9805
9806
9807
9808
9809
9810
9811
9812
9813
9814
9815
9816
9817
9818
9819
9820
9821
9823
9824
9826
9825
9827
9828
9830
9829
9822
9832
9835
9833
9834
9831
9845
9841
9838
9843
9844
9842
9836
9840
9837
9839
9848
9850
9846
9851
9849
9854
9855
9853
9847
9852
9860
9856
9865
9859
9862
9857
9864
9863
9858
9861
9866
9868
9875
9871
9872
9870
9867
9874
9873
9869
9910
9913
9912
9909
9917
9915
9914
9911
9918
9916
9958
9952
9959
9951
9957
9954
9960
9955
9956
9953
9994
9995
9993
10001
9996
9998
9999
10000
9997
10002
10003
10005
10041
10043
10040
10044
10045
10042
10046
10004
10047
10048
10081
10087
10082
10083
10084
10086
10085
10088
10089
10090
10122
10121
10123
10125
10126
10127
10129
10128
10130
10124
10162
10163
10161
10166
10165
10167
10169
10168
10164
10170
10171
10173
10172
10176
10178
10180
10179
10175
10174
10177
10181
10182
10183
10189
10184
10190
10185
10187
10188
10186
10191
10192
10193
10197
10196
10198
10195
10194
10203
10201
10199
10202
10200
10205
10208
10206
10204
10207
10210
10209
10211
10212
10213
10214
10215
10217
10218
10216
10220
10219
10221
10222
10223
10224
10226
10225
10227
10228
10229
10230
10231
10233
10234
10232
10240
10239
10235
10236
10237
10238
10243
10242
10245
10246
10248
10247
10250
10249
10252
10244
10251
10253
10255
10254
10259
10241
10262
10263
10265
10261
10260
10266
10267
10268
10269
10270
10271
10272
10257
10256
10258
10273
10274
10275
10277
10278
10281
10279
10280
10313
10276
10264
10315
10314
10316
10312
10319
10317
10318
10320
10321
10322
10324
10323
10325
10329
10327
10333
10331
10330
10328
10335
10334
10332
10326
10366
10365
10370
10373
10371
10374
10372
10367
10376
10375
10377
10369
10368
10379
10380
10382
10378
10381
10383
10386
10387
10389
10388
10390
10391
10392
10393
10394
10395
10385
10384
10396
10399
10397
10401
10398
10400
10402
10434
10435
10436
10437
10438
10439
10440
10441
10442
10443
10446
10444
10445
10447
10448
10449
10450
10451
10483
10485
10481
10482
10484
10487
10486
10488
10489
10490
10493
10494
10492
10498
10497
10495
10500
10499
10496
10503
10502
10504
10501
10505
10508
10506
10509
10507
10511
10510
10512
10513
10514
10515
10516
10517
10520
10519
10518
10521
10522
10523
10555
10557
10556
10560
10563
10559
10562
10558
10561
10564
10566
10491
10565
10570
10569
10571
10567
10568
10572
10574
10573
10576
10575
10577
10578
10579
10580
10581
10582
10584
10583
10586
10585
10587
10589
10590
10591
10592
10588
10596
10593
10594
10595
10597
10598
10599
10600
10602
10604
10601
10603
10607
10606
10605
10608
10609
10611
10610
10612
10613
10614
10617
10616
10615
10618
10619
10620
10621
10622
10623
10624
10626
10628
10627
10625
10629
10630
10632
10631
10633
10634
10636
10635
10637
10638
10639
10640
10641
10642
10643
10644
10645
10646
10647
10650
10649
10648
10653
10652
10651
10654
10655
10656
10657
10658
10661
10663
10662
10664
10665
10660
10666
10659
10667
10669
10675
10676
10670
10672
10671
10674
10677
10668
10673
10679
10678
10680
10681
10682
10687
10686
10683
10684
10685
10690
10691
10693
10696
10695
10692
10698
10694
10697
10699
10700
10701
10704
10705
10702
10703
10706
10707
10708
10709
10711
10712
10716
10710
10714
10713
10715
10717
10718
10719
10720
10723
10724
10722
10721
10725
10726
10729
10730
10727
10731
10732
10728
10689
10688
10734
10733
10742
10737
10738
10739
10744
10740
10735
10743
10741
10736
10747
10748
10749
10753
10746
10752
10745
10754
10750
10751
10755
10756
10758
10757
10760
10761
10764
10762
10759
10765
10763
10766
10767
10768
10769
10770
10774
10771
10772
10773
10776
10775
10777
10778
10779
10780
10781
10782
10783
10784
10786
10787
10785
10789
10790
10792
10788
10791
10793
10797
10794
10796
10795
10802
10798
10801
10800
10799
10803
10805
10804
10806
10807
10808
10811
10809
10810
10812
10813
10815
10814
10817
10816
10818
10822
10820
10819
10823
10821
10824
10825
10827
10826
10828
10829
10830
10831
10836
10833
10837
10832
10834
10838
10839
10835
10840
10841
10842
10843
10848
10844
10846
10845
10849
10847
10850
10852
10851
10853
10855
10854
10856
10857
10859
10862
10860
10861
10858
10863
10864
10866
10865
10872
10869
10867
10870
10868
10874
10873
10871
10875
10876
10877
10878
10879
10880
10884
10881
10882
10883
10885
10886
10887
10889
10888
10890
10894
10891
10893
10892
10896
10895
10898
10899
10901
10902
10897
10900
10903
10904
10907
10906
10908
10909
10912
10910
10911
10905
10914
10913
10915
10916
10917
10918
10920
10921
10924
10922
10923
10919
10925
10926
10927
10928
10930
10934
10931
10932
10933
10935
10936
10937
10938
10929
10939
10940
10941
10943
10942
10945
10944
10947
10946
10948
10949
10950
10951
10953
10952
10958
10954
10955
10957
10959
10956
10961
10960
10962
10963
10964
10965
10966
10969
10967
10968
10971
10973
10972
10970
10974
10975
10976
10978
10977
10982
10981
10979
10980
10985
10986
10983
10984
10987
10988
10990
10993
10991
10995
10997
10992
10996
10989
10994
10998
10999
11000
11001
11002
11004
11003
11007
11009
11008
11010
11005
11011
11006
11012
11013
11017
11015
11018
11014
11023
11022
11021
11020
11019
11024
11027
11028
11030
11025
11032
11026
11031
11029
11033
11035
11034
11041
11038
11037
11036
11040
11039
11042
11043
11044
11046
11045
11047
11050
11051
11048
11049
11052
11053
11054
11055
11057
11056
11061
11059
11060
11058
11016
11062
11063
11064
11065
11067
11066
11070
11068
11069
11073
11071
11072
11075
11074
11076
11077
11078
11080
11081
11082
11085
11084
11083
11086
11087
11088
11079
11089
11091
11090
11093
11092
11094
11095
11096
11098
11097
11099
11100
11101
11102
11103
11104
11106
11107
11108
11105
11109
11110
11111
11112
11113
11114
11115
11116
11118
11117
11119
11120
11122
11121
11123
11124
11125
11126
11128
11127
11131
11134
11133
11132
11129
11130
11135
11136
11137
11138
11140
11141
11139
11146
11145
11144
11147
11142
11143
11149
11148
11151
11152
11156
11155
11154
11158
11160
11153
11159
11157
11150
11161
11162
11163
11165
11164
11169
11170
11168
11167
11166
11171
11172
11173
11174
11175
11177
11176
11178
11180
11181
11182
11179
11183
11184
11185
11187
11186
11188
11194
11191
11193
11189
11192
11190
11195
11196
11197
11198
11199
11200
11203
11201
11204
11202
11205
11206
11207
11208
11209
11210
11212
11216
11213
11215
11214
11217
11218
11211
11220
11219
11221
11223
11222
11224
11227
11230
11229
11225
11228
11226
11231
11232
11233
11234
11238
11239
11240
11236
11242
11241
11235
11237
11244
11245
11247
11251
11249
11250
11248
11253
11246
11252
11254
11255
11256
11257
11260
11262
11259
11258
11261
11264
11263
11265
11266
11267
11268
11269
11271
11270
11273
11272
11274
11275
11276
11277
11278
11280
11279
11282
11281
11283
11284
11285
11286
11287
11243
11288
11289
11290
11291
11292
11293
11295
11294
11296
11297
11298
11299
11300
11301
11302
11304
11303
11307
11306
11305
11308
11315
11314
11317
11311
11313
11318
11316
11309
11310
11312
11322
11323
11324
11321
11327
11326
11319
11325
11328
11329
11330
11335
11332
11334
11333
11336
11338
11337
11339
11340
11341
11342
11344
11347
11346
11345
11349
11348
11350
11331
11343
11320
11351
11352
11354
11353
11356
11355
11358
11359
11360
11357
11361
11364
11366
11363
11365
11362
11367
11368
11369
11371
11370
11372
11373
11376
11374
11375
11377
11378
11379
11380
11381
11382
11383
11385
11384
11387
11386
11389
11388
11390
11392
11393
11391
11394
11395
11397
11398
11396
11399
11402
11401
11403
11400
11404
11406
11407
11405
11413
11410
11414
11408
11411
11409
11412
11415
11416
11417
11422
11418
11421
11420
11424
11423
11419
11425
11426
11427
11429
11432
11431
11433
11430
11434
11428
11435
11436
11437
11438
11439
11440
11441
11442
11443
11444
11447
11446
11445
11449
11448
11450
11451
11452
11453
11454
11456
11455
11459
11457
11458
11461
11460
11462
11463
11464
11465
11466
11467
11468
11469
11471
11470
11473
11472
11474
11475
11476
11477
11479
11478
11481
11482
11480
11483
11486
11484
11485
11487
11490
11489
11492
11488
11491
11493
11497
11495
11496
11494
11498
11502
11501
11500
11499
11503
11506
11508
11505
11507
11504
11509
11510
11512
11513
11519
11518
11514
11520
11511
11516
11515
11517
11521
11522
11523
11524
11526
11527
11530
11525
11529
11528
11531
11532
11533
11537
11538
11535
11536
11539
11534
11541
11542
11543
11545
11546
11544
11549
11550
11548
11552
11551
11553
11555
11554
11556
11557
11559
11560
11561
11540
11547
11558
11562
11563
11566
11565
11567
11564
11568
11573
11569
11571
11570
11575
11576
11574
11577
11578
11579
11581
11580
11582
11572
11583
11585
11586
11584
11587
11588
11591
11590
11589
11592
11593
11594
11595
11596
11597
11598
11601
11599
11602
11600
11603
11604
11606
11605
11607
11608
11611
11609
11613
11612
11614
11615
11616
11617
11618
11621
11622
11620
11619
11623
11624
11625
11626
11627
11630
11631
11632
11629
11633
11628
11634
11635
11636
11637
11638
11639
11640
11642
11643
11645
11644
11641
11646
11647
11648
11649
11650
11651
11654
11655
11652
11653
11656
11658
11657
11659
11610
11660
11661
11662
11663
11667
11664
11665
11666
11668
11669
11670
11671
11674
11676
11672
11678
11673
11677
11675
11679
11681
11680
11683
11684
11689
11687
11686
11688
11685
11690
11682
11691
11695
11693
11692
11697
11699
11694
11696
11701
11700
11698
11703
11702
11704
11710
11705
11709
11711
11707
11708
11706
11713
11712
11714
11718
11721
11715
11716
11719
11717
11720
11723
11724
11722
11725
11726
11727
11728
11730
11729
11731
11735
11736
11734
11733
11732
11737
11738
11739
11740
11741
11742
11743
11744
11745
11746
11747
11748
11749
11751
11750
11752
11753
11754
11756
11755
11757
11758
11759
11760
11762
11761
11763
11764
11765
11767
11768
11766
11769
11770
11771
11772
11773
11774
11775
11776
11777
11778
11779
11780
11781
11782
11784
11783
11785
11786
11788
11787
11789
11790
11791
11792
11793
11794
11795
11796
11797
11799
11798
11800
11801
11802
11803
11804
11805
11806
11807
11808
11809
11810
11812
11811
11814
11813
11815
11816
11817
11819
11818
11820
11822
11821
11823
11825
11824
11826
11827
11828
11829
11830
11831
11832
11835
11836
11834
11833
11837
11838
11839
11840
11841
11842
11844
11843
11845
11847
11846
11849
11850
11848
11851
11852
11853
11854
11855
11857
11856
11858
11859
11860
11861
11862
11863
11864
11865
11866
11868
11870
11869
11872
11871
11873
11874
11875
11876
11877
11878
11879
11867
11881
11883
11884
11880
11886
11882
11885
11888
11887
11889
11890
11896
11895
11891
11898
11897
11894
11893
11892
