1063210
9
19
27
51
44
36
58
57
118
152
219
167
259
294
271
331
341
409
415
426
430
442
452
473
476
500
548
571
555
574
593
642
599
702
661
703
753
740
831
936
949
968
918
1025
1041
1046
1051
1071
1073
1094
1079
1086
1095
1133
1136
1154
1211
1203
1194
1218
1279
1299
1295
1302
1319
1333
1322
1337
1336
1362
1377
1389
1422
1461
1471
1474
1600
1604
1644
1674
1688
1768
1743
1798
1813
1814
1837
1847
1869
1882
1898
1928
1933
2032
1936
1969
1994
2007
2030
2017
2016
2068
2085
2208
2127
2129
2122
2312
2330
2333
2118
2368
2210
2365
2377
2390
2462
2459
2499
2506
2560
2521
2553
2527
2566
2565
2571
2594
2610
2615
2631
2658
2659
2800
2808
2826
2816
2803
2845
2827
2864
2871
2878
2891
2894
2895
2910
2946
2955
2947
2992
3042
3052
3144
3223
3234
3241
3373
3325
3291
3350
3428
3269
3274
3398
3378
3414
3433
3520
3565
3556
3548
3557
3500
3528
3501
3513
3568
3658
3784
3587
3663
3588
3801
3836
3825
3797
3818
3841
3880
3905
3937
3967
3950
4108
4109
4110
4111
4113
4112
4115
4016
4043
4117
4058
4050
4118
4123
4121
4125
4122
4126
4127
4128
4130
4131
4132
4137
4133
4136
4134
4138
4140
4141
4142
4143
4144
4145
4146
4148
4147
4149
4150
4151
4152
4153
4154
4155
4157
4158
4159
4162
4161
4163
4166
4165
4167
4168
4171
4172
4170
4173
4174
4175
4176
4178
4177
4179
4181
4180
4182
4183
4191
4186
4188
4194
4195
4189
4184
4185
4190
4192
4197
4206
4200
4203
4205
4199
4198
4196
4201
4204
4209
4215
4216
4210
4218
4212
4213
4221
4219
4220
4222
4223
4225
4226
4228
4230
4232
4231
4227
4229
4233
4234
4236
4237
4238
4239
4246
4241
4245
4249
4251
4250
4247
4244
4252
4253
4254
4257
4258
4256
4267
4268
4260
4262
4271
4272
4273
4276
4280
4279
4281
4284
4283
4288
4285
4286
4291
4292
4293
4295
4296
4297
4304
4300
4305
4306
4303
4299
4307
4308
4310
4311
4313
4316
4319
4320
4322
4321
4317
4315
4318
4324
4325
4326
4327
4329
4331
4328
4332
4333
4330
4334
4337
4339
4342
4343
4345
4346
4349
4350
4347
4351
4353
4352
4354
4355
4356
4358
4367
4369
4364
4371
4363
4361
4365
4373
4372
4368
4374
4376
4377
4375
4381
4383
4384
4386
4382
4380
4387
4392
4389
4390
4400
4393
4394
4397
4395
4401
4408
4396
4410
4406
4414
4404
4403
4407
4411
4415
4418
4421
4426
4417
4422
4424
4425
4423
4428
4429
4430
4431
4434
4432
4435
4433
4437
4436
4439
4442
4443
4440
4446
4445
4444
4441
4409
4447
4449
4454
4450
4451
4452
4448
4453
4455
4456
4457
4467
4465
4459
4461
4464
4469
4471
4466
4474
4475
4478
4479
4476
4480
4481
4483
4488
4485
4427
4489
4490
4491
4492
4494
4496
4497
4498
4499
4500
4501
4503
4505
4502
4508
4506
4509
4515
4510
4513
4514
4518
4516
4519
4521
4522
4523
4527
4524
4525
4526
4529
4531
4528
4532
4533
4535
4536
4537
4542
4538
4543
4545
4544
4547
4548
4549
4550
4552
4554
4557
4561
4556
4559
4558
4560
4562
4564
4565
4551
4567
4571
4569
4574
4570
4575
4579
4578
4580
4576
4585
4586
4596
4587
4594
4589
4588
4591
4593
4597
4595
4602
4598
4601
4599
4606
4607
4604
4609
4608
4600
4612
4615
4618
4613
4614
4619
4617
4616
4620
4621
4623
4625
4627
4628
4630
4635
4631
4632
4636
4633
4637
4638
4641
4644
4646
4647
4648
4650
4655
4651
4653
4656
4657
4658
4660
4661
4662
4667
4668
4669
4671
4664
4672
4673
4674
4676
4678
4679
4682
4681
4680
4683
4684
4689
4688
4690
4677
4695
4691
4697
4696
4692
4700
4694
4699
4701
4702
4703
4707
4713
4705
4709
4704
4712
4706
4714
4715
4720
4726
4727
4717
4719
4724
4723
4722
4721
4725
4741
4736
4737
4738
4728
4731
4729
4730
4742
4739
4745
4746
4744
4743
4753
4752
4748
4750
4751
4754
4758
4756
4757
4759
4760
4767
4764
4763
4765
4762
4768
4769
4770
4771
4772
4778
4774
4777
4776
4775
4781
4783
4782
4784
4786
4792
4789
4791
4790
4793
4798
4795
4800
4796
4797
4802
4806
4803
4805
4804
4809
4813
4812
4807
4808
4814
4819
4826
4820
4818
4822
4825
4827
4828
4824
4821
4829
4831
4830
4836
4837
4835
4834
4838
4841
4832
4839
4842
4844
4847
4849
4851
4856
4859
4858
4850
4854
4864
4865
4866
4867
4868
4869
4872
4873
4871
4870
4875
4876
4874
4878
4879
4880
4881
4887
4889
4883
4882
4885
4890
4892
4888
4891
4893
4894
4896
4903
4906
4895
4908
4905
4910
4902
4907
4914
4909
4912
4904
4916
4918
4917
4921
4925
4923
4926
4928
4927
4929
4931
4932
4933
4934
4937
4936
4942
4940
4941
4944
4943
4946
4947
4948
4950
4951
4953
4954
4957
4959
4958
4960
4963
4962
4965
4966
4967
4969
4970
4971
4974
4975
4979
4976
4978
4980
4981
4983
4985
4986
4988
4989
4990
4992
4991
4994
4997
4996
4999
5001
5003
5002
5004
5006
5008
5009
5010
5011
5013
5012
5014
5017
5015
5018
5019
5021
5022
5023
5024
5025
5027
5032
5031
5028
5033
5035
5036
5037
5039
5042
5043
5046
5045
5044
5048
5047
5051
5050
5052
5054
5056
5055
5065
5064
5057
5059
5063
5062
5058
5066
5069
5067
5072
5077
5068
5071
5076
5075
5078
5079
5083
5087
5081
5086
5082
5088
5084
5080
5090
5091
5092
5093
5099
5095
5098
5096
5097
5100
5049
5101
5102
5103
5105
5107
5112
5113
5120
5109
5119
5123
5127
5124
5128
5126
5129
5122
5130
5125
5121
5133
5131
5136
5134
5142
5137
5132
5140
5139
5135
5143
5145
5150
5149
5147
5154
5152
5151
5146
5153
5155
5157
5158
5159
5160
5166
5165
5163
5161
5164
5167
5172
5170
5171
5173
5177
5174
5176
5178
5175
5179
5181
5184
5185
5189
5190
5186
5188
5191
5192
5193
5194
5195
5197
5196
5202
5201
5198
5203
5199
5204
5205
5206
5212
5207
5236
5260
5286
5282
5297
5302
5349
5397
5499
5495
5521
5574
5595
5612
5628
5665
5712
5695
5773
5766
5793
5796
5821
5825
5844
5881
5883
5941
5943
5950
5962
6024
6091
6098
6120
6156
6162
6187
6189
6202
6211
6225
6244
6264
6268
6271
6262
6347
6330
6367
6402
6478
6520
6524
6526
6559
6527
6563
6593
6595
6606
6625
6652
6660
6700
6732
6715
6738
6776
6767
6765
6802
6847
6843
6857
6868
6869
6942
6908
6957
6902
6977
6983
6981
6927
7000
6988
7071
7026
7010
7102
7007
7013
7117
7054
7039
7096
7121
7131
7144
7225
7303
7274
7438
7448
7403
7473
7292
7400
7386
7494
7398
7476
7408
7422
7488
7490
7546
7564
7582
7626
7614
7580
7568
7602
7671
7696
7699
7729
7743
7749
7807
7781
7813
7852
7859
7861
7907
7913
7930
7939
7942
7958
7964
7976
8002
8020
8056
8069
8010
8006
8086
8097
8125
8114
8167
8170
8184
8204
8223
8232
8235
8267
8307
8296
8315
8322
8326
8341
8345
8352
8369
8375
8395
8409
8424
8447
8450
8454
8460
8479
8488
8557
8560
8572
8612
8615
8695
8686
8716
8744
8767
8841
8873
8858
8875
8964
9004
9015
9014
9026
9040
9043
9069
9142
9144
9153
9184
9194
9214
9225
9216
9226
9336
9257
9333
9231
9427
9414
9350
9383
9371
9407
9435
9450
9515
9591
9655
9622
9673
9680
9662
9624
9628
9679
9607
9654
9726
9738
9754
9809
9802
9767
9778
9794
9819
9839
9846
9868
9873
9881
9898
10001
10018
9981
10042
10060
10068
10084
10110
10125
10140
10117
10154
10162
10175
10197
10236
10266
10274
10302
10313
10308
9763
9761
10358
10381
10337
10320
10394
10531
10411
10573
10577
10511
10580
10588
10593
10602
10636
10640
10644
10642
10643
10648
10651
10652
10654
10656
10657
10659
10658
10660
10661
10662
10665
10670
10669
10671
10672
10673
10674
10675
10676
10677
10679
10680
10682
10683
10685
10687
10686
10689
10691
10692
10690
10688
10693
10695
10696
10697
10698
10701
10700
10703
10699
10702
10704
10708
10707
10709
10710
10713
10711
10714
10716
10715
10717
10718
10666
10719
10720
10721
10726
10722
10730
10728
10731
10733
10732
10723
10725
10735
10736
10738
10737
10739
10740
10741
10742
10743
10744
10745
10746
10747
10748
10749
10753
10750
10754
10755
10756
10757
10758
10759
10760
10761
10765
10766
10763
10762
10767
10769
10768
10764
10770
10771
10772
10773
10774
10776
10775
10778
10777
10779
10780
10781
10782
10783
10784
10786
10787
10785
10734
10790
10789
10792
10793
10794
10795
10796
10801
10797
10799
10800
10798
10802
10804
10803
10806
10807
10814
10811
10810
10808
10816
10817
10809
10815
10812
10813
10818
10820
10821
10824
10827
10823
10832
10831
10829
10825
10833
10834
10835
10837
10841
10840
10838
10843
10839
10836
10844
10847
10845
10848
10852
10851
10849
10855
10857
10859
10853
10854
10856
10860
10861
10862
10863
10867
10869
10865
10871
10864
10868
10872
10873
10876
10877
10885
10887
10886
10882
10883
10888
10881
10891
10892
10884
10894
10893
10896
10904
10900
10895
10897
10901
10898
10903
10906
10905
10907
10908
10910
10912
10913
10915
10911
10914
10916
10909
10919
10920
10922
10921
10924
10928
10923
10926
10927
10925
10929
10931
10932
10933
10934
10938
10936
10941
10939
10935
10937
10944
10942
10943
10945
10946
10947
10951
10952
10954
10950
10955
10956
10958
10962
10957
10961
10963
10964
10966
10967
10968
10969
10970
10971
10973
10972
10974
10975
10976
10977
10979
10978
10980
10982
10981
10984
10983
10986
10985
10987
10988
10990
10989
10991
10995
10992
10996
10994
10993
11005
11008
11004
11007
11000
10997
11009
11003
11010
10999
11011
11015
11013
11012
11014
11016
11018
11020
11017
11019
11021
11023
11027
11034
11030
11032
11028
11024
11033
11025
11029
11035
11036
11045
11042
11047
11043
11038
11039
11046
11041
11044
11040
11049
11059
11052
11056
11050
11058
11053
11054
11055
11057
11060
11069
11071
11066
11072
11061
11067
11063
11062
11068
11064
11073
11081
11076
11077
11078
11082
11079
11080
11075
11074
11083
11086
11084
11087
11090
11093
11091
11092
11088
11094
11095
11096
11097
11098
11099
11103
11105
11102
11101
11100
11106
11107
11108
11109
11110
11114
11113
11115
11116
11119
11120
11122
11121
11111
11112
11123
11124
11129
11125
11128
11133
11130
11131
11134
11135
11136
11137
11139
11140
11144
11145
11138
11141
11146
11147
11148
11149
11150
11151
11152
11154
11155
11153
11156
11157
11158
11159
11160
11161
11165
11163
11167
11164
11166
11170
11171
11169
11174
11173
11175
11176
11177
11178
11179
11181
11182
11183
11184
11180
11185
11186
11187
11188
11190
11191
11192
11194
11195
11196
11197
11193
11198
11199
11200
11201
11202
11204
11207
11205
11206
11203
11209
11210
11211
11214
11213
11215
11216
11217
11221
11219
11218
11220
11222
11225
11223
11226
11224
11230
11234
11235
11232
11238
11237
11233
11239
11229
11240
11243
11241
11242
11244
11246
11247
11248
11250
11249
11251
11252
11253
11254
11255
11256
11257
11258
11259
11261
11260
11264
11263
11262
11265
11267
11266
11268
11271
11272
11269
11273
11274
11279
11283
11276
11284
11281
11275
11285
11282
11280
11278
11294
11293
11292
11289
11291
11287
11286
11290
11295
11288
11303
11300
11308
11296
11304
11307
11301
11313
11310
11309
11311
11312
11315
11314
11316
11317
11322
11320
11323
11321
11319
11326
11327
11329
11328
11331
11330
11332
11334
11335
11336
11337
11339
11338
11340
11297
11299
11298
11341
11342
11343
11344
11346
11345
11347
11348
11349
11350
11351
11352
11353
11355
11356
11357
11358
11359
11364
11362
11363
11361
11365
11368
11369
11360
11367
11370
11372
11374
11373
11371
11376
11375
11380
11377
11379
11378
11384
11381
11383
11382
11386
11389
11385
11388
11387
11390
11392
11393
11395
11394
11396
11397
11398
11399
11400
11401
11403
11404
11402
11405
11406
11410
11408
11409
11411
11412
11415
11416
11414
11417
11413
11418
11419
11421
11420
11422
11423
11426
11425
11428
11424
11429
11430
11431
11432
11433
11434
11435
11437
11436
11438
11439
11440
11443
11444
11441
11445
11447
11449
11450
11452
11454
11448
11453
11451
11456
11455
11446
11462
11459
11464
11463
11457
11458
11461
11460
11465
11473
11468
11472
11477
11474
11469
11471
11475
11476
11478
11479
11480
11485
11483
11481
11482
11484
11487
11488
11489
11490
11494
11493
11492
11495
11496
11486
11497
11498
11499
11500
11501
11504
11503
11502
11466
11505
11506
11507
11508
11509
11510
11512
11513
11520
11515
11514
11521
11519
11516
11517
11522
11523
11524
11530
11532
11529
11528
11525
11531
11527
11533
11526
11534
11535
11536
11537
11538
11539
11542
11540
11544
11545
11543
11546
11547
11548
11549
11550
11551
11552
11558
11553
11557
11559
11560
11554
11556
11561
11562
11563
11564
11565
11567
11573
11572
11574
11571
11568
11575
11576
11577
11578
11579
11581
11580
11584
11585
11582
11586
11583
11589
11588
11590
11591
11593
11594
11597
11598
11595
11599
11600
11603
11596
11602
11604
11606
11607
11611
11608
11612
11613
11609
11616
11615
11617
11614
11618
11627
11619
11621
11623
11620
11624
11629
11622
11628
11626
11630
11631
11632
11634
11633
11640
11637
11639
11638
11635
11642
11641
11643
11645
11646
11647
11648
11655
11649
11650
11656
11657
11660
11659
11668
11665
11663
11669
11670
11666
11653
11652
11673
11671
11675
11676
11682
11683
11677
11679
11678
11680
11685
11674
11686
11690
11689
11694
11691
11687
11688
11693
11692
11695
11700
11704
11697
11696
11702
11699
11701
11698
11706
11705
11707
11709
11708
11712
11714
11713
11715
11710
11711
11716
11727
11717
11723
11718
11724
11728
11725
11720
11719
11721
11729
11730
11733
11738
11734
11731
11735
11737
11732
11736
11740
11739
11748
11747
11743
11751
11746
11744
11749
11745
11752
11750
11753
11754
11755
11756
11759
11757
11760
11765
11762
11763
11769
11764
11766
11761
11771
11774
11772
11776
11777
11770
11778
11773
11779
11780
11781
11782
11784
11786
11790
11789
11792
11785
11787
11788
11795
11796
11797
11799
11800
11804
11798
11802
11803
11805
11806
11793
11809
11814
11813
11812
11811
11818
11815
11817
11816
11819
11821
11820
11827
11828
11823
11830
11831
11824
11825
11822
11826
11829
11833
11832
11835
11834
11837
11839
11843
11844
11840
11841
11845
11846
11847
11848
11849
11851
11855
11856
11850
11854
11857
11853
11859
11861
11862
11864
11870
11865
11871
11872
11869
11866
11873
11860
11868
11874
11875
11877
11881
11879
11882
11878
11876
11880
11883
11885
11884
11886
11890
11888
11889
11893
11894
11895
11897
11891
11898
11892
11904
11899
11905
11901
11902
11907
11908
11906
11900
11903
11909
11910
11913
11912
11911
11915
11917
11914
11918
11916
11920
11921
11922
11924
11925
11927
11926
11929
11930
11928
11931
11932
11934
11935
11936
11938
11937
11939
11943
11942
11944
11941
11940
11947
11945
11946
11948
11949
11951
11954
11952
11953
11950
11955
11956
11958
11959
11961
11962
11963
11968
11965
11964
11969
11970
11971
11972
11974
11973
11978
11977
11979
11981
11980
11982
11983
11984
11985
11988
11987
11989
11990
11994
11991
11992
11996
11995
11997
11999
12000
12001
12002
12008
12009
12007
12005
12003
12004
12010
12011
12012
12013
12014
12015
12016
12017
12020
12019
12021
12022
12023
12024
12025
12026
12027
12029
12030
12031
12032
12033
12034
12035
12036
12037
12038
12039
12040
12041
12042
12043
12045
12044
12048
12046
12047
12049
12050
12053
12052
12054
12056
12059
12060
12058
12057
12061
12062
12063
12064
12065
12066
12067
12068
12069
12070
12071
12072
12074
12073
12075
12077
12076
12078
12079
12080
12082
12081
12084
12083
12085
12087
12086
12088
12090
12091
12092
12093
12094
12096
12097
12099
12100
12101
12102
12105
12106
12107
12108
12109
12113
12112
12111
12114
12115
12116
12120
12118
12123
12122
12124
12125
12126
12128
12129
12130
12131
12132
12133
12135
12134
12138
12136
12141
12137
12139
12140
12142
12143
12146
12145
12147
12148
12151
12149
12152
12155
12150
12156
12157
12158
12159
12160
12161
12165
12164
12163
12166
12162
12168
12169
12170
12171
12172
12175
12178
12174
12176
12177
12181
12180
12182
12183
12184
12186
12185
12189
12192
12191
12187
12193
12190
12194
12195
12197
12198
12199
12200
12201
12203
12204
12205
12206
12207
12208
12209
12211
12212
12213
12214
12215
12216
12217
12218
12220
12219
12221
12222
12223
12224
12225
12226
12227
12229
12230
12231
12232
12233
12237
12236
12244
12240
12243
12245
12251
12250
12249
12254
12253
12252
12239
12242
12248
12247
12256
12255
12259
12258
12257
12260
12261
12266
12264
12263
12269
12267
12270
12271
12272
12274
12276
12273
12277
12275
12278
12279
12280
12281
12282
12283
12289
12290
12285
12287
12288
12292
12284
12291
12286
12293
12294
12297
12295
12302
12300
12296
12301
12298
12299
12303
12304
12305
12306
12307
12308
12312
12309
12314
12310
12313
12316
12317
12318
12320
12321
12324
12322
12326
12325
12329
12330
12328
12327
12331
12332
12333
12334
12335
12336
12338
12337
12339
12342
12343
12340
12344
12346
12347
12348
12349
12350
12352
12354
12353
12351
12355
12356
12357
12358
12359
12360
12361
12362
12364
12366
12365
12367
12368
12369
12370
12372
12373
12375
12377
12378
12379
12380
12381
12382
12383
12388
12385
12386
12387
12389
12390
12391
12393
12396
12397
12394
12398
12395
12399
12400
12401
12404
12405
12411
12406
12409
12407
12412
12410
12413
12414
12419
12415
12417
12416
12418
12421
12420
12422
12425
12424
12429
12430
12431
12435
12439
12440
12442
12443
12445
12446
12427
12447
12433
12436
12448
12438
12437
12449
12450
12451
12452
12454
12455
12456
12457
12460
12459
12458
12462
12461
12463
12465
12464
12466
12467
12468
12470
12472
12471
12475
12477
12476
12474
12478
12479
12480
12481
12482
12484
12485
12487
12486
12488
12489
12490
12491
12493
12494
12492
12495
12496
12498
12499
12500
12503
12501
12506
12504
12505
12507
12508
12509
12510
12511
12513
12512
12514
12516
12517
12521
12518
12520
12522
12523
12525
12524
12526
12527
12528
12534
12529
12530
12531
12532
12536
12535
12537
12538
12540
12542
12541
12545
12544
12543
12547
12548
12549
12550
12552
12553
12555
12554
12558
12557
12559
12560
12561
12562
12563
12564
12565
12567
12566
12568
12569
12570
12572
12571
12573
12574
12575
12577
12576
12578
12579
12580
12582
12581
12583
12584
12586
12588
12589
12591
12593
12592
12596
12595
12594
12597
12598
12601
12600
12602
12607
12606
12608
12603
12605
12609
12610
12611
12612
12613
12615
12621
12614
12618
12619
12616
12624
12622
12623
12625
12626
12630
12628
12631
12633
12627
12634
12635
12632
12629
12636
12638
12642
12645
12644
12649
12643
12640
12641
12639
12650
12652
12651
12653
12654
12657
12656
12658
12660
12659
12661
12663
12662
12664
12665
12666
12672
12668
12673
12670
12669
12674
12676
12677
12678
12680
12681
12682
12683
12684
12685
12687
12686
12688
12689
12690
12692
12693
12694
12695
12696
12697
12699
12700
12702
12703
12704
12705
12706
12707
12709
12710
12711
12712
12713
12716
12714
12715
12717
12720
12719
12722
12730
12721
12725
12726
12728
12727
12723
12724
12729
12731
12732
12738
12742
12740
12736
12734
12743
12744
12745
12746
12748
12751
12749
12750
12747
12737
12739
12741
12754
12752
12755
12756
12757
12758
12759
12762
12761
12760
12764
12763
12765
12766
12767
12768
12769
12770
12772
12771
12773
12774
12775
12776
12777
12778
12779
12780
12783
12781
12786
12785
12787
12789
12784
12788
12792
12793
12794
12797
12798
12799
12800
12803
12801
12802
12806
12805
12808
12807
12809
12810
12811
12815
12813
12814
12816
12817
12818
12819
12812
12823
12822
12830
12834
12826
12833
12831
12827
12828
12824
12829
12825
12836
12837
12841
12843
12845
12844
12839
12838
12846
12835
12847
12848
12849
12850
12854
12852
12855
12851
12853
12856
12857
12858
12859
12860
12861
12862
12863
12864
12868
12865
12869
12866
12867
12870
12871
12872
12873
12879
12876
12874
12882
12878
12877
12881
12880
12883
12884
12886
12885
12887
12889
12890
12891
12894
12888
12893
12897
12901
12898
12899
12903
12896
12905
12904
12902
12892
12906
12907
12908
12909
12915
12913
12910
12916
12911
12912
12918
12917
12919
12921
12920
12925
12922
12926
12927
12924
12929
12928
12930
12932
12931
12934
12933
12935
12936
12937
12938
12941
12943
12942
12939
12945
12944
12947
12946
12954
12956
12950
12957
12951
12952
12958
12959
12960
12953
12961
12962
12965
12973
12974
12975
12977
12979
12978
12966
12971
12963
12968
12972
12980
12970
12984
12967
12981
12985
12986
12987
12988
12990
12989
12994
12996
12992
12995
12993
12998
12997
12999
13000
13001
13002
13006
13003
13007
13005
13004
13009
13008
13010
13011
13019
13012
13018
13013
13014
13015
13017
13016
13022
13023
13026
13024
13028
13029
13027
13032
13033
13034
13031
13030
13036
13035
13037
13039
13041
13040
13044
13047
13048
13049
13046
13045
13043
13050
13051
13052
13053
13059
13056
13057
13055
13058
13054
13060
13061
13062
13063
13065
13064
13067
13069
13066
13068
13071
13070
13079
13078
13072
13080
13073
13077
13074
13081
13075
13089
13091
13090
13083
13094
13093
13085
13088
13086
13087
13102
13103
13101
13098
13095
13104
13097
13099
13096
13105
13107
13106
13108
13109
13112
13113
13111
13114
13110
13115
13119
13116
13117
13118
13124
13123
13125
13122
13121
13128
13127
13126
13129
13120
13130
13132
13131
13137
13136
13138
13141
13139
13140
13142
13144
13148
13147
13146
13145
13149
13153
13151
13152
13150
13158
13156
13154
13155
13157
13160
13159
13161
13163
13162
13168
13164
13165
13171
13170
13174
13172
13173
13175
13178
13176
13181
13180
13182
13179
13183
13184
13187
13188
13189
13191
13192
13190
13193
13197
13194
13196
13167
13166
13200
13198
13199
13202
13203
13206
13205
13204
13208
13207
13209
13211
13213
13210
13214
13215
13216
13217
13219
13218
13220
13221
13223
13222
13224
13225
13226
13227
13229
13228
13231
13232
13234
13233
13235
13236
13237
13238
13239
13240
13241
13242
13245
13244
13246
13256
13247
13254
13251
13249
13250
13257
13255
13248
13258
13265
13267
13269
13264
13261
13260
13268
13270
13259
13271
13272
13274
13273
13281
13275
13277
13280
13279
13283
13282
13286
13284
13289
13291
13293
13288
13292
13287
13294
13285
13295
13296
13300
13299
13304
13298
13302
13305
13303
13306
13309
13308
13312
13314
13313
13311
13310
13317
13315
13316
13321
13320
13323
13324
13330
13328
13329
13325
13331
13332
13327
13326
13334
13335
13337
13338
13339
13341
13343
13342
13344
13340
13345
13346
13348
13347
13349
13350
13351
13352
13353
13354
13355
13357
13359
13358
13360
13363
13362
13364
13365
13367
13368
13366
13371
13370
13369
13372
13374
13375
13373
13378
13376
13377
13381
13379
13380
13383
13385
13384
13382
13388
13386
13387
13389
13390
13391
13401
13397
13398
13402
13392
13396
13393
13399
13395
13394
13406
13409
13403
13404
13407
13411
13405
13410
13408
13412
13413
13414
13415
13418
13419
13417
13416
13422
13423
13420
13425
13432
13433
13431
13434
13435
13429
13430
13424
13428
13427
13441
13446
13442
13443
13440
13438
13439
13437
13444
13445
13447
13451
13449
13452
13456
13454
13453
13455
13450
13457
13458
13460
13459
13462
13463
13467
13464
13461
13465
13466
13468
13470
13469
13471
13472
13473
13474
13475
13477
13476
13478
13481
13482
13484
13485
13483
13486
13490
13488
13489
13487
13493
13495
13496
13494
13491
13499
13502
13501
13505
13503
13507
13508
13509
13510
13511
13512
13513
13514
13517
13516
13519
13520
13521
13525
13524
13527
13528
13523
13533
13532
13536
13534
13537
13539
13540
13543
13545
13546
13541
13547
13549
13550
13552
13544
13553
13555
13554
13556
13557
13560
13561
13565
13563
13564
13566
13568
13572
13569
13531
13529
13530
13574
13579
13578
13575
13576
13580
13581
13585
13584
13583
13586
13591
13588
13589
13590
13593
13592
13595
13597
13596
13599
13600
13602
13601
13594
13598
13605
13603
13607
13608
13610
13609
13613
13612
13614
13616
13624
13627
13625
13615
13622
13628
13619
13623
13626
13620
13630
13632
13631
13633
13634
13635
13639
13640
13637
13636
13644
13645
13642
13643
13641
13646
13647
13651
13649
13650
13654
13656
13652
13653
13655
13666
13662
13657
13661
13659
13660
13667
13668
13663
13664
13669
13670
13671
13672
13673
13674
13675
13676
13678
13677
13680
13681
13679
13683
13684
13682
13686
13687
13688
13689
13692
13693
13698
13691
13695
13699
13702
13700
13701
13703
13694
13704
13705
13707
13706
13708
13709
13710
13715
13714
13711
13712
13719
13717
13718
13720
13721
13722
13728
13716
13726
13723
13724
13725
13729
13732
13727
13733
13734
13735
13739
13736
13740
13741
13742
13743
13745
13746
13744
13750
13748
13751
13752
13753
13755
13756
13758
13757
13759
13760
13762
13767
13764
13768
13772
13769
13775
13777
13774
13778
13780
13779
13770
13783
13781
13731
13786
13784
13785
13787
13790
13789
13788
13791
13792
13793
13795
13796
13798
13797
13800
13801
13799
13814
13804
13803
13802
13809
13815
13808
13805
13806
13807
13816
13822
13821
13825
13819
13824
13817
13820
13823
13818
13826
13827
13828
13830
13831
13832
13835
13829
13837
13836
13838
13840
13841
13842
13844
13849
13846
13845
13847
13851
13850
13839
13852
13853
13854
13859
13862
13858
13855
13856
13857
13861
13863
13866
13868
13864
13873
13870
13871
13865
13872
13867
13869
13877
13875
13879
13876
13881
13874
13878
13883
13880
13882
13885
13887
13889
13888
13891
13894
13895
13896
13892
13893
13897
13898
13899
13900
13901
13903
13902
13905
13904
13906
13907
13908
13911
13910
13909
13916
13917
13921
13922
13919
13924
13923
13926
13927
13925
13928
13929
13930
13932
13931
13933
13934
13936
13937
13935
13938
13939
13940
13942
13941
13943
13944
13945
13949
13948
13947
13950
13951
13952
13953
13954
13955
13958
13957
13960
13956
13959
13962
13963
13964
13965
13967
13971
13969
13970
13973
13972
13968
13974
13975
13976
13977
13980
13978
13981
13979
13984
13986
13991
13983
13985
13987
13990
13988
13982
13997
13995
13992
13998
13994
13996
14001
13999
14000
14003
14002
14007
14005
14006
14004
14009
14008
14010
14016
14012
14018
14015
14014
14020
14017
14011
14013
13993
14023
14026
14021
14024
14031
14029
14032
14028
14033
14027
14034
14035
14036
14038
14044
14042
14040
14043
14037
14039
14045
14047
14053
14050
14052
14049
14051
14048
14046
14054
14055
14057
14064
14065
14059
14072
14062
14063
14068
14071
14060
14058
14078
14073
14076
14080
14082
14075
14081
14074
14083
14077
14085
14086
14084
14093
14087
14089
14090
14094
14095
14088
14096
14097
14104
14098
14100
14099
14103
14102
14106
14101
14107
14108
14110
14111
14116
14114
14112
14115
14113
14117
14119
14120
14121
14123
14118
14124
14126
14125
14127
14128
14129
14130
14131
14132
14135
14136
14134
14137
14140
14141
14138
14142
14143
14144
14146
14147
14148
14145
14150
14149
14152
14153
14157
14160
14156
14158
14155
14161
14170
14162
14171
14169
14151
14168
14166
14172
14164
14163
14184
14181
14176
14173
14185
14179
14186
14183
14175
14178
14193
14187
14188
14196
14198
14189
14192
14199
14191
14190
14200
14208
14213
14202
14209
14210
14207
14212
14203
14206
14216
14214
14219
14218
14226
14224
14220
14223
14221
14222
14227
14230
14229
14228
14231
14233
14238
14234
14237
14235
14242
14239
14240
14243
14244
14245
14246
14248
14247
14250
14254
14252
14251
14253
14257
14255
14263
14260
14261
14262
14268
14264
14270
14269
14267
14266
14273
14271
14275
14272
14281
14279
14277
14276
14278
14282
14286
14285
14283
14284
14288
14290
14291
14292
14293
14294
14297
14296
14295
14298
14299
14300
14301
14305
14303
14307
14310
14311
14308
14304
14313
14314
14315
14316
14317
14319
14324
14321
14323
14322
14325
14326
14327
14329
14328
14333
14334
14330
14332
14331
14335
14338
14336
14341
14339
14340
14344
14343
14345
14342
14346
14348
14347
14350
14349
14351
14355
14354
14352
14356
14353
14358
14357
14360
14359
14361
14363
14368
14362
14366
14367
14370
14369
14372
14374
14373
14376
14375
14377
14378
14379
14381
14382
14383
14385
14384
14387
14386
14389
14388
14395
14397
14396
14390
14392
14394
14393
14391
14400
14401
14403
14399
14404
14408
14406
14407
14402
14405
14412
14418
14411
14410
14414
14409
14417
14413
14416
14415
14422
14425
14424
14427
14423
14421
14419
14426
14429
14428
14430
