4
1
6
8
5
2
0
3
9
7
10
13
11
15
20
19
16
18
12
14
17
21
22
23
25
26
27
24
28
30
29
31
32
33
40
37
36
34
35
38
39
41
43
45
48
47
46
44
50
49
42
52
51
53
57
56
54
59
55
58
60
62
61
63
64
65
66
67
68
69
70
72
71
73
74
75
76
79
77
78
81
80
82
83
86
87
84
85
88
89
90
92
91
93
94
95
98
99
97
96
100
101
103
104
102
107
105
108
109
111
106
110
112
113
114
118
116
115
121
122
119
120
117
123
124
125
126
127
128
129
132
131
134
130
133
135
136
138
147
137
139
140
146
142
145
141
143
144
152
154
153
155
148
157
156
150
151
149
159
160
164
166
163
162
158
165
167
161
168
169
170
172
176
175
177
171
174
173
178
179
180
181
183
185
182
186
184
187
189
188
190
191
192
193
194
196
198
197
199
195
200
201
202
203
204
207
205
206
211
208
209
210
212
213
215
214
219
222
216
217
218
220
221
223
224
225
226
228
232
231
233
230
229
227
234
235
236
237
238
239
240
242
243
241
245
244
246
247
248
250
249
251
252
253
254
255
256
257
258
260
259
261
262
263
264
266
265
267
268
269
270
271
272
273
274
275
276
277
278
279
280
283
282
281
285
284
286
287
288
289
290
292
291
293
294
297
296
295
300
299
298
301
303
302
306
307
304
305
310
309
308
312
313
311
315
316
317
314
318
320
319
322
323
321
324
326
327
328
325
330
329
332
333
331
334
335
336
337
338
339
341
340
343
342
344
345
348
346
349
347
351
353
354
350
352
355
359
357
358
356
360
361
363
362
364
365
368
366
369
367
372
373
374
375
370
371
376
377
379
378
380
381
384
382
383
385
386
387
389
388
390
391
392
396
395
394
397
398
393
399
401
400
402
403
404
409
405
406
408
410
407
411
412
413
414
415
416
417
421
420
418
419
422
423
425
424
426
431
432
427
428
430
429
433
434
435
436
437
441
440
439
442
438
443
444
446
445
449
448
453
450
454
452
455
447
451
456
457
458
460
459
463
462
461
466
465
464
467
468
469
470
474
473
476
475
471
472
477
478
479
480
484
483
485
482
486
481
488
489
490
491
497
495
493
494
492
496
498
499
500
501
503
506
504
505
507
508
509
502
513
512
510
516
515
514
511
517
518
487
521
524
522
520
523
526
527
525
519
528
530
529
531
533
532
537
536
534
535
538
539
540
541
542
543
546
545
547
544
548
549
551
552
550
553
555
557
556
558
554
559
560
563
562
561
568
565
567
569
566
564
570
571
573
572
576
574
577
578
580
583
582
581
575
579
584
585
589
593
591
588
587
590
592
594
595
596
599
598
601
602
597
604
603
600
605
586
606
613
608
607
611
610
612
609
614
615
616
618
617
619
624
623
621
620
622
625
626
627
628
629
632
631
630
633
634
635
636
637
638
639
646
641
644
642
643
645
647
648
649
640
650
651
652
657
656
659
655
654
658
653
660
661
662
663
664
670
665
666
668
669
667
671
672
673
674
679
680
676
683
678
682
681
675
677
684
685
686
687
688
692
689
690
691
693
694
695
696
697
698
699
701
700
705
702
703
704
706
707
708
709
710
716
715
712
713
711
714
717
718
719
720
721
722
723
725
727
724
728
726
730
729
731
732
733
735
736
740
738
734
737
739
741
742
743
744
745
746
749
748
747
750
751
753
752
754
755
756
757
758
760
759
763
762
761
764
765
766
767
768
772
769
770
774
773
771
776
775
778
777
780
779
781
784
783
782
787
785
788
786
789
790
791
792
794
793
795
797
796
802
800
803
806
804
801
805
807
799
798
814
816
812
809
808
815
817
811
813
810
822
820
819
824
821
827
826
818
825
823
832
829
833
835
831
834
830
836
837
828
838
839
840
842
843
846
847
841
844
845
848
850
849
854
852
851
853
856
857
855
858
860
859
862
861
867
863
864
868
866
865
869
870
871
877
873
874
878
872
876
875
880
879
881
883
884
890
882
889
885
887
888
891
886
895
896
894
898
897
900
901
892
893
899
902
909
906
907
903
908
910
904
911
905
912
913
918
920
921
915
917
916
919
914
923
922
924
925
927
930
929
926
928
931
932
933
934
935
936
937
940
941
938
939
942
943
944
945
946
947
949
948
951
950
954
955
953
952
960
956
963
962
964
965
957
958
961
959
966
967
970
971
975
968
973
972
969
974
976
979
977
978
981
982
980
985
983
984
986
987
988
989
995
992
991
993
996
990
997
999
1002
1001
1000
1003
1004
1005
1006
1007
1008
1009
1011
1010
1015
1012
1014
1013
1016
1017
1018
1019
1020
1021
1022
1023
1024
1025
1026
994
1027
1028
1031
1029
1030
1032
998
1033
1034
1035
1036
1037
1040
1039
1038
1042
1041
1043
1044
1045
1046
1047
1048
1049
1050
1053
1052
1051
1054
1055
1056
1057
1058
1059
1060
1061
1063
1062
1065
1064
1066
1067
1068
1069
1070
1071
1072
1073
1074
1076
1077
1075
1078
1079
1080
1081
1082
1083
1084
1087
1085
1086
1088
1090
1089
1091
1092
1093
1094
1095
1096
1097
1098
1099
1100
1101
1103
1102
1104
1105
1107
1106
1108
1109
1110
1112
1113
1111
1122
1117
1116
1114
1121
1119
1115
1120
1118
1123
1125
1129
1132
1126
1130
1133
1131
1128
1127
1124
1142
1138
1143
1134
1135
1136
1137
1139
1141
1140
1144
1145
1147
1149
1150
1151
1152
1148
1153
1146
1154
1155
1160
1158
1159
1161
1163
1162
1164
1156
1157
1168
1166
1167
1174
1173
1170
1169
1165
1172
1171
1175
1177
1178
1176
1179
1180
1181
1182
1184
1183
1185
1186
1188
1189
1187
1190
1193
1191
1194
1192
1195
1196
1198
1197
1199
1200
1202
1201
1203
1205
1204
1206
1209
1207
1210
1208
1211
1214
1212
1213
1215
1216
1217
1218
1219
1220
1221
1222
1223
1224
1225
1226
1227
1228
1230
1229
1231
1236
1237
1239
1238
1234
1232
1235
1233
1242
1243
1245
1244
1247
1246
1248
1249
1250
1252
1253
1251
1254
1256
1255
1257
1258
1259
1260
1261
1262
1264
1263
1265
1266
1268
1267
1269
1271
1270
1272
1273
1241
1276
1280
1275
1274
1281
1277
1278
1240
1279
1283
1284
1291
1289
1286
1287
1282
1285
1290
1288
1292
1293
1295
1294
1300
1301
1298
1299
1296
1302
1303
1297
1304
1305
1306
1307
1310
1309
1308
1311
1312
1313
1315
1314
1316
1317
1318
1319
1320
1322
1323
1326
1325
1324
1327
1321
1329
1330
1328
1331
1332
1333
1336
1334
1335
1337
1338
1339
1341
1340
1342
1347
1344
1345
1346
1343
1348
1349
1350
1351
1352
1355
1357
1353
1354
1356
1358
1359
1361
1360
1362
1363
1365
1367
1366
1368
1371
1370
1372
1369
1364
1373
1374
1375
1376
1377
1380
1379
1381
1382
1378
1383
1384
1385
1386
1389
1387
1388
1390
1391
1392
1393
1394
1395
1396
1401
1397
1403
1398
1404
1402
1406
1405
1399
1412
1407
1410
1415
1413
1409
1411
1408
1414
1417
1416
1419
1423
1422
1424
1421
1418
1420
1425
1426
1400
1428
1427
1431
1437
1429
1438
1430
1435
1434
1433
1439
1436
1432
1449
1440
1441
1443
1448
1445
1447
1444
1442
1446
1459
1453
1450
1455
1451
1458
1452
1454
1456
1457
1460
1468
1465
1461
1464
1463
1462
1467
1466
1469
1472
1473
1470
1478
1471
1479
1477
1475
1474
1476
1480
1482
1483
1481
1486
1489
1485
1487
1488
1484
1490
1491
1492
1496
1493
1495
1499
1497
1498
1500
1494
1501
1502
1507
1510
1509
1506
1508
1511
1504
1512
1505
1503
1513
1514
1515
1519
1517
1518
1516
1522
1521
1520
1523
1524
1525
1526
1534
1529
1531
1533
1530
1532
1528
1527
1535
1539
1542
1536
1545
1540
1543
1541
1537
1544
1538
1546
1547
1550
1551
1552
1549
1553
1548
1555
1554
1556
1557
1559
1562
1564
1560
1565
1561
1563
1558
1567
1566
1568
1573
1569
1572
1574
1570
1571
1575
1577
1576
1578
1579
1582
1580
1581
1583
1586
1585
1584
1587
1588
1589
1590
1591
1592
1593
1596
1595
1594
1597
1598
1599
1600
1605
1607
1601
1606
1608
1602
1604
1610
1609
1603
1615
1612
1613
1617
1614
1620
1611
1616
1618
1619
1621
1622
1624
1625
1629
1626
1623
1627
1630
1628
1631
1632
1633
1639
1638
1635
1640
1637
1636
1634
1641
1642
1643
1644
1645
1647
1649
1650
1648
1646
1651
1652
1654
1653
1655
1658
1657
1660
1661
1659
1662
1663
1656
1664
1665
1666
1667
1669
1672
1673
1670
1671
1674
1668
1675
1676
1677
1678
1680
1681
1679
1682
1684
1685
1683
1686
1687
1688
1689
1690
1692
1694
1693
1699
1697
1691
1700
1701
1695
1698
1702
1696
1703
1707
1710
1704
1706
1705
1708
1712
1713
1711
1709
1714
1717
1718
1716
1719
1720
1721
1722
1715
1723
1724
1725
1726
1728
1729
1730
1727
1731
1732
1734
1733
1737
1739
1740
1738
1741
1742
1735
1744
1745
1746
1747
1748
1749
1743
1750
1736
1751
1752
1753
1755
1756
1758
1759
1760
1763
1762
1754
1761
1764
1765
1766
1767
1768
1772
1769
1773
1771
1774
1777
1770
1775
1780
1781
1779
1782
1783
1784
1757
1785
1778
1786
1788
1790
1787
1791
1792
1793
1789
1794
1795
1796
1797
1776
1798
1799
1800
1802
1803
1805
1804
1806
1808
1801
1809
1810
1811
1812
1814
1815
1816
1807
1818
1820
1821
1819
1813
1823
1822
1817
1824
1825
1827
1829
1826
1831
1832
1833
1834
1828
1835
1830
1836
1837
1838
1839
1840
1841
1843
1842
1845
1844
1846
1847
1848
1849
1853
1854
1855
1851
1852
1857
1856
1860
1862
1850
1861
1863
1866
1865
1864
1868
1870
1867
1872
1871
1873
1874
1858
1876
1875
1877
1878
1879
1881
1882
1883
1884
1880
1886
1887
1888
1869
1885
1889
1890
1891
1892
1893
1901
1900
1896
1895
1894
1859
1902
1899
1898
1897
1903
1911
1906
1908
1912
1905
1909
1910
1907
1904
1913
1915
1917
1914
1916
1920
1919
1921
1918
1922
1923
1925
1927
1924
1926
1928
1929
1932
1930
1931
1933
1934
1935
1936
1937
1939
1943
1940
1941
1942
1945
1944
1946
1947
1938
1948
1949
1951
1952
1950
1954
1953
1955
1956
1958
1957
1959
1961
1960
1962
1963
1964
1965
1967
1966
1968
1969
1970
1971
1972
1973
1975
1974
1977
1976
1978
1979
1981
1980
1982
1983
1984
1985
1986
1987
1989
1990
1991
1988
1993
1994
1992
1995
1996
1997
1998
1999
2002
2003
2005
2006
2004
2007
2008
2009
2010
2013
2011
2014
2012
2015
2017
2016
2018
2020
2019
2022
2021
2026
2023
2025
2024
2027
2029
2028
2030
2031
2032
2033
2034
2036
2038
2035
2040
2037
2041
2039
2042
2001
2000
2043
2044
2045
2046
2047
2050
2049
2048
2052
2051
2053
2054
2055
2057
2058
2059
2056
2060
2062
2061
2063
2064
2065
2066
2067
2069
2068
2070
2072
2071
2073
2076
2075
2074
2077
2078
2079
2081
2080
2082
2083
2085
2086
2084
2087
2088
2089
2090
2092
2091
2093
2094
2095
2099
2101
2097
2098
2100
2103
2096
2102
2105
2104
2106
2109
2107
2108
2110
2111
2113
2115
2114
2112
2116
2117
2118
2119
2120
2123
2125
2122
2121
2124
2126
2127
2128
2129
2130
2131
2134
2132
2133
2135
2136
2137
2139
2138
2140
2141
2142
2144
2145
2143
2146
2149
2150
2148
2147
2151
2152
2153
2154
2155
2156
2157
2160
2158
2159
2161
2162
2163
2164
2165
2166
2167
2170
2168
2171
2169
2172
2173
2174
2175
2176
2177
2178
2179
2183
2184
2182
2181
2185
2180
2186
2188
2187
2189
2190
2193
2196
2194
2191
2195
2192
2198
2197
2199
2200
2201
2203
2202
2207
2204
2206
2208
2209
2205
2210
2211
2212
2214
2216
2213
2215
2218
2217
2220
2219
2221
2223
2222
2224
2225
2230
2228
2231
2229
2227
2226
2233
2232
2234
2237
2242
2244
2243
2245
2235
2236
2246
2247
2248
2249
2251
2250
2252
2253
2254
2255
2256
2257
2238
2241
2240
2258
2259
2239
2261
2262
2263
2260
2264
2265
2266
2270
2267
2268
2272
2273
2271
2269
2274
2276
2275
2277
2279
2278
2287
2286
2281
2282
2280
2283
2285
2284
2288
2289
2290
2291
2297
2298
2294
2299
2295
2292
2296
2293
2300
2301
2302
2303
2308
2306
2305
2304
2310
2311
2309
2312
2307
2313
2314
2316
2317
2315
2323
2320
2318
2322
2321
2325
2326
2319
2327
2328
2331
2329
2330
2332
2335
2334
2336
2324
2337
2333
2340
2341
2339
2338
2343
2342
2344
2346
2347
2345
2348
2349
2350
2351
2353
2352
2354
2355
2356
2358
2357
2359
2361
2360
2362
2363
2365
2364
2366
2367
2368
2371
2369
2370
2372
2374
2373
2375
2376
2377
2378
2379
2380
2381
2382
2383
2385
2384
2386
2388
2387
2389
2390
2391
2392
2393
2394
2396
2395
2397
2398
2399
2401
2400
2402
2403
2409
2408
2405
2404
2407
2406
2410
2411
2412
2417
2413
2418
2421
2420
2415
2419
2416
2414
2422
2423
2429
2431
2427
2428
2425
2424
2433
2426
2430
2432
2434
2435
2436
2439
2440
2438
2443
2442
2437
2441
2444
2445
2446
2447
2449
2448
2450
2452
2451
2454
2453
2455
2456
2457
2458
2459
2461
2460
2462
2464
2463
2465
2466
2467
2468
2469
2470
2471
2472
2473
2476
2478
2479
2477
2474
2475
2480
2481
2482
2483
2486
2487
2484
2489
2485
2488
2490
2492
2493
2491
2494
2495
2496
2502
2500
2497
2498
2503
2499
2505
2504
2501
2506
2507
2511
2514
2513
2512
2509
2516
2510
2515
2508
2517
2518
2519
2520
2521
2522
2523
2526
2527
2524
2525
2528
2530
2529
2531
2534
2535
2533
2532
2536
2537
2538
2539
2540
2541
2542
2543
2544
2545
2546
2548
2547
2550
2549
2551
2552
2553
2554
2555
2556
2558
2557
2560
2559
2562
2563
2561
2564
2565
2566
2567
2568
2570
2579
2578
2572
2569
2574
2573
2577
2576
2575
2571
2580
2586
2585
2582
2587
2581
2589
2584
2583
2588
2590
2591
2593
2594
2595
2599
2596
2592
2597
2598
2600
2601
2602
2603
2608
2609
2604
2607
2610
2606
2605
2611
2612
2613
2614
2620
2617
2621
2622
2619
2616
2615
2623
2618
2624
2625
2628
2626
2631
2632
2630
2633
2627
2629
2634
2635
2637
2636
2638
2639
2642
2644
2640
2643
2645
2641
2647
2646
2648
2649
2650
2651
2655
2654
2653
2652
2656
0
3
2
1
8
15
13
9
11
12
17
18
19
14
16
21
22
23
24
29
27
26
32
31
30
25
34
28
33
35
36
37
40
38
42
43
41
39
49
50
6
5
45
7
10
4
44
48
51
52
53
55
54
58
59
56
57
60
61
62
63
67
64
68
66
65
69
20
72
71
70
73
75
74
76
77
78
80
83
81
85
79
86
82
84
87
88
89
46
47
91
90
92
93
94
95
96
98
101
100
99
102
97
103
105
104
106
109
107
108
110
111
112
113
114
115
116
117
119
120
121
122
125
118
123
124
126
129
131
130
132
127
133
134
128
135
136
137
138
139
141
140
142
147
148
146
145
143
150
144
149
155
152
151
153
154
158
157
160
156
159
161
164
163
162
165
168
171
170
167
172
166
179
169
181
176
178
173
180
175
177
174
182
183
184
185
186
187
188
190
192
199
195
197
189
200
194
196
203
193
202
201
191
206
204
205
207
198
208
209
210
211
212
213
216
218
215
217
219
214
225
223
228
221
227
229
230
226
222
220
224
231
233
232
234
236
237
235
238
244
242
245
246
239
250
252
243
251
253
247
248
249
241
255
256
254
257
258
240
259
261
260
262
263
265
267
268
264
269
266
270
271
272
274
277
278
279
280
282
281
283
285
284
286
287
295
289
291
293
292
294
290
301
302
297
300
296
288
303
304
298
299
311
308
312
313
314
305
316
309
306
307
318
320
310
317
321
315
319
273
276
275
322
325
324
323
326
329
328
331
330
335
339
333
327
336
334
332
338
341
337
342
346
345
343
347
348
350
349
351
352
353
361
354
356
355
359
360
357
358
363
364
362
365
367
368
366
369
370
371
372
380
382
373
381
376
375
383
377
379
378
374
340
384
385
386
387
389
390
388
391
344
392
397
394
393
395
396
398
399
400
403
409
406
404
407
402
405
401
408
410
411
412
413
414
415
416
418
421
422
419
423
420
427
424
426
425
432
433
430
434
429
431
428
435
436
437
438
439
441
443
444
446
442
449
450
440
448
447
445
454
458
455
452
451
453
457
456
459
460
417
462
461
464
466
467
468
463
477
465
469
470
473
471
476
474
478
475
472
480
481
482
483
484
485
486
488
479
490
487
491
496
489
492
495
494
500
498
499
497
501
502
503
504
505
493
508
510
511
509
516
512
520
513
514
515
521
523
522
524
517
519
525
506
526
528
527
529
507
530
532
531
533
536
537
539
538
551
552
535
543
542
540
548
546
550
545
541
549
544
534
547
553
554
555
518
569
562
563
564
574
568
560
567
565
558
559
570
573
561
557
566
572
575
571
576
577
580
585
586
579
581
588
592
582
593
578
603
583
597
606
596
590
598
556
600
605
584
602
594
589
599
601
595
591
587
604
609
615
610
607
616
617
611
623
613
618
614
620
625
619
624
622
621
626
612
608
627
628
629
630
631
633
632
634
642
643
646
640
635
638
645
641
644
637
636
639
647
648
649
650
651
652
653
654
657
656
655
658
659
664
662
661
666
660
663
667
665
668
671
670
669
672
674
673
675
676
678
679
680
681
682
684
683
685
689
687
686
692
688
691
693
690
695
696
697
698
700
701
702
703
704
705
706
712
710
707
708
709
714
713
711
716
715
717
718
719
720
721
722
723
724
677
725
726
727
730
731
733
729
732
734
728
735
736
694
738
739
737
740
741
743
744
745
746
742
747
749
748
750
751
754
752
753
758
757
756
755
759
760
761
762
763
764
765
766
768
771
770
772
773
774
778
776
779
775
777
780
781
782
783
785
784
786
787
788
789
790
791
699
794
793
795
792
798
797
800
801
799
803
802
796
805
806
807
808
804
810
812
811
814
815
813
809
819
816
818
817
822
820
821
767
823
769
824
826
825
827
828
829
830
831
832
836
835
837
834
838
842
841
845
833
844
846
839
840
843
847
849
850
848
851
853
854
855
856
857
858
859
862
861
864
866
865
870
867
871
868
869
872
873
852
874
875
876
877
879
878
884
887
885
886
888
881
889
890
880
882
883
891
892
893
894
895
896
897
898
899
902
904
905
909
910
903
911
913
912
906
907
914
863
908
915
916
917
920
919
918
901
900
921
922
924
923
926
925
929
927
928
931
930
932
933
934
936
935
937
939
938
941
940
942
944
945
943
946
947
948
951
949
950
952
953
955
954
956
860
957
958
959
960
962
963
961
965
964
968
966
967
969
971
972
970
973
974
975
979
980
978
977
976
983
981
982
984
985
986
987
991
995
988
994
990
993
989
992
998
999
996
997
1001
1000
1002
1004
1006
1003
1005
1008
1009
1007
1011
1012
1013
1010
1014
1015
1016
1017
1020
1018
1022
1019
1023
1026
1024
1021
1025
1027
1028
1029
1030
1031
1032
1033
1035
1034
1036
1037
1038
1039
1041
1040
1044
1042
1043
1045
1046
1047
1048
1050
1051
1052
1049
1053
1055
1054
1056
1057
1058
1059
1061
1060
1063
1062
1064
1065
1068
1066
1067
1069
1071
1070
1076
1072
1073
1075
1077
1074
1078
1079
1080
1083
1081
1082
1084
1086
1088
1090
1089
1091
1085
1087
1096
1092
1099
1095
1098
1097
1093
1094
1100
1102
1101
1103
1104
1105
1106
1107
1108
1109
1110
1112
1111
1113
1116
1115
1114
1120
1119
1122
1121
1118
1117
1123
1124
1125
1126
1127
1128
1129
1131
1134
1135
1132
1137
1139
1140
1144
1143
1136
1138
1142
1141
1146
1145
1148
1149
1147
1150
1133
1151
1152
1153
1154
1155
1156
1157
1158
1159
1163
1164
1160
1165
1167
1166
1161
1162
1169
1173
1171
1170
1168
1174
1172
1175
1176
1177
1178
1179
1180
1130
1184
1182
1183
1181
1185
1186
1189
1190
1187
1191
1188
1192
1194
1196
1195
1193
1198
1197
1199
1201
1203
1200
1202
1204
1205
1206
1207
1208
1209
1212
1211
1210
1213
1214
1215
1217
1219
1216
1218
1223
1220
1221
1224
1222
1225
1226
1227
1228
1229
1230
1231
1232
1233
1234
1236
1235
1237
1242
1239
1240
1247
1238
1246
1248
1244
1243
1241
1245
1249
1250
1251
1252
1256
1253
1254
1257
1255
1259
1258
1260
1261
1264
1262
1263
1265
1266
1269
1267
1272
1268
1270
1271
1276
1273
1278
1277
1280
1274
1275
1279
1281
1282
1283
1284
1285
1287
1286
1289
1288
1291
1292
1290
1293
1302
1299
1297
1301
1296
1294
1295
1298
1300
1311
1304
1303
1307
1306
1305
1308
1310
1309
1312
1315
1321
1318
1317
1328
1326
1323
1316
1319
1331
1320
1322
1314
1327
1330
1325
1332
1329
1324
1334
1333
1341
1335
1342
1339
1343
1337
1346
1336
1340
1344
1338
1350
1349
1345
1348
1347
1351
1353
1352
1313
1354
1355
1357
1356
1359
1358
1360
1361
1362
1363
1364
1372
1371
1373
1369
1365
1367
1366
1370
1368
1374
1375
1376
1377
1379
1378
1380
1381
1382
1383
1384
1385
1387
1386
1393
1388
1390
1391
1392
1389
1394
1395
1396
1397
1398
1400
1399
1401
1402
1403
1404
1405
1406
1407
1414
1415
1417
1416
1408
1409
1412
1410
1411
1413
1421
1424
1420
1418
1423
1422
1427
1419
1426
1428
1425
1430
1431
1433
1432
1438
1434
1436
1435
1437
1440
1439
1441
1442
1448
1443
1447
1445
1444
1446
1449
1450
1453
1451
1454
1452
1457
1455
1456
1459
1458
1460
1461
1466
1463
1462
1465
1467
1464
1468
1469
1470
1472
1473
1471
1429
1478
1477
1475
1480
1482
1481
1484
1486
1483
1485
1488
1487
1489
1493
1491
1492
1490
1474
1497
1494
1495
1496
1498
1499
1500
1501
1502
1505
1504
1506
1507
1512
1508
1510
1509
1511
1513
1514
1515
1516
1517
1518
1479
1520
1523
1526
1524
1522
1529
1525
1519
1503
1528
1521
1527
1476
1537
1539
1536
1538
1541
1547
1545
1544
1540
1546
1549
1543
1542
1548
1530
1532
1533
1531
1534
1535
1551
1552
1550
1558
1561
1563
1560
1557
1556
1559
1553
1562
1555
1554
1564
1565
1571
1572
1568
1569
1570
1567
1566
1574
1573
1580
1576
1575
1581
1579
1577
1584
1582
1585
1586
1587
1591
1592
1590
1589
1588
1593
1594
1595
1597
1599
1603
1600
1602
1598
1596
1604
1601
1605
1608
1606
1607
1609
1610
1611
1612
1614
1613
1615
1616
1617
1619
1618
1620
1623
1621
1622
1624
1626
1627
1628
1625
1583
1578
1629
1630
1631
1632
1633
1634
1635
1637
1636
1639
1640
1643
1644
1642
1641
1638
1648
1646
1645
1649
1647
1650
1652
1651
1654
1653
1655
1656
1658
1657
1659
1660
1661
1663
1662
1666
1667
1664
1665
1668
1670
1672
1671
1674
1675
1673
1669
1677
1678
1676
1679
1680
1681
1682
1683
1684
1685
1686
1687
1688
1692
1690
1689
1694
1693
1691
1699
1698
1697
1695
1700
1696
1702
1703
1704
1701
1706
1707
1705
1708
1709
1712
1714
1711
1713
1710
1715
1720
1718
1717
1716
1719
1722
1723
1724
1721
1725
1727
1726
1728
1729
1730
1731
1732
1735
1734
1733
1742
1741
1743
1744
1747
1746
1748
1745
1740
1749
1750
1738
1739
1737
1751
1736
1752
1753
1754
1755
1758
1756
1757
1759
1760
1761
1762
1763
1765
1764
1769
1770
1766
1772
1771
1773
1768
1767
1775
1774
1776
1777
1778
1779
1780
1781
1783
1782
1784
1791
1789
1788
1786
1787
1792
1790
1795
1793
1794
1785
1797
1796
1798
1799
1801
1800
1804
1802
1803
1806
1805
1807
1808
1809
1811
1814
1815
1818
1810
1813
1816
1812
1821
1820
1819
1817
1824
1823
1822
1825
1826
1827
1828
1829
1831
1830
1835
1836
1834
1833
1841
1839
1832
1843
1847
1840
1838
1837
1845
1844
1850
1846
1849
1851
1848
1842
1852
1853
1854
1855
1869
1860
1862
1865
1866
1859
1870
1861
1868
1863
1871
1864
1858
1872
1867
1875
1873
1874
1856
1877
1878
1879
1882
1880
1883
1881
1886
1884
1887
1885
1888
1891
1889
1893
1894
1892
1890
1895
1896
1857
1897
1898
1899
1902
1900
1901
1904
1903
1906
1911
1910
1913
1909
1912
1914
1908
1907
1905
1915
1918
1917
1916
1876
1922
1923
1924
1925
1926
1928
1927
1929
1933
1932
1931
1937
1930
1936
1935
1934
1919
1921
1939
1940
1920
1938
1941
1942
1944
1943
1946
1945
1948
1950
1947
1949
1954
1953
1951
1955
1952
1960
1956
1958
1957
1959
1961
1962
1964
1963
1965
1966
1968
1967
1969
1970
1971
1973
1972
1974
1979
1976
1977
1978
1981
1982
1975
1983
1986
1985
1984
1980
1992
1990
1987
1991
1993
1988
1989
1994
1995
1996
1997
1999
1998
2000
2002
2005
2003
2001
2004
2011
2010
2006
2009
2012
2008
2013
2007
2014
2016
2015
2017
2020
2018
2019
2021
2022
2023
2024
2025
2026
2029
2027
2033
2032
2030
2031
2028
2034
2035
2036
2037
2039
2038
2041
2040
2043
2042
2045
2044
2046
2047
2048
2051
2050
2049
2052
2054
2053
2055
2057
2056
2061
2059
2058
2060
2062
2064
2063
2065
2066
2068
2067
2069
2070
2072
2071
2073
2074
2075
2076
2077
2080
2081
2083
2079
2084
2078
2082
2085
2086
2088
2087
2090
2089
2091
2092
2093
2095
2096
2097
2094
2098
2099
2100
2101
2103
2104
2105
2106
2107
2108
2109
2111
2110
2102
2112
2113
2115
2114
2116
2117
2118
2119
2120
2123
2122
2121
2125
2126
2124
2127
2128
2129
2130
2132
2131
2133
2134
2135
2137
2136
2138
2139
2140
2141
2142
2143
2144
2145
2146
2147
2148
2149
2150
2151
2152
2153
2154
2155
2156
2158
2159
2160
2162
2161
2157
2164
2165
2163
2166
2167
2168
2169
2170
2171
2172
2173
2174
2175
2176
2177
2179
2178
2180
2181
2184
2185
2187
2188
2183
2182
2189
2186
2190
2191
2192
2193
2194
2196
2197
2195
2198
2200
2199
2201
2202
2203
2204
2205
2206
2208
2210
2211
2207
2209
2214
2213
2215
2217
2216
2218
2219
2220
2221
2222
2223
2224
2225
2226
2212
2228
2229
2227
2230
2231
2232
2233
2236
2234
2235
2237
2238
2239
2241
2240
2242
2243
2244
2246
2245
2247
2249
2248
2250
2251
2252
2253
2256
2255
2254
2257
2258
2259
2260
2261
2262
2263
2264
2265
2266
2268
2267
2269
2270
2273
2272
2271
2274
2276
2275
2277
2278
2279
2280
2281
2282
2283
2284
2285
2286
2287
2289
2288
2290
2291
2292
2293
2294
2295
2296
2297
2298
2299
2300
2301
2302
2303
2304
2307
2309
2308
2305
2306
2310
2311
2312
2314
2316
2315
2313
2318
2317
2319
2320
2321
2322
2323
2324
2326
2325
2329
2327
2328
2331
2330
2332
2333
2335
2334
2338
2337
2339
2340
2341
2336
2343
2342
2344
2346
2347
2345
2349
2348
2350
2352
2353
2351
2354
2355
2356
2357
2358
2359
2360
2362
2363
2364
2365
2367
2369
2361
2368
2370
2366
2374
2372
2371
2375
2373
2377
2376
2378
2379
2380
2382
2381
2383
2384
2390
2385
2388
2389
2386
2387
2391
2393
2394
2392
2395
2401
2398
2403
2396
2400
2402
2399
2397
2404
2406
2408
2405
2407
2409
2410
2411
2412
2413
2414
2415
2416
2417
2418
2421
2420
2428
2440
2429
2427
2431
2419
2430
2436
2426
2423
2433
2439
2424
2435
2438
2437
2434
2432
2443
2442
2445
2444
2446
2451
2452
2449
2456
2448
2454
2457
2458
2453
2447
2450
2455
2425
2422
2462
2459
2460
2461
2468
2471
2464
2467
2465
2466
2472
2473
2463
2475
2469
2470
2474
2476
2477
2480
2481
2441
2482
2483
2484
2485
2486
2487
2488
2489
2494
2493
2497
2498
2496
2492
2491
2490
2500
2501
2499
2502
2503
2504
2507
2510
2509
2508
2511
2513
2514
2512
2515
2516
2518
2519
2517
2520
2478
2521
2522
2479
2525
2523
2524
2526
2527
2528
2530
2529
2532
2534
2531
2533
2537
2535
2539
2536
2538
2495
2540
2543
2544
2542
2541
2548
2545
2549
2546
2551
2553
2556
2555
2552
2554
2557
2558
2560
2562
2561
2559
2506
2505
2563
2564
2565
2566
2570
2568
2567
2571
2569
2572
2575
2574
2576
2577
2573
2578
2579
2580
2581
2583
2582
2584
2586
2585
2589
2588
2587
2590
2591
2592
2594
2593
2596
2595
2597
2598
2599
2550
2547
2600
2601
2602
2603
2604
2605
2606
2607
2608
2609
2610
2612
2611
2615
2613
2614
2616
2617
2618
2619
2620
2621
2622
2623
2624
2625
2626
2627
2628
2630
2629
2632
2631
2633
2634
2636
2635
2638
2637
2640
2639
2641
2642
2643
2644
2645
2646
2650
2649
2647
2648
2652
2651
2653
2655
2654
2656
62
64
31
63
32
35
27
29
33
34
67
75
65
68
66
73
77
74
76
78
79
86
140
87
113
147
157
90
88
89
158
167
168
218
222
242
219
221
238
239
246
244
220
247
248
250
252
254
253
251
256
258
259
257
255
261
262
263
264
266
265
268
267
269
367
957
907
967
963
960
966
959
965
961
968
971
972
969
973
974
975
976
977
978
979
980
982
983
984
985
987
990
986
988
999
998
996
995
1000
991
1001
994
992
993
1005
1009
1012
1011
1006
1007
1002
1008
1013
1003
1015
1014
1017
1020
1022
1024
1016
1021
1019
1018
1026
1027
1033
1028
1034
1030
1032
1036
1031
1037
1039
1038
1040
1042
1044
1043
1046
1047
1045
1049
1048
1041
1051
1054
1055
1056
1050
1058
1053
1052
1060
1057
1064
1068
1062
1069
1066
1071
1070
1061
1065
1067
1077
1072
1074
1078
1079
1073
1075
1081
1082
1080
1083
1084
1089
1085
1090
1088
1087
1091
1092
1093
1095
1096
1100
1098
1097
1101
1099
1103
1102
1105
1107
1108
1410
1411
1394
1393
1386
1385
1396
1397
1392
1395
1412
1413
1415
1414
1416
1421
1419
1420
1417
1418
1546
1551
1553
1552
1554
1555
1557
1559
1558
1560
1556
1669
1672
1671
1674
1673
1676
1677
1675
1679
1680
1681
1682
1678
1683
1686
1684
1685
1687
1688
1689
1690
1693
1691
1694
1695
1700
1697
1704
1702
1701
1703
1698
1696
1706
1707
1708
1705
1709
1713
1714
1710
1712
1711
1717
1719
1715
1716
1722
1723
1724
1718
1720
1725
1732
1727
1726
1731
1733
1736
1730
1734
1728
1729
1738
1742
1740
1744
1747
1737
1741
1746
1739
1745
1748
1749
1751
1756
1757
1753
1755
1752
1754
1758
1766
1762
1765
1768
1769
1760
1761
1763
1764
1767
1771
1773
1774
1772
1947
1945
1950
1949
1946
1948
1951
1952
1953
1954
1955
1957
1956
1960
1958
1959
1961
1964
1962
1967
1965
1963
1966
1968
2092
2091
2094
2095
2096
2098
2106
2107
2105
2097
2100
2102
2101
2103
2104
2099
2110
2116
2108
2112
2109
2113
2111
2114
2115
2117
2118
2119
2120
2121
2123
2124
2126
2125
2137
2141
2154
2155
2156
2193
2192
2194
2157
2191
64
31
62
29
34
63
35
32
27
33
68
66
75
74
76
73
77
65
78
67
79
88
87
86
89
113
140
158
167
90
147
218
157
168
219
220
222
221
238
247
244
242
239
246
248
250
252
251
253
255
256
257
258
254
259
261
263
262
264
266
265
268
267
269
959
957
960
907
961
966
967
963
965
971
969
968
972
973
976
975
974
977
978
979
980
983
982
985
987
984
986
988
990
991
367
992
993
994
995
996
998
999
1002
1000
1001
1003
1005
1006
1007
1009
1008
1014
1012
1013
1011
1016
1015
1020
1018
1019
1017
1024
1022
1026
1021
1027
1028
1033
1032
1030
1031
1038
1034
1037
1036
1040
1039
1044
1041
1043
1042
1045
1046
1047
1048
1049
1050
1051
1053
1054
1052
1055
1056
1057
1058
1061
1060
1062
1066
1065
1064
1067
1068
1069
1070
1071
1072
1073
1074
1079
1077
1078
1075
1080
1082
1081
1083
1093
1088
1087
1090
1092
1089
1095
1084
1091
1085
1096
1097
1107
1102
1100
1099
1098
1105
1101
1103
1108
1385
1386
1396
1394
1397
1395
1392
1393
1410
1411
1412
1413
1421
1551
1552
1546
1553
1555
1554
1556
1558
1557
1420
1419
1416
1418
1414
1415
1417
1560
1559
1671
1676
1669
1672
1677
1673
1674
1675
1678
1679
1680
1681
1685
1684
1682
1683
1687
1686
1688
1689
1690
1693
1697
1695
1698
1691
1696
1694
1700
1701
1702
1703
1709
1704
1712
1711
1710
1707
1705
1706
1708
1713
1718
1717
1719
1720
1722
1716
1714
1723
1715
1724
1725
1726
1727
1728
1736
1730
1739
1734
1737
1732
1731
1729
1738
1733
1740
1742
1744
1745
1748
1749
1747
1741
1751
1746
1752
1753
1754
1758
1755
1756
1757
1763
1761
1762
1760
1765
1764
1766
1771
1772
1773
1946
1774
1769
1945
1767
1768
1947
1949
1948
1950
1955
1951
1956
1954
1952
1953
1957
1958
1959
1960
1967
1964
1961
1962
1963
1965
1966
1968
2091
2092
2094
2095
2096
2100
2097
2099
2101
2103
2098
2102
2104
2105
2107
2109
2110
2112
2108
2113
2106
2111
2114
2115
2118
2116
2117
2124
2125
2121
2119
2120
2123
2126
2141
2137
2193
2157
2154
2156
2194
2192
2191
2155
8
2
5
1
4
0
6
9
7
3
13
15
16
11
17
18
19
14
12
10
33
38
35
37
36
30
32
39
31
34
41
40
43
44
42
49
45
47
48
46
50
54
58
51
52
56
53
57
59
55
60
63
65
62
66
68
69
61
67
64
70
72
71
73
79
78
74
76
75
77
80
82
81
83
85
86
87
84
89
88
90
91
92
93
96
94
98
99
95
97
100
103
102
101
105
104
108
107
109
106
110
112
113
111
114
115
117
116
119
118
120
121
123
122
126
125
124
127
129
128
130
131
132
133
136
134
135
139
137
138
140
141
142
143
149
147
144
146
145
148
150
151
153
152
157
154
155
159
158
156
160
161
162
163
164
165
166
167
168
169
170
171
172
173
174
175
179
176
177
178
180
181
183
182
184
185
187
189
186
188
190
191
192
193
194
195
196
199
198
197
200
201
203
202
204
205
208
207
206
209
210
211
212
213
214
215
216
219
217
218
220
221
223
222
224
225
226
228
227
229
230
231
233
232
234
235
236
237
238
239
240
241
242
243
244
245
246
247
248
249
250
251
253
252
254
255
256
257
260
258
259
261
262
263
264
265
266
267
269
268
270
271
272
273
274
275
276
277
278
280
279
281
283
282
284
285
286
287
288
290
289
291
292
293
294
295
296
297
298
299
300
301
302
303
304
305
306
307
308
310
309
311
313
312
314
315
316
317
318
320
319
321
323
322
324
325
326
328
327
329
330
331
332
333
334
335
336
338
337
340
339
341
342
343
344
345
346
348
347
349
350
351
352
353
354
355
356
357
358
359
360
361
362
363
364
365
366
367
368
369
370
371
372
373
374
375
376
377
378
379
380
381
382
383
384
385
386
387
388
389
390
391
392
393
394
395
396
397
398
399
400
401
402
403
404
405
406
407
408
409
410
411
412
413
414
415
416
417
418
419
420
421
422
423
424
425
426
427
429
428
430
431
432
433
434
435
436
437
438
440
439
441
442
443
444
445
446
447
450
448
449
451
452
453
454
455
456
457
460
458
459
461
462
463
464
465
466
467
468
470
471
469
472
473
474
475
476
477
478
479
480
481
482
483
484
485
486
487
488
489
490
491
492
493
494
495
496
497
501
504
506
502
505
503
507
509
508
511
510
514
513
512
515
516
517
518
519
521
520
522
523
524
525
527
528
526
530
529
531
532
534
533
535
537
536
538
539
540
541
542
543
544
545
546
547
548
549
550
551
552
553
554
555
557
556
558
559
560
562
561
563
565
564
566
567
568
569
570
571
572
573
574
575
576
577
578
579
585
580
583
581
582
584
586
587
588
589
590
592
593
591
594
597
598
596
595
599
600
601
602
604
605
606
607
603
608
610
609
611
612
613
614
615
616
617
618
619
620
621
622
623
624
627
626
628
625
630
629
631
634
635
636
637
638
640
639
641
642
643
644
646
645
647
648
649
650
651
653
654
652
656
655
657
658
659
660
661
662
663
664
666
665
667
668
669
670
671
673
674
672
676
675
677
678
679
680
681
682
683
684
685
686
687
688
689
690
691
692
693
694
696
695
697
698
699
700
701
702
704
703
705
706
707
708
709
710
711
712
713
714
716
715
718
717
719
720
721
724
722
723
725
726
727
728
729
730
731
734
732
733
736
735
738
737
739
740
741
743
742
744
745
746
748
747
749
750
751
752
754
753
757
758
759
760
761
762
764
763
756
755
766
765
767
768
769
770
772
771
773
774
775
776
777
778
779
780
781
782
783
784
786
785
787
788
789
790
792
791
794
793
796
795
797
798
799
800
802
801
805
806
807
808
809
810
812
811
803
804
814
813
815
816
817
818
820
819
821
822
823
824
825
826
827
828
830
829
831
832
833
834
835
836
837
838
840
839
841
842
843
844
845
846
847
848
849
850
851
852
853
854
855
856
857
858
860
859
861
862
863
865
864
866
867
868
869
870
871
872
873
874
875
876
877
878
880
879
881
882
883
884
885
886
887
888
890
889
891
892
893
895
894
896
897
898
900
899
901
902
903
905
904
906
907
908
910
909
919
920
911
912
913
916
914
915
917
918
922
921
923
924
925
927
926
928
929
930
931
932
933
934
935
936
937
938
939
940
942
941
943
944
945
946
948
947
949
950
952
951
954
953
955
958
959
956
957
960
962
961
965
967
966
968
969
970
972
971
963
964
973
974
975
976
977
978
979
980
982
981
983
984
986
987
985
988
990
989
992
991
993
999
998
1000
1002
1001
1003
994
996
995
997
1006
1004
1005
1007
1008
1009
1010
1013
1011
1012
1014
1016
1015
1017
1018
1019
1020
1022
1023
1021
1026
1025
1024
1027
1028
1031
1035
1032
1030
1034
1033
1029
1036
1037
1038
1039
1040
1043
1042
1041
1046
1044
1045
1048
1047
1049
1050
1051
1052
1055
1053
1056
1054
1058
1057
1059
1060
1061
1062
1063
1064
1065
1066
1067
1068
1069
1070
1071
1072
1073
1074
1075
1076
1078
1079
1077
1080
1081
1082
1083
1084
1086
1085
1087
1088
1089
1090
1091
1092
1093
1094
1096
1095
1097
1099
1098
1101
1100
1102
1103
1104
1106
1105
1107
1109
1108
1111
1112
1110
1113
1114
1115
1116
1117
1118
1119
1120
1122
1121
1123
1124
1126
1125
1127
1128
1129
1130
1131
1132
1133
1134
1135
1136
1137
1138
1139
1140
1142
1141
1143
1144
1145
1146
1147
1149
1148
1150
1152
1151
1153
1154
1156
1155
1157
1158
1159
1160
1161
1162
1163
1164
1166
1165
1167
1169
1168
1170
1172
1173
1171
1174
1176
1175
1177
1178
1179
1180
1183
1184
1181
1182
1186
1185
1187
1188
1189
1190
1194
1191
1193
1192
1195
1196
1197
1199
1198
1200
1202
1204
1201
1205
1206
1203
1207
1209
1208
1210
1214
1212
1215
1213
1216
1211
1217
1219
1218
1220
1221
1222
1223
1226
1224
1225
1227
1229
1228
1230
1231
1232
1233
1235
1234
1236
1237
1238
1239
1240
1251
1252
1253
1254
1255
1256
1257
1258
1259
1260
1261
1262
1263
1264
1265
1266
1267
1269
1270
1268
1271
1272
1273
1274
1276
1275
1277
1279
1280
1278
1281
1282
1283
1284
1285
1286
1287
1288
1290
1289
1291
1292
1293
1294
1296
1295
1297
1299
1298
1300
1301
1302
1303
1304
1305
1306
1307
1310
1308
1309
1311
1312
1313
1314
1315
1316
1317
1318
1319
1320
1321
1324
1323
1322
1326
1325
1327
1330
1328
1329
1331
1333
1334
1332
1335
1336
1337
1340
1338
1339
1341
1342
1343
1344
1345
1346
1347
1348
1350
1349
1351
1352
1353
1354
1355
1356
1357
1358
1359
1360
1361
1362
1363
1364
1366
1365
1367
1370
1369
1368
1371
1373
1372
1374
1375
1376
1377
1378
1380
1379
1381
1382
1384
1383
1385
1386
1387
1388
1390
1389
1391
1392
1393
1394
1396
1395
1397
1398
1399
1400
1401
1402
1403
1404
1405
1406
1407
1408
1409
1410
1411
1412
1413
1414
1415
1416
1417
1418
1419
1420
1421
1422
1423
1424
1426
1425
1427
1428
1429
1430
1431
1432
1433
1434
1436
1435
1437
1438
1439
1440
1441
1442
1443
1444
1446
1445
1447
1448
1449
1450
1451
1452
1453
1454
1455
1456
1457
1458
1459
1460
1461
1462
1463
1464
1465
1466
1467
1468
1470
1469
1471
1473
1472
1474
1476
1475
1477
1478
1480
1479
1481
1482
1483
1484
1486
1485
1487
1488
1490
1489
1491
1493
1492
1494
1496
1495
1497
1498
1499
1500
1501
1502
1503
1504
1506
1505
1507
1508
1509
1510
1511
1512
1514
1513
1515
1516
1517
1518
1520
1519
1521
1522
1523
1524
1527
1526
1525
1528
1530
1529
1531
1532
1534
1533
1536
1535
1537
1538
1539
1540
1541
1542
1544
1543
1545
1547
1546
1548
1549
1550
1551
1552
1554
1553
1557
1556
1555
1558
1559
1560
1561
1562
1564
1563
1565
1567
1566
1568
1570
1569
1571
1572
1573
1574
1575
1577
1576
1578
1580
1579
1581
1582
1584
1583
1587
1585
1586
1588
1590
1589
1591
1592
1593
1594
1595
1596
1597
1598
1599
1600
1601
1602
1603
1604
1607
1606
1605
1608
1609
1610
1611
1612
1614
1613
1615
1616
1617
1618
1620
1619
1621
1622
1623
1624
1627
1626
1625
1628
1630
1629
1631
1632
1634
1633
1635
1637
1636
1638
1640
1639
1641
1642
1643
1644
1647
1646
1645
1648
1650
1649
1651
1652
1654
1653
1655
1657
1656
1658
1659
1660
1661
1662
1663
1664
1665
1667
1666
1668
1669
1670
1671
1672
1674
1673
1675
1677
1676
1678
1679
1680
1681
1682
1683
1684
1685
1687
1686
1688
1690
1689
1691
1692
1694
1693
1695
1697
1696
1698
1700
1699
1701
1702
1703
1704
1705
1707
24
23
20
28
26
27
22
21
29
25
499
500
498
632
633
1243
1246
1242
1247
1249
1244
1245
1250
1248
1241
1706
1716
1712
1710
1709
1715
1713
1714
1708
1711
1718
1717
1720
1723
1719
1725
1722
1726
1721
1724
1727
1729
1730
1728
1732
1731
1734
1736
1735
1733
1737
1738
1739
1740
1741
1742
1745
1744
1743
1746
1747
1748
1749
1750
1751
1753
1752
1754
1755
1756
1757
1758
1760
1759
1761
1765
1763
1764
1762
1766
1767
1768
1769
1771
1770
1772
1775
1774
1773
1776
1780
1779
1778
1781
1777
1782
1783
1784
1785
1790
1788
1787
1786
1789
1791
1792
1795
1794
1793
1797
1796
1798
1801
1799
1800
1805
1804
1802
1803
1806
1807
1808
1812
1814
1811
1809
1810
1815
1813
1816
1817
1818
1819
1820
1821
1823
1825
1822
1824
1828
1827
1826
1829
1831
1830
1832
1835
1838
1833
1834
1836
1837
1839
1841
1840
1842
1843
1844
1847
1846
1845
1848
1849
1850
1851
1852
1853
1854
1855
1856
1857
1858
1859
1860
1861
1862
1863
1864
1865
1866
1867
1868
1869
1870
1872
1871
1873
1874
1875
1876
1877
1878
1879
1880
1881
1882
1884
1883
1885
1886
1888
1887
1889
1890
1891
1892
1893
1894
1895
1896
1898
1897
1899
1900
1901
1902
1903
1904
1905
1907
1906
1908
1909
1911
1910
1912
1913
1914
1915
1916
1918
1917
1919
1920
1921
1922
1923
1924
1925
1926
1927
1928
1929
1930
1933
1931
1934
1932
1935
1936
1937
1938
1939
1940
1941
1943
1942
1944
1945
1947
1946
1949
1948
1950
1951
1952
1953
1954
1955
1956
1957
1958
1960
1959
1961
1962
1963
1964
1965
1966
1967
1968
1970
1969
1972
1971
1973
1974
1975
1976
1977
1978
1980
1979
1981
1982
1983
1984
1985
1986
1987
1989
1990
1988
1991
1992
1993
1994
1996
1997
1995
1999
1998
2000
2001
2002
2003
2006
2005
2004
2007
2008
2009
2010
2011
2012
2013
2014
2016
2015
2017
2019
2018
2020
2021
2022
2023
2024
2027
2026
2025
2029
2028
2030
2031
2032
2033
2034
2035
2037
2036
2038
2039
2041
2040
2042
2043
2044
2045
2047
2046
2048
2049
2050
2051
2053
2052
2054
2055
2056
2058
2057
2059
2060
2061
2062
2063
2064
2065
2068
2066
2067
2069
2070
2071
2072
2073
2074
2075
2078
2076
2079
2077
2080
2081
2082
2083
2084
2085
2086
2087
2088
2089
2090
2091
2092
2093
2094
2095
2096
2097
2098
2099
2100
2101
2102
2103
2104
2105
2106
2107
2108
2109
2110
2111
2112
2113
2114
2115
2116
2117
2118
2119
2120
2121
2122
2123
2124
2126
2125
2127
2128
2129
2130
2131
2132
2133
2135
2136
2134
2137
2138
2140
2139
2141
2142
2143
2144
2145
2146
2147
2148
2151
2150
2149
2152
2153
2154
2155
2156
2157
2158
2159
2161
2163
2160
2162
2164
2166
2165
2167
2168
2169
2170
2172
2173
2171
2176
2175
2174
2177
2178
2179
2180
2181
2183
2182
2186
2185
2184
2187
2188
2189
2190
2191
2192
2193
2196
2195
2194
2197
2198
2199
2203
2200
2201
2202
18
59
97
95
71
168
121
167
183
131
119
185
205
206
222
221
286
239
241
254
287
234
295
298
300
299
302
308
312
307
313
314
322
341
342
365
408
396
439
426
418
444
454
427
448
456
463
457
464
478
481
465
468
479
490
469
494
497
498
501
505
502
529
510
525
539
549
553
557
548
563
562
576
603
598
642
648
672
646
710
688
724
731
733
741
787
796
797
746
827
818
798
805
819
868
873
870
1011
1028
1015
984
1023
936
1031
991
918
947
1034
1045
1057
1083
1089
1117
1078
1121
1084
1129
1138
1142
1149
1173
1179
1190
1227
1228
1211
1223
1215
1208
1230
1218
1259
1241
1266
1268
1282
1312
1279
1284
1272
1271
1330
1308
1338
1339
1348
1347
1354
1374
1375
1380
1393
1384
1400
1398
1402
1410
1413
1430
1436
1458
1444
1460
1479
1463
1482
1495
1497
1504
1507
1509
1523
1530
1519
1527
1543
1542
1541
1539
1540
1544
1545
1546
1550
1547
1548
1555
1551
1559
1560
1552
1556
1561
1562
1565
1564
1580
1581
1584
1585
1575
1586
1588
1592
1587
1599
1593
1601
1605
1603
1594
1591
1615
1631
1643
1652
1642
1639
1640
1656
1658
1641
1654
1644
1659
1690
1671
1670
1692
1691
1678
1676
1696
1675
1697
1700
1699
1728
1716
1729
1721
1727
1706
1712
1709
1734
1733
1738
1737
1763
1769
1762
1761
1749
1752
1770
1772
1775
1774
1792
1795
1806
1837
1845
1850
1851
1878
1823
1856
1887
1892
1901
1914
1925
1930
1924
1919
1929
1941
1949
1950
1948
1952
1977
1978
1988
1986
1969
1962
1996
2000
2003
2016
2019
2057
2026
2051
2041
2063
2059
2064
2047
2030
2072
2067
2075
2070
2085
2079
2076
2083
2086
2081
2087
2091
2088
2089
2094
2098
2096
2101
2112
2110
2099
2093
2108
2092
2114
2117
2131
2157
2154
2167
2140
2129
2134
2159
2132
2171
2180
2192
2176
2215
2212
2218
2219
2198
2213
2220
2222
2235
2233
2278
2267
2276
2262
2280
2273
2279
2277
2285
2345
2380
2355
2302
2299
2493
2497
2494
2496
2498
2499
2501
2502
2504
2503
2505
2509
2507
2510
2508
2511
2512
2513
2518
2531
2519
2516
2533
2536
2535
2538
2542
2544
2543
2553
2551
2549
2554
2556
2577
2570
2579
2596
2575
2606
121
119
167
239
287
241
205
206
168
286
1084
1078
1121
1083
1089
1129
1149
1142
1117
1138
1173
1190
1208
1211
1227
1218
1223
1230
1228
1215
1594
1592
1546
1545
1631
1605
1603
1950
1952
1774
1996
1988
1986
1962
2016
2003
2000
1978
1977
1969
2026
2041
2063
2057
2064
2019
2059
2030
2051
2047
2067
2070
2076
2075
2083
2079
2085
2072
2087
2081
2086
2089
2091
2088
2092
2094
2493
2494
2551
2553
2554
2556
2596
