3426129
326
412
110
228
295
287
314
120
105
509
584
649
659
653
669
684
687
696
648
706
739
731
741
764
784
768
791
786
776
808
819
820
822
862
868
882
885
926
884
880
960
962
969
976
978
982
1002
1006
1011
1012
1027
1026
1037
1038
1048
1072
1098
1078
1083
1067
1105
1148
1135
1159
1130
1174
1177
1232
1212
1223
1239
1241
1278
1309
1263
1311
1331
1333
1374
1388
1367
1357
1396
1360
1375
1416
1413
1432
1438
1454
1533
1536
1528
1487
1547
1527
1451
1555
1556
1604
1619
1563
1621
1819
1579
1551
1823
1643
1662
1629
1807
1840
1870
1881
1841
1989
1954
1944
1997
1900
2083
2070
2100
2072
2108
2125
2164
1794
2218
2245
2246
2252
2296
2321
2364
2382
2367
2443
2277
2316
2450
2456
2502
2510
2548
2583
2560
2604
2640
2668
2669
2679
2689
2702
2711
2777
2763
2800
2805
2807
2840
2821
2844
2863
2858
2866
2899
2885
2896
2901
2911
2921
2925
2928
2891
3140
2941
3040
2988
3242
3246
3224
3245
2982
3252
3284
3322
3348
3501
3532
3507
3541
3570
3591
3395
3598
3593
3602
3614
2937
3629
3637
3643
3649
3662
3704
3712
3729
3744
3757
3775
3766
3833
3861
3685
3877
3789
3908
3912
3938
3939
3887
3953
3966
3972
3980
3576
3989
3918
4081
4080
4135
4106
4037
4151
4247
4275
4288
4328
4300
4340
4362
4385
4469
4485
4335
4492
4507
4553
4563
4572
4582
4595
4622
4624
4625
3975
4652
4661
4743
4861
4770
4784
4864
5068
4890
4964
4903
5007
5014
4912
4968
5079
4946
5094
5117
5152
5247
5215
5228
5243
5120
5251
5223
5257
5258
5259
5264
5267
5260
5262
5263
5266
5261
5269
5268
5270
5274
5278
5276
5271
5279
5273
5272
5275
5277
5283
5286
5289
5287
5288
5291
5293
5292
5290
5285
5294
5297
5296
5298
5299
5304
5302
5300
5295
5301
5303
5306
5305
5310
5308
5311
5309
5307
5312
5313
5314
5315
5317
5316
5319
5321
5322
5320
5324
5323
5318
5325
5326
5327
5331
5332
5333
5334
5328
5335
5330
5329
5336
5337
5339
5344
5340
5346
5343
5341
5342
5348
5347
5345
5349
5350
5351
5352
5353
5355
5354
5358
5356
5359
5357
5360
5361
5362
5363
5367
5365
5364
5369
5366
5368
5370
5371
5372
5373
5376
5375
5374
5379
5377
5378
5380
5381
5382
5383
5384
5388
5387
5390
5386
5393
5385
5389
5391
5392
5400
5399
5396
5401
5403
5402
5394
5395
5410
5406
5408
5409
5397
5411
5398
5404
5413
5416
5414
5412
5415
5417
5418
5419
5407
5405
5420
5421
5425
5422
5423
5424
5426
5429
5428
5430
5431
5435
5427
5434
5433
5432
5437
5439
5440
5436
5444
5445
5443
5446
5441
5447
5449
5448
5450
5451
5454
5453
5452
5455
5456
5458
5457
5459
5460
5461
5463
5462
5464
5466
5438
5467
5469
5470
5471
5472
5473
5475
5474
5478
5476
5477
5479
5482
5480
5485
5484
5487
5483
5488
5489
5486
5490
5491
5465
5493
5494
5496
5495
5497
5498
5499
5501
5504
5503
5506
5505
5502
5509
5508
5507
5500
5510
5511
5513
5514
5515
5518
5516
5512
5517
5521
5520
5519
5522
5524
5523
5525
5527
5526
5528
5529
5531
5532
5533
5530
5536
5535
5537
5534
5538
5539
5540
5541
5543
5544
5546
5542
5548
5547
5550
5551
5545
5552
5553
5554
5556
5557
5558
5559
5561
5562
5560
5563
5564
5565
5567
5568
5569
5570
5571
5572
5574
5575
5573
5576
5578
5577
5579
5581
5580
5584
5585
5583
5586
5587
5589
5582
5588
5591
5590
5595
5596
5598
5599
5600
5593
5601
5594
5603
5605
5602
5608
5606
5607
5609
5610
5611
5618
5614
5615
5613
5612
5617
5620
5592
5619
5621
5625
5626
5631
5623
5629
5630
5624
5627
5622
5628
5633
5636
5635
5637
5632
5634
5641
5639
5642
5640
5647
5651
5650
5645
5656
5653
5648
5654
5643
5644
5652
5649
5658
5661
5659
5660
5657
5662
5666
5663
5665
5664
5667
5669
5670
5671
5672
5673
5676
5674
5675
5677
5678
5679
5680
5681
5682
5684
5683
5686
5685
5687
5688
5689
5691
5690
5692
5693
5694
5698
5695
5697
5699
5696
5702
5701
5700
5703
5704
5705
5706
5708
5710
5709
5707
5715
5711
5713
5714
5712
5716
5717
5718
5721
5720
5722
5726
5719
5724
5725
5727
5729
5728
5730
5731
5732
5733
5734
5735
5738
5736
5739
5737
5740
5742
5741
5743
5744
5748
5746
5749
5745
5750
5747
5752
5753
5751
5754
5755
5759
5756
5758
5757
5760
5761
5762
5763
5764
5765
5770
5768
5766
5769
5767
5771
5772
5773
5774
5775
5776
5777
5778
5779
5781
5782
5780
5783
5784
5785
5786
5787
5788
5794
5791
5789
5790
5793
5795
5796
5798
5797
5799
5800
5801
5802
5804
5803
5805
5807
5808
5813
5812
5809
5811
5806
5810
5816
5822
5821
5818
5819
5820
5823
5824
5827
5832
5825
5829
5828
5831
5830
5833
5836
5834
5839
5815
5814
5817
5837
5835
5840
5843
5841
5842
5846
5845
5847
5848
5849
5850
5851
5838
5855
5853
5856
5857
5852
5858
5859
5860
5854
5861
5863
5865
5867
5866
5868
5869
5870
5872
5871
5874
5875
5873
5862
5864
5876
5878
5877
5879
5880
5883
5885
5884
5881
5882
5888
5887
5886
5844
5889
5890
5891
5899
5898
5894
5893
5892
5896
5897
5895
5900
5901
5902
5903
5904
5907
5908
5905
5909
5906
5910
5912
5913
5914
5911
5920
5922
5923
5924
5916
5917
5915
5925
5927
5919
5918
5921
5928
5929
5930
5931
5932
5933
5936
5934
5935
5937
5940
5943
5944
5942
5939
5938
5945
5941
5946
5947
5948
5949
5951
5954
5950
5953
5955
5952
5956
5957
5958
5960
5966
5965
5963
5961
5964
5968
5926
5962
5967
5973
5969
5974
5976
5970
5977
5972
5971
5975
5978
5983
5982
5984
5987
5986
5988
5985
5980
5979
5981
5990
5992
5989
5994
5993
5991
5995
5996
5997
5998
5999
6000
6003
6001
6002
6004
6005
6006
6007
6009
6008
6010
6012
6013
6014
6015
6016
6017
6019
6020
6021
6022
6026
6023
6024
6025
6028
6027
6029
6032
6030
6031
6034
6033
6035
6038
6039
6036
6037
6040
6042
6041
6045
6044
6043
6046
6051
6049
6047
6048
6050
6052
6053
6055
6056
6054
6057
6058
6059
6060
6062
6061
6066
6064
6067
6063
6068
6069
6070
6071
6073
6074
6075
6076
6078
6077
6079
6082
6080
6081
6083
6084
6085
6086
6087
6088
6089
6092
6095
6090
6094
6091
6093
6098
6096
6097
6099
6100
6101
6104
6103
6105
6102
6106
6147
6172
6141
6178
6195
6205
6206
6221
6214
6233
6343
6250
6316
6412
6420
6437
6522
6491
6499
6573
6628
6651
6590
6673
6607
6675
6683
6677
6686
6688
6690
6691
6712
6727
6787
6720
6756
6794
6741
6811
6824
6846
6847
6854
6873
6900
6857
6856
6899
6893
6904
6954
7020
7015
6922
6923
6937
6961
6968
7017
7025
7055
7067
7091
7079
7040
7081
7120
7121
7127
7132
7133
7138
7164
7190
7204
7231
7270
7247
7275
7272
7276
7277
7293
7297
7309
7316
7326
7324
7337
7341
7349
7361
7371
7377
7420
7425
7475
7498
7507
7534
7505
7548
7529
7506
7541
7527
7589
7591
7619
7633
7660
7691
7714
7735
7734
7726
7748
7755
7758
7773
7768
7774
7779
7780
7801
7810
7812
7815
7825
7833
7844
7856
7857
7862
7932
8007
7941
7965
8455
7927
7872
7936
8240
8323
8631
8675
8744
8636
8708
8717
8817
8777
8668
8797
8843
8847
8878
8883
8951
8923
8969
8933
8976
8967
9035
9021
9044
9076
9085
9111
9148
9166
9222
9218
9181
9180
9267
9262
9279
9294
9329
9322
9373
9384
9389
9417
9404
9418
9419
9447
9453
9454
9455
9470
9479
9475
9498
9491
9503
9438
9504
9474
9527
9531
9542
9541
9557
9561
9593
9583
9576
9595
9601
9565
9612
9618
9625
9630
9631
9643
9635
9659
9650
9662
9652
9666
9668
9692
9701
9713
9714
9728
9739
9743
9764
9767
9776
9793
9756
9811
9822
9825
9856
9855
9852
9881
9902
9895
9888
