1
7
4
5
2
8
3
0
6
9
11
12
10
14
13
16
15
17
18
19
22
21
23
20
24
25
29
30
26
28
27
33
32
31
34
35
36
37
39
38
40
42
43
41
44
46
47
48
50
51
52
45
49
53
54
55
56
57
58
61
62
60
59
63
64
66
67
65
73
69
71
70
68
75
76
77
72
79
80
83
84
85
81
78
87
82
86
89
88
91
90
92
93
94
98
102
97
99
100
101
103
104
106
108
107
105
109
74
110
111
113
114
115
112
117
116
118
119
122
120
121
123
125
124
126
127
130
128
129
131
134
132
133
137
136
138
139
140
142
141
145
144
143
146
147
148
149
150
153
155
154
156
157
135
152
151
158
160
159
163
164
166
165
167
161
162
168
169
170
171
173
176
177
174
175
172
178
179
181
180
182
185
183
186
184
187
188
189
191
192
190
194
193
196
195
198
197
199
200
202
201
203
204
206
205
208
209
207
212
211
213
215
216
214
210
219
217
220
218
221
222
223
225
224
96
95
229
233
226
230
228
227
231
232
235
234
238
236
237
242
239
241
244
243
245
240
247
246
248
250
253
249
251
255
254
252
256
258
257
259
261
260
262
264
263
265
267
266
268
269
270
271
272
275
274
278
273
276
277
279
281
280
282
283
284
285
287
288
286
289
290
291
292
294
293
297
296
295
298
300
299
301
302
303
304
306
305
308
307
314
309
312
310
311
313
315
318
317
316
321
322
320
324
319
323
325
327
326
328
329
333
331
332
330
334
338
336
337
335
339
340
341
342
343
344
345
348
347
346
349
351
350
352
353
354
355
357
356
359
358
360
361
362
363
364
365
368
367
366
369
371
372
370
373
374
375
377
378
376
379
380
382
384
381
383
385
386
387
388
389
390
391
393
394
392
395
396
398
397
400
399
401
403
402
404
405
406
407
408
410
411
409
415
413
412
414
418
417
420
421
416
422
423
424
426
427
428
429
419
430
431
433
432
434
425
435
437
439
438
436
440
441
442
443
444
445
448
447
449
446
450
452
453
451
454
455
459
456
458
457
461
460
464
462
463
465
469
466
467
468
470
471
474
472
473
475
478
477
483
481
484
486
476
482
485
480
479
487
488
489
492
493
494
496
490
495
491
497
498
499
506
501
502
504
505
500
503
507
508
509
511
510
513
512
515
516
514
518
517
519
520
521
522
523
524
525
528
526
527
529
530
531
532
534
533
535
537
538
536
539
541
540
542
543
544
546
545
547
549
548
550
551
552
553
554
555
556
557
558
561
559
562
560
563
564
565
566
567
568
570
572
573
569
571
574
575
576
578
577
579
580
581
582
583
584
585
586
588
587
589
590
591
592
594
593
596
595
597
598
599
600
601
603
602
604
608
606
605
607
609
610
611
613
612
616
615
614
618
617
619
620
621
622
623
624
625
626
627
629
628
630
631
632
633
634
641
642
637
638
639
640
635
636
644
643
646
647
649
651
653
648
654
645
650
652
655
657
658
663
661
659
660
656
664
662
665
666
668
674
669
673
667
671
672
670
677
676
675
678
680
684
683
682
679
681
685
687
686
688
693
694
695
689
692
696
691
690
697
700
698
699
702
701
704
706
707
705
703
709
708
710
711
712
713
717
716
715
714
719
720
718
722
721
723
724
726
727
725
731
730
732
729
728
733
734
735
736
737
740
741
742
739
738
743
744
745
746
747
750
748
754
749
752
755
753
751
756
757
758
763
759
761
762
760
765
767
766
764
768
772
774
769
770
776
775
777
771
773
778
781
787
786
780
783
785
779
788
782
784
789
791
792
790
796
795
793
802
804
801
800
797
794
798
799
803
814
813
808
812
811
807
809
806
805
810
822
815
819
820
824
823
816
817
821
818
831
828
827
826
832
830
825
834
833
829
835
836
840
839
837
838
844
841
842
843
845
846
847
848
850
854
853
852
851
849
855
856
857
858
859
864
861
862
860
863
865
866
867
868
869
870
873
872
871
874
876
875
877
878
879
883
880
884
882
881
886
885
887
888
889
891
890
896
894
892
895
898
899
893
897
900
901
904
903
902
905
906
908
907
909
910
911
912
914
913
915
917
916
919
918
920
921
922
924
923
925
927
926
928
929
930
931
932
933
934
940
937
935
938
936
939
941
942
943
944
947
946
949
945
950
948
952
954
957
951
953
961
956
958
962
955
960
959
964
965
971
970
968
969
967
972
963
966
973
974
975
976
977
981
978
980
979
982
984
983
985
986
992
990
988
991
989
987
993
994
995
996
999
1002
998
1001
1000
1004
997
1005
1003
1006
1007
1008
1010
1011
1009
1012
1014
1016
1013
1017
1015
1018
1020
1022
1025
1021
1024
1027
1028
1023
1026
1019
1029
1030
1032
1031
1037
1034
1035
1038
1033
1036
1040
1039
1041
1042
1043
1048
1044
1045
1047
1046
1049
1050
1051
1052
1053
1054
1055
1056
1059
1058
1060
1063
1062
1057
1061
1065
1064
1066
1067
1071
1072
1068
1070
1069
1073
1074
1075
1076
1077
1078
1079
1080
1081
1083
1082
1085
1084
1086
1087
1088
1089
1090
1091
1094
1093
1095
1092
1096
1097
1098
1099
1100
1101
1103
1102
1107
1105
1104
1106
1109
1108
1110
1115
1114
1118
1116
1113
1112
1120
1119
1111
1117
1121
1124
1129
1126
1127
1130
1128
1125
1123
1122
1131
1133
1132
1139
1134
1137
1140
1135
1138
1136
1142
1141
1143
1144
1150
1147
1146
1145
1148
1149
1152
1151
1153
1154
1155
1158
1156
1160
1159
1157
1163
1164
1162
1161
1165
1167
1166
1170
1169
1168
1172
1171
1173
1174
1175
1176
1179
1180
1177
1178
1182
1181
1184
1183
1185
1186
1190
1188
1187
1189
1191
1192
1194
1193
1195
1196
1197
1198
1199
1200
1201
1202
1203
1204
1206
1205
1207
1208
1209
1210
1211
1212
1213
1214
1216
1215
1217
1219
1220
1218
1221
1222
1223
1224
1225
1226
1230
1227
1232
1228
1229
1231
1233
1234
1235
1236
1237
1238
1240
1239
1241
1242
1244
1246
1243
1245
1247
1248
1250
1253
1256
1254
1252
1255
1251
1257
1249
1258
1259
1268
1267
1264
1263
1266
1261
1262
1265
1260
1277
1276
1275
1278
1271
1269
1273
1272
1274
1270
1284
1283
1280
1282
1287
1288
1281
1285
1286
1279
1289
1292
1291
1295
1294
1296
1290
1297
1298
1293
1299
1300
1301
1302
1303
1304
1308
1307
1305
1309
1306
1310
1311
1312
1313
1317
1316
1315
1314
1319
1318
1320
1321
1322
1323
1324
1326
1325
1327
1328
1330
1331
1332
1329
1333
1334
1335
1336
1338
1339
1337
1340
1342
1341
1344
1343
1345
1346
1347
1351
1348
1350
1352
1354
1353
1349
1355
1357
1356
1364
1358
1361
1360
1362
1359
1366
1363
1365
1367
1368
1369
1371
1370
1374
1372
1376
1375
1377
1373
1378
1379
1380
1381
1382
1383
1384
1387
1386
1385
1388
1389
1390
1391
1392
1393
1394
1396
1395
1397
1398
1399
1400
1401
1402
1404
1407
1403
1406
1405
1408
1409
1411
1410
1412
1413
1414
1416
1418
1415
1417
1419
1422
1420
1421
1423
1425
1424
1426
1436
1431
1433
1428
1429
1435
1434
1432
1427
1430
1437
1438
1441
1440
1443
1445
1442
1446
1439
1444
1447
1449
1448
1453
1455
1456
1452
1451
1454
1457
1450
1458
1459
1460
1461
1462
1465
1463
1464
1466
1467
1468
1469
1470
1471
1472
1473
1475
1474
1476
1477
1478
1479
1480
1481
1482
1483
1484
1485
1486
1487
1488
1491
1492
1494
1493
1489
1495
1496
1490
1498
1497
1499
1500
1501
1502
1506
1505
1508
1503
1510
1504
1509
1507
1511
1512
1513
1515
1514
1518
1517
1519
1521
1522
1520
1516
1523
1524
1525
1526
1528
1527
1529
1532
1530
1533
1531
1534
1535
1543
1542
1544
1545
1539
1536
1540
1541
1538
1537
1546
1547
1549
1553
1552
1551
1554
1548
1550
1555
1557
1556
1558
1563
1564
1559
1565
1562
1561
1560
1567
1568
1566
1569
1572
1571
1574
1575
1573
1570
1576
1577
1582
1583
1579
1580
1581
1578
1585
1584
1586
1589
1587
1592
1588
1591
1594
1595
1593
1596
1590
1599
1597
1598
1600
1603
1601
1602
1606
1604
1605
1607
1609
1610
1613
1612
1614
1615
1616
1608
1611
1617
1618
1620
1619
1622
1623
1621
1626
1624
1625
1627
1628
1635
1629
1634
1630
1631
1636
1633
1632
1637
1638
1639
1640
1644
1641
1646
1642
1643
1645
1647
1648
1649
1650
1651
1654
1655
1652
1653
1656
1657
1658
1659
1660
1661
1662
1665
1666
1667
1668
1669
1664
1670
1663
1671
1672
1674
1673
1675
1676
1680
1678
1677
1679
1681
1682
1683
1684
1686
1685
1687
1692
1691
1689
1690
1688
1693
1694
1695
1696
1697
1698
1699
1701
1702
1700
1703
1704
1705
1706
1707
1708
1711
1714
1712
1710
1713
1716
1715
1709
1718
1719
1723
1722
1721
1726
1724
1720
1725
1732
1734
1730
1717
1735
1727
1729
1728
1733
1731
1737
1736
1739
1738
1741
1743
1745
1742
1744
1740
1746
1747
1748
1749
1750
1754
1751
1753
1755
1752
1756
1757
1760
1762
1767
1764
1765
1766
1761
1759
1758
1763
1769
1770
1771
1773
1775
1776
1768
1774
1772
1777
1778
1779
1780
1783
1787
1784
1782
1786
1785
1781
1788
1789
1790
1791
1793
1792
1795
1796
1794
1797
1798
1799
1800
1801
1802
1803
1807
1804
1806
1805
1809
1808
1810
1811
1812
1813
1814
1815
1816
1817
1820
1818
1821
1819
1822
1823
1824
1825
1826
1827
1832
1831
1828
1830
1829
1833
1834
1835
1836
1837
1838
1840
1841
1839
1842
1843
1844
1845
1846
1847
1848
1849
1850
1851
1852
1853
1854
1855
1856
1857
1858
1859
1860
1861
1862
1864
1863
1866
1865
1867
1868
1869
1870
1871
1872
1874
1873
1875
1876
1877
1878
1879
1880
1883
1881
1882
1892
1887
1893
1888
1884
1885
1890
1889
1886
1891
1895
1894
1898
1896
1903
1901
1899
1900
1902
1897
1904
1907
1905
1909
1911
1913
1908
1910
1912
1914
1906
1916
1915
1917
1918
1919
1920
1922
1921
1923
1924
1926
1925
1927
1928
1929
1930
1933
1934
1931
1932
1935
1936
1937
1938
1939
1940
1942
1941
1943
1944
1945
1946
1947
1948
1949
1951
1950
1954
1952
1955
1953
1958
1957
1956
1959
1960
1961
1962
1963
1964
1965
1967
1966
1968
1969
1970
1971
1972
1973
1976
1975
1978
1974
1979
1977
1980
1981
1982
1983
1984
1986
1985
1987
1989
1988
1990
1992
1991
1993
1994
1995
1996
1997
1998
2003
1999
2002
2000
2001
2004
2005
2006
2007
2008
2009
2010
2012
2011
2013
2014
2017
2016
2015
2018
2019
2022
2024
2020
2023
2021
2025
2026
2027
2028
2029
2032
2031
2034
2030
2033
2038
2036
2035
2037
2039
2043
2042
2044
2040
2041
2047
2045
2049
2048
2050
2057
2056
2055
2058
2052
2053
2051
2059
2060
2061
2066
2054
2046
2072
2068
2062
2065
2071
2067
2063
2070
2064
2069
2075
2078
2082
2073
2076
2081
2077
2079
2080
2074
2086
2085
2083
2084
2089
2087
2092
2090
2091
2088
2093
2097
2095
2098
2100
2099
2101
2094
2096
2102
2109
2108
2104
2105
2106
2111
2107
2112
2110
2103
2113
2114
2116
2117
2122
2121
2118
2115
2120
2119
2123
2124
2126
2125
2127
2128
2130
2129
2131
2132
2133
2134
2135
2136
2137
2140
2141
2143
2139
2142
2144
2145
2138
2146
2147
2148
2149
2150
2152
2151
2153
2154
2155
2156
2157
2158
2159
2160
2161
2162
2163
2164
2165
2166
2169
2168
2167
2171
2172
2170
2173
2174
2176
2175
2177
2178
2179
2180
2182
2181
2183
2186
2184
2185
2187
2188
2189
2190
2192
2191
2193
2194
2195
2196
2198
2199
2197
2200
2201
2202
2203
2204
2205
2206
2207
2208
2211
2210
2209
2212
2213
2215
2214
2216
2217
2220
2218
2221
2219
2222
2223
2225
2224
2226
2227
2228
2229
2231
2230
2232
2233
2235
2234
2236
2238
2239
2240
2237
2241
2242
2243
2244
2245
2246
2247
2250
2248
2249
2251
2253
2252
2254
2255
2256
2257
2261
2258
2263
2260
2259
2262
2264
2266
2265
2267
2269
2268
2270
2273
2271
2274
2275
2277
2276
2272
2278
2279
2280
2281
2282
2283
2286
2284
2285
2287
2288
2289
2290
2291
2292
2294
2293
2296
2295
2297
2298
2299
2300
2301
2302
2303
2304
2305
2306
2307
2309
2308
2310
2311
2312
2316
2314
2315
2317
2321
2319
2313
2318
2320
2326
2324
2323
2325
2328
2327
2329
2331
2330
2332
2335
2333
2340
2334
2339
2337
2336
2338
2341
2343
2342
2344
2346
2349
2345
2347
2350
2322
2348
2351
2352
2353
2354
2355
2356
2357
2358
2359
2360
2368
2364
2362
2363
2367
2361
2365
2366
2369
2370
2371
2372
2376
2374
2375
2377
2373
2378
2379
2381
2380
2382
2383
2385
2384
2386
2388
2387
2389
2390
2391
2392
2393
2395
2396
2394
2399
2400
2397
2402
2401
2398
2403
2404
2405
2406
2407
2408
2409
2412
2411
2410
2413
2414
2416
2415
2417
2418
2419
2423
2420
2421
2424
2422
2425
2426
2427
2428
2429
2430
2436
2432
2434
2437
2431
2439
2433
2438
2435
2440
2441
2442
2443
2448
2447
2450
2449
2444
2445
2446
2452
2453
2451
2454
2455
2456
2460
2459
2457
2458
2461
2462
2463
2466
2468
2470
2469
2464
2473
2467
2465
2472
2471
2476
2475
2474
2481
2478
2477
2480
2483
2479
2482
2484
2485
2486
2489
2487
2488
2492
2491
2490
2493
2494
2495
2496
2503
2505
2498
2497
2500
2499
2502
2501
2504
2506
2510
2509
2507
2513
2512
2511
2515
2516
2514
2508
2517
2518
2521
2524
2519
2525
2526
2520
2528
2522
2527
2523
2537
2532
2531
2535
2529
2534
2536
2530
2538
2533
2546
2541
2545
2539
2540
2542
2543
2544
2547
2548
2549
2553
2550
2551
2554
2557
2555
2556
2558
2552
2561
2566
2559
2568
2567
2562
2563
2565
2560
2564
2576
2570
2572
2578
2573
2574
2569
2571
2579
2583
2581
2582
2580
2586
2590
2587
2591
2588
2575
2592
2589
2577
2596
2594
2593
2595
2597
2600
2598
2599
2584
2585
2601
2603
2604
2605
2602
2606
2608
2607
2609
2610
2612
2611
2615
2614
2613
2616
2618
2617
2619
2620
2625
2621
2622
2624
2623
2628
2627
2629
2626
2630
2631
2634
2632
2633
2637
2636
2635
2638
2639
2640
2641
2642
2643
2644
2647
2648
2645
2649
2650
2646
2652
2653
2651
2654
2656
2657
2655
2659
2658
2660
2661
2662
2664
2663
2667
2665
2666
2668
2669
2670
2674
2672
2678
2679
2676
2675
2671
2677
2684
2681
2680
2682
2685
2683
2673
2686
2687
2688
2691
2690
2694
2695
2689
2692
2693
2696
2697
2698
2701
2702
2706
2700
2704
2705
2708
2703
2699
2707
2709
2711
2713
2714
2717
2710
2718
2712
2715
2716
2721
2720
2719
2730
2729
2731
2732
2733
2734
2736
2737
2735
2739
2738
2740
2741
2742
2743
2746
2745
2744
2724
2723
2748
2722
2728
2727
2725
2726
2749
2747
2751
2750
2754
2753
2756
2758
2755
2757
2759
2752
2760
2761
2762
2764
2763
2765
2768
2769
2767
2766
2771
2770
2772
2774
2773
2776
2779
2782
2777
2778
2781
2780
2775
2783
2784
2785
2788
2786
2791
2789
2790
2787
2792
2793
2795
2794
2796
2797
2798
2799
2802
2800
2804
2801
2805
2803
2807
2806
2808
2810
2809
2811
2813
2814
2812
2815
2817
2816
2819
2820
2818
2821
2822
2823
2827
2824
2825
2826
2830
2829
2828
2831
2832
2833
2834
2835
2836
2837
2838
2839
2841
2840
2842
2843
2844
2845
2846
2847
2848
2851
2850
2849
2852
2853
2854
2855
2856
2857
2858
2859
2861
2860
2862
2863
2865
2864
2866
2867
2868
2869
2870
2872
2871
2874
2873
2877
2875
2876
2878
2879
2881
2880
2888
2884
2885
2883
2887
2882
2889
2886
2891
2890
2892
2893
2894
2895
2898
2896
2899
2897
2900
2901
2902
2903
2904
2905
2907
2909
2906
2910
2908
2911
2914
2919
2915
2912
2916
2918
2913
2917
2920
2921
2925
2922
2926
2928
2929
2923
2924
2927
2930
2931
2932
2933
2941
2936
2934
2935
2940
2937
2939
2938
2942
2948
2945
2944
2947
2949
2950
2946
2951
2952
2943
2953
2954
2957
2956
2955
2960
2959
2963
2962
2958
2964
2961
2965
2966
2967
2972
2969
2970
2971
2968
2973
2974
2975
2976
2977
2978
2980
2979
2982
2981
2983
2984
2985
2986
2987
2988
2990
2989
2996
2994
2991
2998
2992
2997
2993
2995
2999
3000
3001
3002
3004
3007
3003
3009
3008
3005
3010
3006
3013
3012
3011
3015
3017
3016
3019
3020
3018
3014
3021
3023
3022
3024
3025
3026
3028
3027
3029
3030
3033
3031
3032
3034
3035
3036
3037
3039
3038
3040
3041
3043
3042
3044
3045
3047
3046
3048
3049
3050
3051
3053
3052
3055
3054
3057
3056
3063
3061
3059
3058
3060
3062
3064
3065
3066
3067
3070
3077
3074
3071
3072
3075
3073
3076
3069
3068
3079
3078
3082
3086
3080
3081
3085
3083
3087
3084
3089
3088
3091
3090
3092
3093
3095
3097
3094
3096
3098
3099
3100
3101
3102
3106
3103
3104
3105
3107
3108
3110
3109
3112
3111
3113
3114
3116
3115
3117
3118
3119
3122
3120
3121
3123
3124
3125
3126
3127
3128
3129
3130
3131
3132
3133
3134
3135
3137
3138
3136
3139
3140
3141
3144
3143
3142
3146
3145
3147
3149
3148
3150
3153
3152
3151
3154
3155
3158
3157
3159
3160
3162
3156
3161
3163
3164
3165
3166
3171
3170
3174
3169
3168
3172
3176
3173
3167
3175
3177
3178
3179
3180
3184
3182
3185
3186
3183
3181
3187
3188
3189
3191
3190
3194
3192
3196
3199
3195
3193
3198
3197
3200
3202
3201
3203
3204
3209
3208
3207
3206
3205
3210
3211
3212
3214
3219
3217
3216
3215
3220
3213
3218
3221
3222
3224
3223
3225
3230
3229
3231
3226
3234
3233
3235
3227
3228
3232
3236
3237
3240
3239
3243
3245
3246
3242
3244
3241
3238
3247
3249
3248
3252
3251
3250
3257
3254
3253
3256
3255
3259
3258
3260
3261
3262
3264
3265
3263
3269
3266
3268
3267
3271
3272
3270
3274
3273
3275
3279
3278
3276
3277
3282
3280
3281
3283
3284
3285
3286
3287
3289
3288
3290
3292
3293
3294
3295
3291
3296
3297
3298
3300
3299
3303
3302
3301
3305
3306
3304
3307
3308
3309
3310
3311
3314
3317
3315
3316
3312
3318
3313
3319
3321
3320
3323
3322
3324
3325
3327
3328
3329
3330
3331
3326
3332
3333
3334
3335
3336
3337
3338
3339
3341
3340
3343
3344
3342
3345
3346
3347
3348
3349
3350
3351
3352
3353
3354
3355
3357
3356
3358
3359
3360
3361
3362
3363
3368
3364
3366
3367
3365
3369
3370
3371
3372
3373
3374
3376
3375
3377
3378
3379
3380
3382
3381
3383
3384
3385
3387
3386
3389
3388
3390
3391
3392
3393
3394
3395
3396
3397
3399
3398
3400
3402
3401
3404
3405
3403
3407
3406
3408
3409
3410
3411
3412
3415
3414
3413
3417
3418
3416
3419
3420
3421
3422
3425
3424
3426
3423
3429
3427
3428
3430
3431
3432
3434
3433
3435
3436
3440
3438
3437
3439
3442
3441
3443
3444
3445
3446
3447
3448
3450
3449
3451
3452
3454
3453
3457
3455
3456
3458
3460
3459
3462
3461
3463
3464
3465
3466
3468
3467
3470
3469
3472
3471
3474
3478
3476
3473
3477
3475
3481
3480
3484
3483
3479
3488
3486
3482
3485
3487
3489
3490
3492
3491
3498
3495
3497
3496
3493
3494
3499
3500
3501
3502
3503
3504
3508
3505
3507
3506
3510
3512
3509
3511
3513
3514
3515
3516
3517
3518
3519
3521
3522
3524
3523
3520
3525
3526
3527
3528
3529
3533
3532
3531
3534
3530
3535
3536
3537
3538
3539
3541
3540
3543
3542
3545
3544
3546
3548
3547
3549
3551
3550
3554
3553
3552
3556
3558
3557
3559
3555
3560
3561
3563
3562
3564
3565
3566
3567
3568
3569
3571
3570
3573
3572
3574
3575
3576
3578
3577
3579
3581
3580
3584
3583
3582
3585
3586
3587
3588
3589
3590
3591
3593
3592
3595
3594
3596
3598
3597
3599
3600
3601
3604
3602
3603
3605
3606
3608
3607
3609
3611
3610
3612
3614
3613
3615
3616
3617
3618
3621
3619
3620
3622
3623
3624
3627
3626
3625
3631
3629
3630
3628
3632
3633
3634
3635
3636
3638
3644
3642
3639
3637
3641
3640
3643
3645
3646
3647
3648
3653
3656
3649
3651
3652
3655
3654
3650
3658
3657
3659
3661
3662
3660
3665
3663
3668
3666
3667
3664
3669
3670
3671
3672
3673
3677
3679
3675
3678
3676
3674
3681
3680
3682
3683
3686
3685
3687
3684
3688
3689
3692
3690
3691
3693
3694
3695
3696
3697
3699
3698
3701
3702
3703
3700
3704
3705
3706
3707
3708
3709
3713
3712
3711
3715
3710
3716
3717
3718
3714
3719
3720
3721
3722
3725
3726
3724
3729
3728
3723
3727
3730
3731
3732
3733
3734
3739
3738
3736
3737
3735
3742
3740
3741
3743
3744
3745
3747
3748
3746
3749
3753
3752
3751
3754
3750
3755
3756
3757
3758
3763
3760
3762
3764
3765
3759
3761
3766
3768
3767
3769
3770
3772
3773
3775
3774
3771
3776
3777
3779
3778
3780
3786
3788
3790
3789
3787
3791
3792
3793
3795
3794
3796
3797
3798
3800
3799
3784
3802
3804
3803
3801
3805
3785
3782
3781
3783
3806
3810
3807
3811
3809
3812
3815
3813
3816
3808
3814
3818
3817
3819
3821
3825
3822
3820
3823
3826
3824
3828
3829
3827
3830
3831
3832
3834
3833
3835
3836
3837
3838
3839
3841
3840
3842
3843
3844
3845
3848
3846
3847
3849
3852
3851
3850
3853
3854
3855
3856
3857
3858
3860
3859
3865
3864
3863
3861
3862
3866
3867
3869
3868
3872
3870
3874
3875
3871
3873
3876
3877
3878
3879
3880
3881
3882
3883
3884
3885
3888
3886
3890
3889
3887
3891
3892
3893
3896
3894
3897
3900
3895
3899
3898
3901
3902
3903
3905
3907
3911
3908
3909
3913
3910
3906
3904
3912
3914
3915
3916
3921
3920
3917
3918
3923
3919
3925
3924
3922
3926
3929
3932
3934
3935
3928
3931
3933
3927
3930
3936
3937
3938
3939
3943
3946
3944
3945
3947
3940
3942
3948
3941
3949
3950
3952
3953
3951
3957
3954
3955
3964
3959
3961
3963
3962
3958
3960
3956
3965
3966
3967
3968
3970
3973
3972
3974
3971
3969
3975
3976
3977
3978
3981
3980
3979
3984
3982
3985
3986
3987
3988
3983
3989
3990
3991
3992
3994
3996
3993
3998
3995
3997
3999
4001
4000
4002
4003
4004
4007
4005
4006
4008
4009
4011
4010
4012
4013
4014
4015
4016
4017
4018
4019
4022
4020
4021
4023
4024
4025
4026
4027
4028
4029
4030
4031
4032
4033
4034
4035
4037
4038
4036
4039
4040
4041
4042
4043
4044
4045
4046
4047
4048
4049
4050
4051
4053
4052
4055
4054
4056
4057
4058
4059
4060
4061
4063
4062
4064
4065
4066
4067
4069
4070
4068
4071
4073
4072
4074
4075
4076
4077
4078
4079
4081
4080
4082
4083
4084
4085
4087
4086
4090
4088
4089
4091
4092
4093
4095
4094
4097
4096
4101
4099
4098
4100
4102
4103
4104
4105
4107
4106
4109
4112
4110
4111
4108
4114
4116
4117
4122
4115
4121
4113
4118
4120
4119
4123
4124
4125
4131
4126
4130
4129
4127
4128
4132
4133
4134
4135
4136
4137
4138
4142
4139
4143
4141
4140
4145
4144
4146
4147
4150
4155
4152
4153
4148
4151
4149
4154
4157
4156
4158
4159
4164
4161
4163
4160
4162
4165
4169
4166
4168
4170
4172
4171
4173
4176
4175
4177
4180
4179
4178
4174
4181
4182
4183
4184
4185
4186
4187
4189
4188
4190
4192
4191
4193
4195
4196
4197
4198
4199
4202
4200
4203
4204
4201
4206
4205
4207
4208
4209
4211
4210
4214
4212
4213
4215
4216
4218
4217
4219
4220
4221
4222
4223
4224
4226
4225
4228
4229
4227
4230
4231
4232
4233
4234
4235
4236
4237
4239
4238
4240
4241
4242
4244
4243
4245
4246
4247
4248
4249
4250
4251
4252
4253
4254
4255
4256
4257
4258
4259
4260
4261
4262
4263
4264
4265
4266
4267
4268
4269
4270
4271
4272
4274
4273
4277
4276
4275
4280
4279
4282
4281
4278
4283
4284
4285
4288
4293
4287
4289
4291
4292
4295
4290
4294
4296
4297
4298
4301
4302
4303
4300
4304
4299
4305
4306
4307
4308
4310
4309
4311
4312
4313
4314
4317
4316
4318
4315
4319
4320
4321
4322
4323
4325
4324
4326
4328
4327
4330
4329
4331
4332
4333
4334
4335
4336
4337
4338
4340
4341
4339
4342
4343
4344
4345
4346
4347
4349
4348
4351
4352
4350
4355
4353
4354
4356
4357
4358
4360
4359
4361
4362
4364
4366
4365
4367
4363
4369
4370
4368
4371
4373
4372
4374
4376
4377
4375
4378
4379
4380
4381
4382
4383
4384
4387
4386
4385
4391
4389
4388
4390
4393
4392
4394
4397
4396
4398
4395
4402
4403
4400
4401
4399
4404
4406
4405
4407
4410
4408
4409
4413
4411
4412
4414
4415
4416
4417
4418
4419
4424
4422
4421
4425
4420
4426
4423
4427
4429
4432
4431
4434
4428
4433
4436
4438
4441
4439
4430
4435
4437
4440
4442
4443
4445
4446
4444
4449
4451
4450
4447
4448
4452
4453
4454
4455
4456
4457
4460
4461
4459
4464
4462
4458
4463
4465
4467
4466
4469
4468
4473
4470
4474
4471
4472
4475
4477
4476
4478
4479
4480
4481
4486
4484
4482
4483
4489
4488
4485
4490
4487
4491
4492
4495
4499
4498
4500
4493
4502
4496
4494
4501
4497
4503
4505
4504
4508
4512
4511
4513
4507
4510
4506
4509
4514
4516
4515
4518
4519
4520
4522
4517
4521
4523
4524
4525
4526
4527
4528
4529
4530
4533
4535
4532
4531
4534
4536
4537
4538
4539
4540
4545
4546
4544
4541
4543
4542
4547
4549
4548
4550
4551
4554
4553
4555
4556
4557
4552
4558
4559
4560
4561
4562
4571
4563
4566
4565
4567
4570
4569
4564
4568
4572
4573
4574
4575
4576
4577
4578
4580
4582
4581
4579
4584
4583
4585
4586
4588
4589
4592
4591
4593
4590
4587
4598
4596
4599
4597
4594
4595
4601
4600
4602
4605
4604
4606
4603
4608
4607
4609
4610
4612
4618
4616
4611
4615
4619
4617
4614
4620
4613
4621
4622
4624
4623
4629
4630
4625
4631
4627
4626
4628
4632
4633
4634
4635
4637
4636
4641
4638
4642
4640
4639
4643
4644
4647
4646
4645
4649
4652
4648
4653
4650
4651
4654
4657
4656
4655
4658
4660
4659
4662
4664
4663
4661
4665
4667
4666
4668
4669
4672
4670
4671
4674
4673
4676
4675
4678
4677
4679
4680
4681
4682
4683
4684
4687
4685
4686
4688
4689
4690
4691
4692
4693
4694
4696
4697
4695
4698
4699
4700
4701
4702
4703
4704
4706
4705
4707
4708
4709
4710
4711
4712
4713
4714
4715
4716
4717
4718
4720
4721
4722
4723
4724
4725
4726
4727
4728
4729
4731
4730
4732
4734
4733
4735
4738
4737
4739
4740
4741
4719
4736
4742
4743
4744
4746
4745
4748
4756
4750
4751
4753
4755
4749
4754
4757
4747
4752
4758
4762
4759
4760
4765
4767
4766
4761
4768
4764
4763
4770
4769
4778
4774
4776
4773
4777
4775
4779
4771
4772
4780
4781
4784
4782
4789
4783
4786
4787
4788
4791
4785
4790
4792
4793
4794
4795
4798
4796
4801
4800
4799
4797
4802
4803
4804
4805
4806
4807
4810
4811
4808
4809
4812
4813
4815
4814
4816
4817
4818
4819
4820
4821
4822
4823
4825
4826
4824
4827
4828
4829
4830
4831
4832
4833
4834
4835
4837
4836
4838
4839
4840
4841
4842
4843
4844
4845
4847
4846
4848
4849
4853
4851
4852
4850
4854
4856
4858
4857
4860
4863
4859
4864
4861
4862
4865
4866
4867
4868
4869
4870
4871
4873
4872
4874
4875
4876
4877
4878
4879
4880
4881
4882
4883
4884
4885
4886
4887
4888
4889
4890
4891
4892
4893
4894
4895
4896
4897
4898
4899
4902
4900
4901
4903
4904
4906
4905
4914
4910
4913
4912
4916
4909
4907
4915
4908
4911
4924
4919
4920
4923
4918
4921
4922
4926
4925
4917
4928
4927
4929
4936
4930
4932
4933
4931
4935
4934
4937
4939
4938
4940
4942
4945
4941
4948
4949
4947
4951
4950
4954
4952
4955
4956
4957
4958
4961
4960
4959
4963
4962
4964
4946
4944
4943
4966
4968
4965
4967
4971
4970
4969
4973
4974
4972
4978
4976
4977
4975
4980
4979
4981
4984
4982
4983
4987
4985
4988
4986
4990
4991
4989
4992
4994
4993
4997
4995
4996
4998
5001
5000
4999
5003
5002
5004
5005
5007
5008
5006
5009
5011
5010
5014
5013
5012
5015
5019
5016
5021
5020
5018
5017
5023
5022
5024
5026
5027
5025
5031
5028
5030
5029
5032
5034
5033
5035
5037
5036
5038
5040
5039
5043
5041
5044
5042
5045
5046
5047
5048
5049
5051
5053
5052
5050
5054
5055
5056
5057
5058
5064
5061
5062
5059
5063
5060
5065
5075
5071
5069
5074
5072
5068
5070
5073
5066
5067
5076
5083
5079
5082
5084
5078
5081
5077
5085
5080
5086
5091
5087
5088
5093
5095
5090
5094
5092
5089
5096
5101
5099
5102
5100
5104
5105
5098
5097
5103
5106
5109
5110
5111
5112
5108
5107
5113
5115
5116
5114
5121
5118
5124
5120
5123
5119
5125
5122
5117
5126
5132
5129
5134
5135
5136
5133
5128
5131
5130
5127
5137
5138
5142
5140
5146
5145
5144
5141
5143
5139
5150
5156
5151
5153
5152
5154
5155
5149
5158
5160
5159
5161
5162
5157
5163
5164
5165
5166
5167
5170
5169
5168
5171
5148
5147
5172
5173
5174
5175
5176
5179
5177
5178
5180
5182
5181
5183
5184
5185
5186
5187
5188
5189
5190
5191
5192
5193
5194
5201
5202
5200
5195
5203
5199
5196
5197
5198
5204
5207
5205
5206
5212
5209
5210
5211
5214
5213
5208
5216
5215
5217
5226
5225
5227
5229
5230
5228
5221
5223
5222
5224
5231
5218
5220
5233
5232
5237
5238
5242
5240
5234
5239
5236
5235
5241
5219
5251
5243
5248
5247
5252
5245
5246
5250
5244
5249
5256
5253
5258
5254
5259
5261
5257
5255
5262
5260
5264
5263
5270
5268
5269
5266
5265
5267
5273
5271
5275
5276
5278
5277
5279
5280
5282
5281
5283
5284
5286
5285
5287
5288
5290
5289
5291
5292
5293
5294
5296
5295
5297
5298
5272
5274
5299
5300
5301
5302
5305
5304
5306
5303
5308
5309
5310
5307
5311
5312
5313
5315
5314
5316
5318
5319
5320
5317
5321
5322
5323
5325
5324
5326
5327
5328
5329
5332
5330
5331
5333
5334
5335
5336
5337
5338
5339
5340
5342
5341
5343
5344
5345
5346
5347
5348
5349
5352
5354
5351
5357
5353
5355
5356
5350
5358
5359
5360
5362
5361
5367
5366
5364
5365
5363
5368
5369
5370
5378
5376
5373
5372
5375
5377
5374
5379
5371
5381
5385
5387
5389
5390
5382
5386
5383
5391
5388
5384
5392
5394
5398
5400
5393
5399
5396
5397
5395
5401
5402
5403
5404
5409
5407
5408
5406
5410
5411
5405
5412
5413
5414
5415
5421
5416
5420
5419
5422
5423
5424
5418
5425
5426
5431
5430
5429
5417
5427
5432
5433
5428
5434
5435
5437
5439
5441
5436
5442
5443
5440
5438
5444
5445
5446
5449
5447
5450
5452
5454
5448
5453
5451
5455
5456
5459
5457
5458
5460
5461
5463
5464
5462
5465
5466
5467
5469
5468
5470
5473
5475
5472
5474
5471
5476
5477
5478
5479
5480
5484
5482
5483
5481
5485
5487
5489
5486
5488
5490
5491
5492
5493
5494
5496
5497
5495
5498
5499
5501
5500
5502
5503
5504
5505
5506
5509
5508
5507
5510
5511
5514
5513
5512
5516
5515
5518
5517
5521
5519
5520
5522
5523
5524
5525
5526
5528
5530
5527
5529
5531
5532
5533
5534
5536
5535
5537
5539
5540
5541
5538
5544
5543
5542
5546
5545
5547
5548
5550
5549
5556
5554
5552
5553
5551
5555
5557
5558
