771772
774
5149
5086
776
6837
779
8045
9262
9260
782
784
786
11402
12265
789
792
794
795
14177
14778
14871
15440
15443
802
15978
804
16692
807
806
809
815
816
817
818
819
820
821
822
823
824
825
826
827
828
829
830
833
834
835
836
837
838
840
841
842
843
844
845
846
847
848
849
850
851
852
853
855
856
857
858
860
862
863
866
865
867
868
869
870
871
872
873
874
876
875
878
879
880
881
883
884
888
885
889
890
891
892
895
894
898
900
901
902
903
904
905
906
907
908
909
910
914
913
915
916
917
918
920
919
922
921
923
924
926
925
927
775
781
790
788
778
785
783
793
780
787
5786
5907
5974
799
797
6074
6075
6084
6077
6085
805
7215
7742
8155
811
8161
8235
8154
8162
8480
8304
8356
8365
9880
9941
9973
9972
10026
10095
10070
10132
10110
10570
10096
11260
11358
11124
11262
11512
11511
11519
11548
11522
11542
11907
12036
12035
12042
12563
12562
12710
12814
12879
12885
12893
12930
12952
12955
13208
13210
13268
13258
13703
13657
13656
13883
13889
13897
14035
14071
932
931
14246
933
14237
14354
14375
940
14500
14623
944
945
15033
15040
949
15104
952
15177
953
956
15253
955
15581
15545
15725
961
962
963
964
16122
966
16118
968
969
971
970
16696
16465
974
16926
16931
976
978
17119
17124
981
982
984
17190
17391
935
808
800
934
798
801
814
930
936
813
6720
938
7005
941
7020
6991
946
7013
943
7016
951
7906
9058
9072
9109
9052
960
9114
9104
967
9126
9130
972
10774
10808
10857
979
10849
10870
10859
10862
10871
11419
11332
11692
985
12316
987
12408
991
12451
12409
993
990
12522
12909
1001
999
1002
1004
997
13481
1008
1011
1005
1013
14337
1017
1018
14547
1016
14625
14681
14617
14616
1022
1027
15546
1029
15529
1031
15621
1032
15622
1035
1037
15646
16450
16459
16522
16568
16613
1045
16617
1046
1048
1043
1049
16974
16997
17152
17456
1056
1054
1057
1058
1062
1059
1069
1071
1067
1065
1074
1076
1080
1078
1084
1082
1087
1081
1083
1088
1086
1089
1091
1093
1094
1098
1097
1096
1095
1102
1101
1105
1106
1109
1112
1111
1110
1119
1116
1118
1115
1117
1114
1113
1120
1122
1121
1123
1128
1130
1124
1126
1125
1129
1131
1132
1133
1135
1139
1142
1136
1143
1138
1137
1147
1146
1148
1149
1150
1151
1153
1152
1157
1159
1154
1160
1155
1158
1162
1163
1164
1170
1165
1167
1166
1173
1168
1174
1171
1175
1169
1176
1180
1177
1179
1185
1184
1182
1186
1183
1181
1189
1188
1191
1187
1192
1199
1194
1193
1195
1196
1201
1202
1200
1203
1205
1211
1210
1206
1212
1204
1213
1207
1209
1214
1215
1216
1221
1224
1219
1223
1218
1217
1220
1222
1225
1226
1227
1230
1228
1234
1231
1237
1232
1229
1233
1236
1238
1239
1240
1246
1244
1241
1243
986
950
975
980
947
948
965
973
959
983
988
6203
995
992
6244
996
6232
6261
6215
6262
1000
8061
1003
8267
1007
8430
1006
1009
8428
8481
9303
8593
8935
1015
1020
1023
10041
10108
1021
1025
1028
10227
10505
10226
10228
11203
11207
11441
11447
11543
11599
11634
11654
11653
11658
12116
11892
11903
12114
12347
1055
12732
12908
12910
12914
13026
13029
13077
13083
1070
13360
13662
1073
13927
13980
13926
1077
14207
14118
14115
1079
1090
14912
1092
14913
15052
15235
1107
15714
1103
15236
14443
15881
15884
15885
15883
16709
16714
16712
16716
16708
17091
17056
1247
1245
1248
1251
1258
1252
1260
1264
1257
1267
1254
1265
1262
1256
1269
1274
1284
1275
1280
1282
1288
1287
1272
1281
1270
1299
1296
1292
1297
1290
1291
1293
1295
1300
1298
1304
1302
1303
1311
1306
1305
1308
1312
1310
1307
1313
1314
1315
1319
1316
1317
1320
1321
1326
1325
1322
1324
1323
1012
1034
994
1010
1014
1038
998
1033
1030
1019
1039
1061
1040
1051
1053
1050
1041
1042
1052
1047
1064
1068
1108
1085
1099
1075
1249
1250
1253
1255
1104
1259
1273
1266
1263
1261
1278
1268
1283
1276
1285
1279
1289
1327
1332
1331
1328
1334
1336
1329
1335
1337
1338
1340
1341
1343
1344
1347
1348
1349
1346
1351
1356
1357
1352
1355
1354
1358
1359
1360
1371
1365
1362
1363
1366
1372
1370
1368
1373
1375
1378
1381
1374
1376
1377
1380
1382
1379
1383
1384
1385
1389
1391
1387
1388
1392
1390
1393
1386
1394
1396
1395
1399
1407
1397
1405
1398
1401
1408
1403
1406
1402
1413
1409
1411
1412
1420
1415
1416
1410
1414
1418
1421
1426
1425
1424
1423
1422
1429
1428
1430
1431
1432
1433
1434
1435
1439
1438
1441
1436
1443
1440
1442
1446
1453
1451
1447
1452
1450
1448
1445
1444
1454
1455
1459
1463
1466
1462
1460
1457
1465
1461
1456
1467
1468
1469
1472
1471
1477
1470
1475
1474
1473
1483
1476
1480
1478
1481
1485
1484
1482
1487
1486
1490
1488
1492
1496
1491
1489
1494
1495
1497
1508
1506
1502
1501
1500
1499
1505
1504
1503
1509
1510
1512
1515
1517
1518
1522
1519
1516
1520
1521
1514
1523
1528
1529
1527
1533
1530
1524
1526
1531
1532
1525
1534
1535
1536
1540
1539
1537
1545
1542
1543
1544
1548
1547
1550
1551
1553
1552
1561
1557
1558
1555
1562
1560
1554
1563
1565
1564
1566
1569
1567
1570
1573
1568
1574
1571
1575
1578
1577
1579
1585
1580
1587
1581
1584
1583
1589
1588
1591
1590
1595
1592
1593
1600
1599
1597
1602
1601
1596
1603
1604
1606
1605
1609
1611
1610
1614
1613
1615
1612
1617
1616
1618
1620
1619
1621
1625
1626
1624
1622
1627
1628
1629
1630
1631
1632
1637
1636
1635
1638
1642
1641
1643
1640
1645
1644
1646
1647
1648
1649
1651
1650
1652
1655
1654
1656
1657
1663
1658
1665
1660
1666
1662
1667
1661
1668
1659
1670
1669
1671
1672
1674
1673
1675
1678
1676
1679
1680
1681
1683
1682
1684
1685
1687
1686
1690
1689
1691
1692
1693
1694
1695
1696
1697
1698
1699
1702
1704
1703
1705
1701
1700
1706
1707
1708
1709
1710
1711
1713
1715
1716
1717
1718
1719
1720
1722
1721
1723
1724
1725
1726
1728
1729
1730
1731
1733
1732
1734
1735
1736
1737
1739
1740
1742
1743
1746
1745
1747
1748
1749
1750
1752
1753
1754
1762
1759
1758
1757
1756
1761
1755
1763
1764
1765
1766
1768
1767
1769
1771
1772
1774
1773
1776
1779
1777
1778
1780
1782
1783
1784
1787
1785
1786
1788
1789
1790
1793
1791
1795
1796
1797
1798
1800
1801
1803
1804
1805
1807
1808
1809
1810
1811
1813
1812
1814
1818
1815
1816
1820
1821
1824
1827
1826
1828
1829
1830
1832
1806
1781
1751
1738
1770
1794
1831
1819
1840
1834
1838
1839
1835
1833
1841
1842
1837
1844
1850
1848
1849
1852
1846
1845
1843
1853
1855
1854
1856
1858
1857
1861
1862
1863
1865
1869
1867
1870
1866
1871
1872
1873
1875
1874
1876
1877
1878
1879
1880
1881
1882
1883
1884
1885
1886
1887
1888
1890
1889
1891
1893
1894
1892
1896
1895
1897
1898
1901
1900
1903
1904
1905
1908
1912
1910
1911
1913
1914
1918
1916
1920
1921
1860
1847
1917
1923
1836
1868
1922
1902
1924
1925
1926
1928
1927
1935
1933
1931
1929
1936
1938
1932
1934
1940
1939
1941
1946
1947
1945
1944
1942
1948
1949
1951
1952
1953
1956
1954
1960
1959
1958
1957
1961
1955
1962
1963
1964
1965
1967
1969
1966
1968
1971
1970
1972
1973
1974
1976
1977
1978
1983
1979
1982
1980
1984
1981
1985
1986
1987
1988
1990
1989
1996
1992
1994
1998
1995
1999
1997
2001
2002
2003
2007
2006
2005
2000
2015
2004
2017
2016
2012
2014
2010
2011
2009
2025
2027
2023
2024
2021
2019
2018
2020
2030
2031
2034
2038
2039
2040
2035
2036
2041
2042
2044
2045
2047
2046
2043
2048
2049
2055
2056
2054
2057
2052
2058
2037
2062
2008
2050
2022
2059
2064
2065
2063
2060
2066
2067
2069
2068
2070
2071
2072
2073
2074
2075
2077
2076
2080
2078
2079
2082
2085
2087
2083
2086
2088
2089
2090
2091
2092
2094
2093
2095
2097
2099
2098
2100
2102
2101
2103
2105
2106
2108
2107
2110
2109
2111
2113
2114
2112
2118
2119
2120
2121
2122
2123
2125
2124
2126
2127
2128
2129
2130
2131
2132
2133
2135
2134
2136
2138
2139
2142
2140
2141
2143
2144
2145
2148
2146
2147
2151
2149
2150
2152
2153
2154
2155
2156
2157
2158
2159
2160
2161
2163
2164
2165
2166
2167
2168
2169
2170
2171
2175
2176
2174
2173
2177
2178
2179
2181
2182
2183
2185
2189
2192
2193
2187
2186
2188
2195
2184
2190
2191
2196
2197
2198
2203
2200
2199
2202
2201
2204
2205
2206
2209
2207
2210
2212
2216
2213
2215
2218
2217
2214
2219
2220
2221
2222
2223
2224
2225
2229
2228
2227
2230
2231
2232
2233
2234
2236
2238
2245
2244
2246
2241
2239
2242
2243
2247
2249
2240
2250
2251
2252
2253
2257
2254
2258
2256
2260
2259
2261
2255
2262
2264
2265
2266
2268
2271
2270
2269
2273
2267
2274
2275
2276
2277
2279
2280
2283
2281
2285
2284
2286
2282
2287
2288
2289
2290
2291
2292
2293
2296
2294
2299
2298
2297
2300
2301
2304
2307
2308
2310
2309
2311
2314
2315
2313
2312
2316
2317
2318
2319
2320
2321
2326
2324
2323
2327
2328
2329
2325
2331
2332
2334
2333
2335
2336
2340
2339
2343
2345
2344
2346
2342
2337
2341
2347
2348
2349
2350
2352
2351
2353
2356
2355
2357
2358
2360
2361
2362
2364
2363
2366
2367
2369
2370
2368
2371
2374
2375
2376
2377
2378
2380
2381
2382
2383
2384
2385
2386
2388
2389
2390
2391
2392
2393
2394
2395
2397
2398
2399
2400
2401
2402
2403
2404
2405
2406
2407
2409
2408
2410
2411
2413
2414
2415
2416
2419
2420
2421
2422
2423
2424
2425
2426
2428
2430
2431
2432
2433
2434
2435
2437
2438
2440
2439
2441
2442
2443
2444
2446
2448
2445
2449
2450
2452
2454
2453
2455
2456
2457
2459
2460
2458
2461
2462
2464
2463
2465
2469
2466
2468
2471
2470
2472
2473
2474
2475
2476
2477
2478
2482
2484
2483
2481
2479
2480
2485
2486
2487
2489
2488
2491
2494
2493
2492
2495
2496
2498
2497
2499
2500
2501
2502
2503
2504
2508
2505
2507
2506
2510
2509
2511
2519
2513
2515
2521
2517
2512
2518
2516
2520
2514
2524
2522
2527
2525
2529
2533
2530
2531
2532
2528
2534
2535
2536
2537
2538
2539
2542
2541
2540
2543
2545
2546
2547
2548
2549
2553
2550
2557
2555
2558
2556
2560
2559
2561
2562
2564
2565
2566
2567
2568
2569
2570
2571
2573
2572
2575
2574
2576
2577
2578
2579
2580
2581
2582
2583
2584
2585
2587
2586
2588
2590
2591
2592
2593
2594
2595
2596
2597
2599
2602
2601
2600
2603
2604
2606
2607
2610
2609
2611
2613
2612
2614
2618
2615
2617
2619
2620
2621
2622
2624
2623
2627
2628
2625
2626
2629
2631
2633
2634
2635
2637
2636
2638
2641
2640
2644
2645
2642
2646
2643
2647
2650
2649
2652
2654
2653
2656
2658
2657
2651
2655
2659
2660
2661
2663
2662
2668
2667
2666
2669
2670
2671
2672
2673
2675
2674
2676
2680
2679
2677
2682
2683
2681
2684
2685
2686
2687
2688
2698
2689
2691
2697
2700
2694
2696
2699
2695
2692
2701
2702
2706
2705
2703
2704
2708
2707
2709
2710
2711
2712
2713
2715
2716
2717
2714
2719
2718
2722
2723
2721
2724
2727
2726
2728
2725
2732
2734
2729
2731
2730
2733
2735
2736
2737
2741
2740
2738
2739
2744
2742
2743
2745
2747
2746
2748
2752
2753
2750
2749
2757
2755
2754
2759
2758
2760
2762
2764
2765
2767
2766
2769
2772
2768
2771
2774
2773
2775
2776
2777
2778
2779
2780
2782
2781
2785
2784
2787
2788
2789
2790
2786
2791
2792
2794
2796
2795
2797
2798
2799
2800
2802
2803
2805
2804
2806
2809
2808
2811
2810
2812
2813
2814
2815
2816
2817
2818
2819
2822
2820
2823
2825
2824
2826
2827
2828
2829
2830
2831
2832
2833
2834
2835
2838
2837
2836
2841
2839
2842
2843
2844
2845
2846
2847
2849
2852
2851
2856
2857
2854
2855
2859
2860
2861
2862
2864
2863
2865
2871
2870
2867
2869
2866
2872
2873
2874
2875
2876
2877
2879
2883
2878
2881
2880
2882
2884
2886
2885
2887
2888
2890
2896
2891
2898
2895
2889
2893
2899
2900
2894
2897
2903
2901
2911
2906
2909
2910
2904
2908
2905
2907
2914
2913
2916
2915
2917
2918
2923
2921
2919
2920
2925
2926
2927
2928
2930
2929
2931
2933
2935
2932
2934
2936
2937
2939
2940
2942
2943
2944
2945
2947
2949
2950
2952
2953
2954
2955
2956
2957
2958
2959
2960
2961
2963
2964
2966
2965
2968
2969
2970
2971
2972
2974
2975
2976
2978
2979
2980
2981
2982
2983
2984
2985
2986
2987
2988
2990
2989
2995
2991
2993
2994
2992
2996
2997
2999
2998
3000
3005
3003
3001
3004
3006
3002
3007
3008
3009
3010
3011
3015
3012
3018
3020
3022
3021
3023
3024
3019
3025
3026
3027
3028
3029
3035
3032
3036
3034
3037
3030
3039
3040
3041
3042
3043
3045
3048
3044
3049
3046
3047
3051
3052
3054
3055
3058
3059
3060
3066
3064
3065
3069
3071
3068
3067
3072
3073
3074
3075
3083
3081
3087
3079
3084
3076
3086
3080
3077
3085
3089
3090
3091
3099
3095
3097
3100
3092
3103
3094
3101
3104
3105
3106
3107
3111
3109
3112
3113
3110
3108
3114
3115
3116
3117
3119
3121
3120
3123
3122
3125
3124
3126
3127
3128
3129
3130
3131
3132
3133
3135
3137
3138
3136
3139
3141
3140
3142
3145
3146
3147
3148
3152
3153
3154
3149
3150
3156
3155
3151
3157
3158
3159
3160
3161
3162
3163
3166
3165
3168
3167
3169
3171
3172
3174
3173
3175
3176
3177
3182
3181
3178
3180
3183
3185
3186
3187
3189
3190
3191
3193
3194
3195
3196
3197
3199
3198
3200
3201
3202
3203
3206
3204
3208
3211
3213
3214
3212
3210
3215
3216
3217
3218
3219
3220
3221
3222
3223
3226
3227
3225
3228
3224
3229
3231
3232
3234
3233
3235
3237
3240
3236
3238
3241
3242
3239
3244
3245
3246
3252
3257
3249
3256
3248
3247
3254
3258
3259
3260
3262
3265
3264
3274
3267
3272
3269
3266
3268
3276
3278
3279
3280
3281
3285
3287
3286
3284
3282
3277
3290
3293
3298
3297
3294
3292
3291
3299
3300
3303
3304
3306
3305
3311
3310
3308
3314
3317
3309
3315
3316
3313
3312
3318
3319
3321
3320
3322
3325
3323
3326
3327
3328
3329
3330
3331
3333
3332
3334
3336
3338
3340
3341
3342
3344
3345
3348
3346
3343
3350
3351
3352
3353
3355
3359
3356
3357
3363
3360
3361
3362
3364
3365
3366
3368
3372
3370
3371
3369
3289
3288
3373
3374
3375
3377
3379
3380
3383
3385
3384
3381
3387
3388
3390
3391
3392
3393
3394
3395
3396
3398
3401
3399
3400
3402
3404
3403
3405
3406
3407
3408
3409
3410
3412
3413
3415
3411
3414
3416
3417
3418
3421
3425
3430
3429
3419
3423
3427
3431
3433
3434
3435
3437
3436
3438
3439
3441
3442
3440
3443
3444
3446
3447
3448
3449
3450
3451
3453
3456
3454
3455
3457
3459
3461
3462
3463
3464
3465
3467
3466
3468
3470
3469
3471
3472
3473
3474
3475
3477
3478
3479
3480
3481
3482
3483
3485
3484
3486
3487
3488
3491
3500
3502
3492
3498
3497
3496
3493
3504
3505
3507
3503
3508
3509
3511
3514
3513
3515
3517
3512
3510
3518
3520
3519
3521
3523
3530
3525
3527
3529
3531
3533
3532
3534
3535
3536
3537
3540
3539
3541
3543
3542
3544
3545
3546
3547
3548
3549
3550
3551
3552
3553
3554
3555
3556
3494
3557
3559
3560
3561
3562
3563
3564
3565
3566
3568
3570
3571
3572
3574
3573
3575
3576
3578
3577
3579
3580
3581
3582
3585
3584
3583
3586
3587
3588
3589
3590
3591
3592
3593
3597
3594
3596
3598
3599
3600
3601
3602
3603
3604
3606
3605
3607
3608
3609
3612
3611
3610
3613
3614
3616
3615
3617
3618
3619
3620
3622
3621
3623
3624
3625
3627
3626
3628
3629
3630
3631
3632
3635
3637
3638
3640
3639
3641
3642
3643
3644
3645
3646
3648
3647
3650
3651
3653
3652
3655
3654
3656
3657
3660
3659
3661
3663
3664
3666
3667
3665
3669
3668
3671
3672
3673
3675
3674
3676
3678
3680
3679
3682
3681
3683
3684
3686
3689
3691
3690
3688
3685
3693
3687
3692
3699
3698
3695
3701
3697
3694
3696
3703
3702
3700
3708
3709
3706
3712
3710
3713
3711
3705
3704
3707
3714
3722
3717
3724
3718
3720
3723
3716
3719
3715
3725
3729
3734
3733
3731
3730
3732
3727
3726
3735
3746
3737
3736
3743
3740
3745
3744
3741
3739
3738
3749
3756
3752
3748
3758
3754
3753
3751
3750
3747
3759
3761
3763
3762
3765
3769
3768
3766
3764
3767
3778
3772
3770
3777
3779
3776
3780
3774
3771
3773
3781
3782
3783
3787
3785
3790
3788
3789
3784
3786
3792
3794
3796
3797
3799
3803
3800
3801
3802
3798
3806
3805
3807
3817
3818
3814
3812
3809
3819
3811
3810
3808
3820
3828
3824
3830
3831
3822
3826
3825
3829
3821
3827
3834
3836
3838
3832
3837
3842
3840
3833
3841
3839
3846
3853
3855
3845
3856
3852
3851
3849
3847
3850
3858
3860
3857
3864
3865
3861
3866
3868
3862
3863
3878
3871
3877
3869
3880
3874
3875
3873
3872
3879
3882
3883
3892
3891
3885
3886
3893
3884
3890
3881
3901
3897
3903
3902
3900
3895
3896
3904
3899
3898
3906
3910
3914
3909
3913
3911
3908
3905
3912
3907
3916
3917
3915
3919
3918
3923
3924
3920
3921
3922
3925
3926
3928
3927
3929
3937
3936
3931
3934
3938
3940
3941
3939
3942
3943
3944
3948
3945
3946
3947
3949
3951
3950
3953
3952
3957
3962
3955
3960
3958
3963
3965
3966
3969
3967
3970
3974
3975
3973
3972
3978
3980
3981
3982
3983
3985
3984
3986
3988
3987
3989
3991
3993
3992
3990
3994
3996
3995
3998
3997
4000
3999
4001
4003
4004
4007
4005
4006
4008
4009
4010
4012
4011
4013
4015
4014
4017
4016
4023
4025
4028
4032
4030
4024
4018
4021
4019
4029
4037
4036
4033
4034
4045
4046
4050
4049
4051
4054
4052
4058
4040
4043
4042
4044
4039
4038
4059
4062
4063
4064
4066
4065
4070
4073
4071
4069
4068
4074
4067
4075
4078
4076
4079
4091
4092
4093
4095
4094
4096
4097
4098
4099
4101
4083
4085
4086
4102
4081
4103
4105
4106
4087
4084
4110
4107
4109
4108
4112
4114
4116
4111
4118
4117
4120
4119
4115
4121
4124
4113
4123
4125
4126
4132
4127
4128
4122
4133
4135
4136
4137
4140
4141
4143
4138
4145
4147
4139
4149
4148
4151
4150
4152
4155
4153
4156
4157
4159
4154
4162
4160
4161
4134
4164
4166
4167
4169
4171
4163
4172
4173
4170
4174
4175
4176
4168
4177
4179
4182
4183
4180
4187
4184
4188
4186
4185
4191
4193
4189
4195
4196
4192
4190
4194
4197
4198
4202
4203
4204
4208
4209
4212
4210
4205
4213
4214
4222
4219
4223
4220
4224
4217
4201
4200
4199
4232
4234
4218
4233
4235
4237
4236
4227
4225
4228
4238
4239
4240
4229
4230
4231
4243
4242
4241
4246
4245
4247
4248
4251
4253
4257
4260
4256
4254
4258
4250
4252
4261
4267
4268
4275
4262
4271
4270
4273
4274
4266
4269
4277
4276
4284
4281
4283
4285
4286
4287
4278
4279
4282
4280
4288
4291
4289
4293
4292
4294
4290
4295
4298
4297
4296
4299
4301
4306
4302
4307
4308
4309
4311
4310
4312
4313
4315
4314
4317
4318
4319
4321
4320
4322
4323
4325
4324
4327
4326
4328
4329
4330
4333
4337
4339
4340
4336
4342
4343
4344
4341
4345
4346
4347
4348
4349
4351
4352
4353
4355
4356
4354
4358
4360
4359
4357
4361
4316
4362
4363
4366
4367
4365
4369
4370
4371
4373
4372
4364
4376
4374
4377
4381
4378
4380
4334
4383
4385
4387
4388
4382
4389
4397
4392
4386
4399
4398
4400
4402
4403
4404
4401
4406
4405
4408
4409
4411
4413
4415
4417
4418
4419
4422
4423
4424
4425
4426
4427
4428
4429
4391
4431
4390
4432
4435
4436
4395
4393
4439
4442
4441
4440
4443
4445
4444
4447
4446
4449
4450
4452
4451
4453
4454
4455
4456
4458
4459
4460
4462
4465
4468
4471
4466
4464
4470
4472
4474
4476
4475
4430
4481
4480
4478
4479
4477
4473
4482
4483
4490
4484
4485
4489
4486
4487
4493
4488
4494
4495
4496
4504
4502
4501
4500
4499
4497
4505
4498
4503
4511
4512
4509
4515
4510
4516
4513
4507
4514
4508
4524
4527
4521
4517
4525
4526
4523
4519
4522
4518
4528
4530
4534
4529
4531
4538
4539
4533
4536
4532
4540
4550
4541
4551
4544
4548
4543
4547
4542
4545
4553
4552
4556
4561
4559
4557
4555
4558
4554
4560
4562
4564
4565
4571
4567
4570
4569
4566
4568
4572
4573
4574
4575
4576
4577
4578
4579
4580
4582
4581
4583
4585
4586
4588
4589
4591
4592
4595
4593
4598
4597
4596
4599
4600
4601
4602
4603
4604
4606
4607
4610
4612
4609
4613
4614
4616
4618
4619
4615
4620
4623
4626
4624
4622
4627
4629
4628
4632
4631
4634
4635
4638
4636
4637
4639
4640
4641
4642
4643
4644
4645
4646
4648
4649
4647
4650
4651
4653
4654
4652
4655
4656
4657
4658
4659
4661
4660
4665
4662
4664
4667
4668
4670
4672
4674
4671
4675
4678
4681
4683
4686
4677
4679
4685
4688
4676
4687
4680
4689
4692
4690
4694
4693
4700
4696
4695
4697
4698
4701
4703
4702
4710
4706
4711
4705
4704
4707
4709
4722
4714
4720
4723
4716
4718
4712
4713
4721
4719
4724
4727
4728
4730
4733
4734
4732
4731
4725
4729
4735
4736
4737
4738
4739
4740
4742
4743
4744
4741
4745
4746
4747
4748
4749
4750
4753
4756
4751
4755
4757
4759
4760
4761
4763
4762
4765
4766
4768
4769
4770
4771
4772
4773
4774
4775
4777
4778
4779
4780
4781
4782
4783
4784
4786
4787
4788
4789
4790
4791
4793
4792
4794
4795
4796
4797
4798
4799
4800
4802
4803
4804
4805
4806
4808
4809
4807
4810
4811
4812
4813
4814
4815
4816
4817
4819
4821
4818
4822
4823
4824
4825
4826
4827
4830
4829
4828
4831
4833
4834
4835
4836
4837
4838
4839
4840
4841
4842
4844
4843
4845
4846
4847
4848
4849
4850
4851
4852
4853
4858
4856
4862
4859
4863
4854
4861
4864
4855
4866
4868
4872
4865
4869
4867
4870
4871
4874
4876
4884
4888
4885
4877
4879
4882
4881
4878
4887
4883
4899
4892
4895
4890
4897
4894
4889
4893
4898
4896
4908
4901
4903
4904
4909
4905
4900
4906
4907
4902
4910
4913
4911
4912
4914
4918
4917
4919
4915
4916
4920
4925
4923
4924
4935
4932
4927
4937
4922
4931
4934
4941
4943
4948
4949
4947
4944
4950
4939
4942
4946
4953
4952
4957
4962
4958
4959
4960
4963
4964
4961
4965
4966
4967
4968
4971
4972
4969
4973
4974
4970
4975
4977
4976
4985
4978
4982
4980
4983
4981
4984
4986
4987
4988
4989
4991
4994
4992
4993
4997
4995
4998
4999
5001
5002
5006
5003
5007
5004
5005
5008
5009
5011
5012
5013
5014
5015
5016
5019
5022
5020
5017
5018
5021
5023
5024
5025
5026
5027
5030
5031
5033
5032
5035
5036
5037
5038
5039
5040
5042
5043
5044
5046
5045
5047
5049
5051
5052
5054
5055
5056
5058
5059
5060
5061
5062
5065
5066
5067
5068
5069
5070
5071
5072
5073
5075
5076
5077
5078
5079
5080
5083
5084
5081
5082
5085
5087
5088
5100
5092
5097
5093
5099
5094
5098
5091
5090
5095
5105
5104
5108
5102
5103
5107
5110
5113
5112
5101
5114
5115
5116
5121
5117
5119
5118
5123
5122
5120
5124
5125
5126
5127
5130
5132
5129
5134
5135
5136
5137
5138
5139
5140
5141
5142
5143
5145
5151
5150
5147
5156
5157
5158
5159
5161
5160
5167
5164
5168
5163
5169
5165
5170
5171
5173
5172
5175
5177
5176
5180
5178
5179
5183
5181
5182
5184
5185
5186
5188
5189
5190
5191
5193
5195
5194
5197
5198
5199
5200
5202
5203
5204
5205
5210
5211
5209
5212
5214
5215
5216
5218
5219
5220
5221
5224
5223
5222
5225
5226
5227
5228
5231
5232
5233
5235
5234
5239
5240
5242
5243
5245
5244
5246
5247
5250
5251
5252
5253
5254
5255
5256
5258
5259
5262
5263
5264
5266
5265
5268
5269
5270
5271
5272
5273
5274
5275
5276
5277
5278
5279
5280
5282
5284
5285
5286
5288
5291
5292
5293
5295
5297
5294
5296
5298
5299
5300
5303
5304
5305
5307
5306
5312
5309
5313
5317
5318
5319
5321
5322
5323
5324
5325
5326
5328
5327
5331
5333
5334
5335
5336
5337
5338
5340
5342
5341
5345
5346
5347
5351
5354
5355
5356
5359
5360
5364
5361
5362
5366
5367
5369
5370
5371
5372
5374
5375
5376
5378
5379
5380
5377
5381
5382
5383
5387
5391
5389
5398
5400
5403
5401
5402
5399
5404
5396
5406
5408
5409
5413
5411
5407
5414
5415
5416
5417
5420
5421
5423
5424
5425
5426
5429
5394
5431
5430
5395
5435
5432
5436
5439
5441
5444
5445
5446
5443
5450
5452
5412
5438
5453
5418
5457
5456
5458
5459
5460
5461
5462
5466
5464
5468
5469
5467
5463
5465
5470
5471
5473
5475
5474
5478
5480
5479
5476
5482
5477
5481
5483
5485
5486
5487
5488
5489
5491
5494
5490
5492
5495
5496
5497
5498
5499
5503
5505
5504
5508
5507
5501
5506
5500
5509
5510
5511
5512
5513
5514
5516
5521
5518
5519
5515
5522
5523
5529
5531
5526
5525
5527
5530
5532
5528
5533
5534
5539
5536
5535
5542
5541
5540
5537
5538
5544
5543
5545
5546
5548
5549
5552
5551
5547
5550
5554
5556
5555
5557
5558
5559
5560
5563
5565
5564
5566
5562
5561
5567
5568
5569
5573
5574
5577
5578
5575
5579
5576
5580
5581
5582
5583
5584
5586
5585
5588
5590
5589
5591
5592
5593
5594
5595
5596
5597
5598
5601
5603
5605
5600
5602
5607
5604
5609
5610
5611
5612
5613
5615
5617
5614
5616
5618
5619
5620
5622
5621
5623
5625
5624
5627
5626
5629
5628
5630
5631
5632
5633
5635
5634
5636
5639
5638
5640
5641
5642
5643
5608
5646
5644
5652
5649
5648
5654
5651
5647
5655
5656
5657
5659
5660
5664
5663
5666
5662
5665
5667
5668
5670
5669
5671
5673
5672
5675
5674
5677
5676
5678
5679
5680
5681
5682
5683
5684
5690
5687
5686
5685
5688
5691
5692
5694
5695
5696
5697
5698
5699
5700
5701
5702
5703
5705
5704
5706
5707
5708
5710
5711
5712
5713
5714
5715
5716
5717
5718
5719
5721
5722
5723
5725
5726
5724
5727
5728
5720
5709
5731
5730
5737
5732
5736
5735
5743
5742
5739
5741
5738
5733
5744
5745
5746
5747
5749
5752
5750
5751
5754
5755
5756
5757
5758
5759
5760
5761
5762
5763
5765
5764
5766
5767
5768
5770
5771
5772
5773
5774
5775
5777
5778
5779
5781
5782
5783
5785
5787
5789
5790
5791
5792
5793
5796
5794
5798
5795
5797
5799
5800
5801
5802
5803
5804
5805
5806
5809
5807
5810
5812
5811
5813
5814
5815
5816
5817
5820
5821
5819
5822
5823
5824
5818
5826
5825
5827
5832
5828
5834
5835
5830
5829
5836
5837
5840
5839
5841
5842
5846
5845
5847
5844
5848
5851
5849
5850
5852
5853
5854
5855
5857
5856
5859
5858
5861
5860
5862
5863
5864
5866
5867
5868
5870
5869
5871
5872
5874
5873
5877
5875
5878
5879
5880
5883
5886
5884
5885
5882
5887
5881
5888
5889
5890
5891
5892
5893
5894
5896
5897
5895
5898
5900
5899
5901
5902
5903
5904
5908
5906
5912
5918
5911
5910
5917
5914
5915
5913
5916
5909
5920
5919
5924
5927
5922
5926
5925
5921
5928
5923
5929
5930
5931
5934
5933
5932
5935
5937
5936
5938
5939
5940
5941
5942
5943
5948
5949
5947
5950
5946
5945
5952
5953
5954
5955
5957
5959
5958
5962
5956
5960
5961
5963
5964
5965
5966
5967
5972
5971
5976
5973
5977
5969
5970
5968
5979
5980
5981
5982
5984
5987
5986
5988
5985
5983
5989
5990
5991
5992
5993
5994
5995
5996
5997
5998
6000
6001
6002
6003
6005
6006
6007
6008
6010
6011
6012
6013
6015
6016
6014
6018
6017
6019
6020
6021
6023
6024
6025
6027
6028
6029
6030
6031
6032
6033
6034
6036
6037
6038
6041
6044
6046
6043
6047
6048
6049
6050
6052
6054
6055
6057
6059
6058
6060
6061
6062
6063
6064
6065
6066
6067
6068
6069
6070
6071
6072
6073
6076
6078
6079
6080
6081
6082
6083
6086
6087
6088
6089
6093
6097
6090
6095
6098
6096
6094
6091
6099
6092
6103
6110
6108
6105
6102
6100
6106
6107
6109
6101
6120
6114
6116
6113
6112
6111
6118
6115
6117
6119
6121
6131
6126
6127
6123
6129
6128
6130
6125
6122
6132
6133
6141
6134
6139
6135
6137
6136
6142
6138
6143
6144
6148
6147
6149
6145
6151
6150
6152
6146
6153
6154
6155
6156
6157
6158
6162
6161
6159
6160
6163
6164
6165
6166
6167
6168
6171
6170
6172
6173
6174
6175
6176
6177
6178
6179
6181
6180
6184
6183
6182
6186
6185
6188
6187
6189
6190
6191
6197
6195
6196
6192
6193
6198
6199
6200
6201
6202
6204
6205
6207
6209
6208
6210
6212
6211
6214
6213
6216
6223
6226
6221
6218
6222
6219
6228
6217
6220
6229
6230
6231
6233
6238
6237
6234
6239
6236
6235
6240
6241
6242
6243
6250
6246
6251
6248
6245
6247
6249
6253
6252
6254
6256
6255
6258
6260
6257
6263
6259
6264
6265
6266
6267
6268
6269
6272
6270
6273
6271
6274
6275
6276
6277
6278
6279
6284
6282
6280
6283
6286
6285
6288
6287
6289
6290
6292
6291
6294
6293
6295
6297
6296
6298
6299
6300
6301
6302
6305
6307
6308
6314
6311
6312
6309
6315
6316
6317
6318
6319
6320
6321
6322
6323
6325
6324
6326
6327
6328
6329
6331
6332
6333
6337
6336
6335
6338
6339
6340
6341
6342
6343
6344
6345
6347
6346
6350
6351
6349
6348
6352
6354
6355
6356
6357
6358
6359
6360
6365
6362
6364
6366
6367
6368
6369
6370
6371
6380
6378
6376
6377
6374
6379
6382
6383
6375
6372
6384
6385
6386
6390
6394
6389
6392
6391
6388
6395
6396
6387
6398
6397
6402
6404
6400
6401
6405
6406
6403
6399
6407
6408
6409
6410
6414
6415
6416
6417
6413
6411
6418
6419
6421
6420
6422
6423
6424
6425
6426
6427
6429
6430
6432
6433
6434
6435
6428
6436
6438
6437
6439
6440
6441
6442
6444
6443
6445
6446
6447
6448
6449
6450
6451
6452
6455
6453
6457
6456
6459
6458
6460
6461
6462
6463
6464
6465
6467
6466
6469
6468
6471
6470
6472
6473
6475
6476
6477
6478
6479
6480
6481
6482
6483
6484
6474
6485
6486
6487
6488
6491
6489
6492
6490
6494
6495
6496
6493
6497
6500
6501
6502
6503
6504
6505
6506
6510
6508
6507
6509
6511
6512
6513
6514
6515
6516
6517
6519
6520
6518
6522
6523
6521
6524
6525
6526
6528
6531
6529
6527
6534
6535
6533
6532
6536
6538
6537
6542
6543
6541
6544
6545
6546
6540
6547
6552
6553
6550
6549
6551
6539
6548
6554
6564
6556
6565
6559
6557
6560
6566
6561
6555
6558
6567
6568
6569
6573
6571
6570
6574
6576
6575
6572
6577
6578
6579
6580
6585
6582
6583
6586
6584
6587
6589
6588
6590
6592
6593
6594
6597
6598
6600
6599
6591
6596
6603
6604
6602
6605
6608
6607
6606
6609
6610
6618
6620
6619
6621
6623
6622
6624
6625
6626
6601
6627
6628
6629
6630
6631
6611
6612
6614
6616
6613
6617
6632
6633
6634
6635
6636
6637
6638
6639
6641
6642
6643
6644
6645
6640
6646
6651
6655
6656
6649
6650
6653
6657
6654
6652
6658
6659
6662
6660
6661
6663
6665
6666
6664
6668
6671
6670
6669
6667
6672
6674
6673
6677
6678
6681
6679
6680
6684
6682
6685
6648
6686
6690
6687
6695
6693
6692
6696
6688
6689
6697
6699
6702
6700
6701
6705
6706
6707
6710
6711
6709
6704
6703
6714
6712
6715
6716
6726
6721
6719
6723
6676
6718
6725
6694
6717
6722
6729
6737
6733
6736
6728
6732
6730
6735
6734
6731
6738
6739
6741
6743
6742
6745
6744
6746
6747
6740
6749
6750
6751
6753
6752
6754
6755
6756
6757
6758
6759
6760
6761
6762
6763
6764
6765
6767
6768
6770
6766
6771
6772
6773
6774
6779
6775
6776
6778
6777
6780
6781
6782
6785
6784
6786
6789
6788
6790
6791
6792
6795
6793
6796
6794
6797
6798
6800
6799
6801
6804
6803
6806
6805
6802
6810
6811
6807
6808
6812
6814
6815
6817
6816
6818
6822
6819
6820
6823
6821
6826
6824
6827
6825
6828
6835
6834
6832
6833
6829
6839
6836
6841
6840
6838
6842
6843
6850
6851
6846
6845
6849
6847
6844
6848
6852
6853
6855
6860
6861
6857
6856
6859
6854
6858
6862
6866
6867
6868
6875
6873
6869
6876
6874
6871
6877
6879
6880
6881
6882
6883
6887
6886
6884
6885
6888
6889
6890
6891
6892
6893
6895
6894
6896
6897
6898
6899
6900
6901
6902
6903
6904
6912
6906
6911
6905
6909
6908
6910
6920
6919
6913
6914
6915
6921
6923
6918
6924
6917
6925
6926
6928
6927
6930
6931
6932
6933
6934
6929
6935
6936
6937
6939
6941
6942
6946
6947
6944
6948
6949
6950
6951
6953
6954
6955
6956
6957
6960
6958
6959
6962
6961
6964
6965
6967
6969
6971
6975
6972
6974
6977
6976
6978
6980
6981
6982
6983
6985
6988
6987
6989
6990
6992
6993
6994
6995
6996
6998
6997
6999
7001
7000
7003
7002
7006
7004
7007
7010
7008
7011
7015
7014
7017
7019
7021
7022
7018
7024
7023
7026
7027
7029
7030
7032
7031
7034
7033
7035
7036
7037
7039
7038
7040
7043
7041
7045
7042
7047
7048
7046
7049
7051
7052
7058
7053
7055
7054
7059
7061
7060
7063
7062
7064
7067
7065
7069
7066
7070
7073
7074
7076
7072
7079
7081
7080
7084
7083
7086
7085
7087
7088
7089
7090
7091
7092
7095
7094
7100
7096
7097
7098
7101
7099
7102
7103
7105
7104
7116
7110
7113
7114
7107
7118
7115
7111
7108
7112
7119
7120
7122
7127
7126
7123
7128
7124
7125
7132
7131
7129
7136
7135
7138
7137
7134
7130
7141
7140
7144
7142
7145
7146
7121
7139
7148
7150
7151
7153
7155
7156
7154
7158
7157
7152
7160
7162
7163
7166
7164
7165
7168
7175
7172
7174
7169
7176
7178
7180
7179
7181
7182
7185
7189
7188
7187
7190
7191
7192
7193
7194
7195
7196
7197
7199
7200
7201
7202
7204
7206
7207
7208
7212
7214
7210
7209
7211
7213
7217
7216
7220
7228
7223
7227
7226
7225
7221
7230
7231
7232
7233
7235
7238
7237
7240
7239
7241
7234
7248
7243
7246
7250
7252
7254
7251
7249
7258
7259
7261
7257
7264
7263
7268
7262
7266
7270
7273
7271
7272
7274
7276
7279
7256
7280
7281
7282
7283
7284
7285
7286
7288
7289
7290
7291
7292
7293
7294
7296
7300
7301
7302
7303
7299
7297
7304
7305
7306
7307
7309
7312
7310
7311
7278
7315
7313
7314
7308
7316
7317
7318
7319
7322
7325
7324
7332
7328
7329
7330
7326
7333
7334
7335
7336
7337
7338
7344
7340
7343
7341
7342
7345
7347
7348
7349
7350
7352
7355
7358
7356
7353
7354
7357
7359
7360
7361
7362
7363
7364
7366
7365
7368
7370
7369
7372
7367
7371
7373
7374
7375
7376
7379
7377
7382
7381
7385
7384
7386
7388
7389
7390
7391
7393
7398
7399
7396
7397
7401
7400
7402
7405
7406
7407
7408
7409
7411
7414
7412
7413
7416
7418
7422
7417
7423
7425
7424
7427
7426
7430
7432
7429
7428
7431
7433
7436
7434
7438
7437
7445
7440
7442
7444
7443
7441
7448
7446
7450
7451
7452
7456
7453
7455
7454
7459
7460
7462
7463
7464
7465
7466
7467
7468
7469
7470
7471
7473
7472
7474
7476
7477
7478
7480
7481
7482
7487
7485
7486
7483
7484
7488
7489
7490
7492
7493
7494
7495
7499
7498
7496
7502
7508
7497
7507
7505
7509
7504
7513
7514
7515
7519
7516
7518
7517
7522
7523
7524
7526
7527
7528
7530
7532
7521
7533
7534
7535
7529
7536
7537
7538
7540
7541
7543
7545
7542
7539
7550
7547
7549
7558
7553
7555
7552
7554
7551
7557
7559
7565
7570
7567
7563
7564
7511
7560
7561
7568
7571
7573
7577
7583
7581
7584
7575
7580
7574
7579
7572
7585
7586
7587
7589
7591
7590
7588
7595
7593
7594
7597
7599
7592
7601
7602
7603
7605
7607
7604
7609
7608
7611
7600
7613
7616
7615
7620
7622
7624
7628
7617
7626
7630
7632
7621
7636
7638
7637
7640
7635
7641
7642
7643
7646
7645
7644
7647
7649
7651
7634
7650
7648
7653
7657
7654
7658
7659
7662
7663
7661
7660
7666
7668
7670
7674
7675
7655
7677
7679
7671
7672
7681
7682
7683
7684
7686
7687
7688
7689
7690
7678
7692
7693
7694
7697
7696
7701
7698
7708
7702
7633
7695
7709
7705
7704
7699
7700
7706
7703
7710
7711
7716
7714
7722
7718
7715
7717
7721
7720
7723
7726
7728
7729
7732
7733
7740
7735
7739
7741
7737
7736
7743
7744
7746
7750
7745
7747
7748
7752
7751
7749
7754
7756
7757
7758
7759
7760
7763
7766
7765
7767
7764
7768
7769
7770
7771
7772
7773
7778
7782
7775
7783
7776
7774
7784
7786
7787
7788
7789
7790
7791
7796
7792
7797
7793
7802
7801
7800
7804
7806
7808
7809
7811
7812
7815
7818
7817
7819
7820
7822
7823
7824
7826
7827
7828
7825
7829
7830
7832
7834
7837
7836
7835
7840
7839
7838
7841
7842
7843
7849
7847
7846
7848
7850
7805
7821
7831
7845
7852
7853
7857
7854
7855
7858
7859
7861
7860
7862
7863
7864
7865
7868
7867
7866
7870
7871
7872
7873
7874
7876
7875
7877
7878
7879
7880
7882
7881
7884
7886
7888
7887
7890
7889
7891
7892
7895
7893
7898
7899
7894
7897
7900
7905
7909
7910
7907
7896
7911
7912
7913
7915
7914
7922
7916
7920
7921
7917
7923
7924
7926
7927
7928
7929
7930
7931
7933
7932
7934
7935
7936
7938
7937
7939
7940
7941
7942
7947
7945
7949
7944
7943
7950
7948
7951
7954
7952
7955
7957
7960
7961
7958
7962
7966
7964
7967
7969
7968
7975
7971
7972
7970
7973
7976
7979
7974
7977
7980
7981
7983
7982
7989
7984
7987
7985
7996
7993
7988
7992
7997
7998
8000
8001
8002
8011
8010
8008
8005
8009
8012
8013
8014
8015
8016
8019
8023
8022
8021
8020
8024
8026
8025
8029
8028
8030
8032
8031
8035
8038
8033
8034
8037
8040
8041
8039
8042
8044
8046
8057
8055
8056
8051
8053
8047
8054
8058
8059
8060
8062
8065
8064
8066
8069
8067
8068
8070
8071
8072
8075
8074
8073
8080
8085
8076
8086
8087
8078
8081
8088
8091
8090
8094
8093
8095
8097
8096
8099
8098
8107
8102
8108
8109
8106
8104
8103
8105
8110
8112
8114
8113
8115
8116
8118
8120
8125
8124
8126
8127
8128
8130
8129
8131
8132
8134
8133
8137
8138
8135
8139
8140
8142
8143
8144
8151
8147
8152
8153
8157
8159
8148
8146
8160
8163
8164
8165
8168
8166
8169
8170
8173
8171
8174
8175
8176
8178
8181
8182
8183
8184
8187
8188
8186
8190
8189
8191
8193
8196
8194
8197
8199
8200
8201
8203
8205
8202
8208
8207
8209
8206
8210
8213
8212
8215
8214
8218
8221
8219
8220
8217
8216
8223
8224
8226
8225
8228
8232
8231
8236
8227
8237
8238
8240
8241
8242
8243
8245
8247
8248
8246
8244
8249
8250
8251
8252
8253
8254
8256
8258
8257
8259
8262
8261
8260
8263
8264
8255
8265
8268
8266
8270
8278
8272
8273
8279
8280
8275
8271
8282
8283
8284
8289
8286
8291
8290
8285
8287
8288
8293
8295
8296
8298
8301
8302
8300
8299
8305
8310
8307
8311
8313
8308
8303
8312
8314
8306
8315
8316
8317
8326
8327
8319
8322
8325
8324
8318
8328
8329
8330
8331
8334
8332
8333
8336
8335
8337
8338
8339
8340
8341
8342
8343
8345
8347
8344
8348
8349
8351
8352
8350
8353
8354
8355
8357
8359
8358
8360
8362
8361
8364
8363
8366
8367
8368
8369
8370
8371
8372
8373
8375
8374
8377
8376
8378
8379
8381
8380
8383
8382
8384
8385
8386
8387
8388
8389
8390
8391
8392
8393
8394
8395
8399
8397
8401
8403
8400
8402
8404
8405
8406
8407
8408
8410
8411
8412
8413
8414
8416
8415
8418
8417
8420
8419
8423
8424
8425
8426
8421
8422
8432
8427
8434
8433
8435
8436
8437
8440
8443
8441
8439
8442
8445
8446
8448
8450
8451
8452
8454
8453
8458
8456
8455
8462
8457
8460
8459
8463
8465
8464
8466
8467
8468
8469
8471
8472
8473
8474
8477
8475
8478
8479
8483
8484
8490
8492
8487
8486
8499
8491
8485
8493
8494
8489
8500
8501
8502
8506
8504
8505
8508
8507
8509
8503
8510
8511
8514
8515
8516
8518
8521
8522
8520
8523
8519
8524
8525
8526
8529
8530
8533
8534
8531
8537
8538
8539
8535
8542
8540
8543
8544
8546
8548
8549
8547
8554
8552
8553
8550
8556
8557
8558
8559
8560
8561
8562
8563
8564
8566
8568
8569
8565
8570
8571
8572
8573
8574
8575
8578
8579
8576
8577
8581
8582
8583
8584
8585
8587
8588
8594
8591
8590
8597
8596
8598
8599
8600
8602
8603
8605
8607
8606
8609
8608
8610
8612
8613
8614
8615
8616
8617
8618
8619
8620
8621
8623
8624
8625
8627
8626
8629
8628
8630
8631
8632
8633
8634
8636
8640
8637
8641
8644
8645
8643
8642
8646
8648
8649
8651
8653
8654
8655
8659
8661
8662
8656
8657
8660
8663
8664
8665
8666
8667
8669
8672
8668
8673
8671
8670
8676
8677
8674
8681
8679
8688
8685
8678
8683
8687
8682
8680
8686
8689
8690
8692
8693
8694
8695
8698
8697
8696
8699
8701
8702
8703
8704
8705
8708
8706
8711
8712
8710
8709
8714
8717
8718
8719
8720
8722
8721
8723
8726
8728
8725
8727
8729
8730
8732
8733
8734
8735
8736
8737
8739
8740
8738
8741
8742
8743
8744
8746
8745
8748
8750
8752
8753
8754
8751
8756
8755
8757
8758
8759
8760
8761
8762
8767
8763
8764
8768
8765
8770
8769
8771
8772
8773
8775
8774
8776
8779
8777
8781
8783
8782
8784
8785
8786
8787
8789
8791
8790
8792
8794
8796
8798
8797
8799
8802
8803
8804
8805
8806
8807
8809
8808
8811
8813
8812
8815
8817
8818
8819
8820
8828
8821
8825
8830
8823
8831
8822
8829
8824
8827
8832
8833
8834
8836
8840
8838
8842
8837
8841
8839
8843
8845
8846
8848
8854
8851
8850
8855
8856
8857
8859
8860
8861
8862
8863
8865
8867
8869
8873
8874
8870
8872
8871
8875
8866
8864
8868
8876
8879
8877
8878
8880
8882
8881
8883
8885
8886
8884
8887
8889
8890
8891
8892
8898
8894
8896
8895
8897
8900
8901
8902
8903
8904
8906
8907
8908
8909
8910
8911
8914
8912
8913
8915
8916
8917
8918
8919
8920
8921
8922
8923
8926
8924
8928
8929
8930
8933
8936
8937
8938
8939
8940
8942
8941
8943
8944
8945
8948
8949
8951
8952
8953
8954
8956
8958
8959
8960
8962
8969
8961
8965
8963
8966
8967
8968
8974
8973
8976
8977
8978
8979
8980
8981
8982
8983
8984
8985
8986
8988
8989
8990
8991
8994
8993
8995
8996
8997
8998
8999
9000
9001
9002
9003
9004
9005
9012
9006
9010
9009
9013
9014
9015
9016
9018
9021
9020
9022
9019
9023
9027
9024
9028
9029
9030
9031
9034
9032
9033
9035
9038
9036
9039
8971
9040
9041
9043
9044
9045
9046
9047
9049
9053
9051
9054
9042
9061
9060
9057
9062
9065
9068
9064
9066
9056
9067
9069
9073
9074
9075
9078
9077
9070
9079
9081
9083
9080
9085
9087
9088
9092
9093
9089
9090
9097
9094
9091
9096
9098
9099
9100
9103
9102
9101
9112
9108
9113
9115
9105
9107
9116
9118
9119
9120
9122
9121
9127
9123
9129
9125
9128
9132
9131
9133
9134
9137
9135
9139
9140
9141
9142
9145
9144
9147
9146
9149
9151
9152
9154
9156
9158
9157
9163
9167
9168
9164
9160
9161
9159
9169
9171
9172
9173
9177
9175
9174
9181
9180
9183
9176
9182
9185
9188
9186
9189
9190
9192
9193
9195
9198
9200
9202
9204
9197
9196
9199
9201
9205
9206
9207
9208
9209
9210
9214
9215
9216
9217
9220
9218
9221
9222
9223
9224
9225
9226
9227
9228
9229
9231
9230
9232
9233
9234
9236
9237
9235
9238
9239
9240
9241
9242
9243
9249
9246
9248
9250
9254
9255
9257
9256
9258
9259
9263
9265
9272
9268
9274
9267
9261
9275
9266
9271
9270
9273
9276
9277
9278
9279
9287
9288
9284
9286
9289
9282
9281
9291
9293
9294
9296
9300
9304
9301
9295
9297
9299
9305
9306
9298
9307
9308
9309
9310
9314
9313
9315
9317
9311
9318
9319
9320
9321
9322
9323
9326
9324
9325
9327
9328
9329
9330
9331
9332
9333
9334
9335
9336
9339
9338
9340
9342
9343
9341
9344
9345
9347
9348
9349
9351
9350
9352
9354
9356
9353
9355
9359
9360
9361
9362
9366
9364
9367
9369
9374
9372
9371
9373
9368
9375
9377
9380
9378
9382
9385
9383
9386
9384
9387
9388
9392
9389
9391
9393
9394
9397
9398
9400
9401
9402
9403
9406
9405
9408
9407
9409
9410
9411
9413
9414
9417
9416
9415
9418
9419
9420
9422
9425
9426
9427
9431
9429
9432
9433
9435
9428
9434
9438
9437
9436
9439
9440
9441
9442
9443
9448
9449
9444
9450
9451
9445
9452
9453
9454
9458
9468
9460
9466
9461
9459
9456
9457
9467
9463
9469
9473
9478
9479
9476
9475
9480
9471
9477
9474
9470
9482
9484
9491
9485
9490
9486
9487
9488
9489
9493
9494
9492
9481
9495
9500
9496
9497
9499
9501
9498
9502
9503
9504
9505
9508
9507
9509
9511
9515
9510
9514
9516
9517
9518
9520
9521
9522
9523
9524
9525
9526
9528
9529
9531
9532
9533
9534
9535
9536
9537
9540
9538
9539
9541
9542
9543
9544
9545
9547
9546
9548
9551
9550
9549
9552
9553
9554
9556
9558
9557
9559
9561
9562
9564
9563
9565
9566
9567
9568
9569
9570
9571
9572
9573
9574
9578
9582
9576
9575
9585
9577
9586
9584
9583
9580
9587
9591
9594
9592
9595
9590
9593
9596
9589
9597
9601
9602
9604
9607
9603
9608
9609
9606
9599
9610
9611
9613
9612
9614
9616
9615
9617
9618
9619
9620
9621
9623
9622
9625
9626
9629
9628
9627
9631
9632
9633
9634
9638
9636
9637
9640
9642
9600
9641
9643
9644
9639
9650
9647
9652
9646
9649
9645
9648
9654
9653
9651
9667
9656
9659
9664
9660
9661
9666
9663
9657
9658
9670
9674
9678
9671
9672
9668
9673
9677
9675
9676
9687
9684
9682
9685
9681
9680
9690
9683
9691
9689
9694
9693
9692
9696
9695
9698
9700
9699
9701
9702
9703
9704
9705
9706
9707
9710
9708
9709
9711
9712
9713
9714
9716
9717
9718
9719
9721
9720
9722
9723
9727
9726
9725
9729
9730
9731
9732
9733
9734
9736
9737
9738
9740
9741
9742
9743
9747
9751
9753
9749
9745
9750
9752
9754
9755
9756
9757
9758
9761
9762
9759
9765
9764
9739
9767
9769
9770
9771
9772
9773
9776
9775
9774
9777
9778
9779
9780
9781
9782
9783
9785
9787
9786
9788
9789
9792
9793
9794
9795
9796
9797
9798
9801
9802
9800
9803
9804
9799
9805
9806
9807
9808
9810
9812
9813
9814
9815
9816
9827
9824
9820
9818
9821
9830
9825
9823
9819
9826
9832
9831
9833
9836
9834
9835
9837
9838
9839
9840
9841
9843
9842
9848
9847
9845
9849
9850
9853
9852
9856
9859
9858
9860
9861
9862
9864
9863
9867
9865
9869
9871
9870
9872
9874
9875
9878
9881
9876
9882
9884
9883
9885
9887
9879
9888
9889
9890
9892
9891
9897
9898
9899
9900
9894
9903
9902
9896
9895
9906
9907
9908
9904
9909
9910
9905
9912
9911
9913
9914
9916
9917
9918
9919
9920
9921
9922
9915
9924
9901
9925
9927
9931
9930
9929
9932
9928
9926
9933
9934
9936
9938
9943
9940
9944
9945
9946
9947
9948
9949
9939
9950
9952
9951
9955
9953
9957
9959
9958
9962
9963
9964
9965
9966
9968
9969
9970
9974
9975
9976
9956
9978
9977
9980
9979
9981
9984
9985
9983
9988
9986
9991
9987
9997
9996
9995
9993
9992
9998
10002
9999
10000
10005
10004
10003
10006
10007
10009
10010
10008
10013
10016
10018
10012
10011
10014
10015
9994
10019
10020
10021
10022
10029
10027
10025
10028
10031
10030
10032
10033
10035
10034
10037
10039
10038
10036
10040
10044
10042
10046
10047
10048
10049
10056
10054
10050
10053
10052
10051
10061
10062
10064
10063
10065
10060
10066
10069
10067
10057
10068
10059
10071
10072
10074
10078
10073
10079
10081
10082
10080
10085
10087
10086
10084
10083
10088
10089
10090
10091
10097
10101
10100
10099
10093
10098
10102
10103
10104
10105
10106
10111
10112
10118
10115
10119
10117
10120
10121
10122
10123
10125
10126
10127
10128
10129
10131
10130
10134
10135
10136
10137
10142
10144
10143
10146
10145
10147
10148
10139
10150
10149
10151
10152
10155
10153
10156
10157
10158
10160
10159
10161
10164
10162
10163
10165
10167
10171
10169
10173
10174
10176
10175
10166
10177
10179
10180
10181
10182
10185
10184
10140
10141
10186
10187
10188
10189
10190
10191
10193
10194
10195
10198
10197
10199
10200
10201
10203
10204
10208
10207
10206
10209
10210
10211
10213
10216
10215
10212
10214
10219
10220
10202
10221
10223
10224
10225
10229
10230
10231
10232
10233
10235
10234
10237
10238
10239
10240
10241
10236
10242
10244
10247
10246
10250
10248
10205
10243
10253
10254
10255
10256
10257
10260
10262
10263
10264
10266
10218
10258
10267
10269
10270
10265
10271
10273
10275
10274
10272
10276
10277
10278
10280
10281
10282
10286
10287
10285
10283
10289
10288
10290
10291
10292
10294
10293
10296
10297
10299
10298
10284
10300
10301
10302
10303
10304
10306
10305
10309
10308
10310
10307
10312
10311
10313
10314
10315
10316
10321
10320
10318
10317
10324
10325
10326
10327
10319
10322
10329
10331
10330
10332
10333
10334
10335
10336
10337
10338
10339
10341
10340
10342
10346
10347
10344
10348
10343
10345
10350
10352
10351
10353
10356
10358
10359
10357
10360
10364
10365
10366
10368
10367
10374
10373
10363
10370
10369
10372
10371
10349
10361
10362
10376
10375
10379
10380
10381
10384
10382
10385
10378
10383
10386
10387
10388
10389
10390
10394
10393
10396
10392
10395
10397
10398
10399
10400
10401
10402
10404
10406
10403
10405
10408
10407
10409
10410
10411
10412
10413
10414
10416
10419
10415
10417
10418
10420
10421
10422
10423
10424
10425
10429
10426
10431
10432
10433
10434
10435
10437
10428
10438
10430
10439
10440
10441
10442
10443
10444
10445
10446
10448
10447
10450
10449
10452
10451
10453
10454
10455
10456
10457
10458
10459
10460
10462
10463
10464
10466
10461
10465
10467
10468
10469
10470
10471
10474
10476
10473
10475
10477
10478
10481
10482
10483
10484
10485
10489
10490
10488
10487
10491
10493
10486
10492
10494
10495
10496
10497
10500
10502
10503
10499
10504
10498
10507
10508
10509
10510
10511
10513
10514
10516
10515
10517
10518
10512
10520
10521
10522
10523
10524
10525
10529
10526
10528
10527
10531
10530
10532
10533
10540
10539
10545
10544
10543
10541
10537
10536
10538
10534
10546
10547
10549
10551
10553
10550
10548
10555
10554
10552
10556
10557
10558
10559
10564
10562
10560
10563
10561
10566
10565
10567
10568
10571
10572
10573
10576
10577
10575
10574
10578
10579
10580
10581
10582
10583
10584
10588
10585
10586
10589
10587
10590
10591
10592
10593
10594
10595
10596
10597
10599
10598
10601
10600
10604
10605
10606
10607
10608
10610
10612
10609
10611
10614
10615
10613
10616
10618
10617
10620
10626
10624
10621
10619
10622
10623
10625
10628
10627
10629
10632
10638
10641
10631
10633
10636
10635
10640
10639
10647
10651
10642
10643
10653
10649
10645
10648
10644
10646
10654
10655
10660
10657
10658
10664
10663
10659
10661
10662
10665
10669
10674
10670
10666
10668
10673
10667
10671
10672
10675
10676
10677
10679
10683
10680
10685
10681
10684
10682
10686
10687
10688
10689
10690
10692
10693
10696
10695
10698
10697
10699
10700
10701
10702
10703
10704
10708
10705
10706
10716
10715
10712
10707
10710
10709
10713
10711
10714
10725
10721
10726
10722
10727
10717
10718
10719
10728
10723
10732
10744
10739
10741
10733
10736
10735
10740
10730
10742
10751
10745
10755
10747
10749
10748
10756
10754
10746
10752
10763
10759
10768
10765
10757
10761
10760
10769
10767
10766
10770
10772
10776
10782
10773
10777
10775
10779
10778
10781
10784
10786
10792
10795
10791
10788
10787
10794
10789
10793
10797
10796
10800
10798
10803
10802
10805
10801
10799
10807
10804
10806
10813
10811
10817
10814
10809
10812
10810
10818
10816
10820
10821
10827
10826
10822
10828
10830
10823
10825
10824
10829
10839
10834
10831
10832
10841
10837
10835
10840
10838
10833
10847
10852
10842
10844
10850
10848
10843
10853
10851
10845
10864
10854
10860
10866
10865
10855
10856
10863
10858
10861
10873
10867
10875
10878
10877
10874
10868
10872
10876
10869
10883
10885
10889
10887
10879
10884
10886
10882
10888
10881
10892
10897
10891
10899
10893
10890
10895
10896
10894
10898
10900
10901
10902
10903
10905
10908
10907
10906
10909
10904
10910
10911
10913
10912
10915
10914
10919
10918
10916
10917
10920
10921
10922
10923
10927
10929
10925
10924
10926
10930
10928
10931
10932
10933
10934
10935
10947
10939
10936
10943
10946
10940
10944
10938
10941
10945
10949
10948
10957
10956
10953
10951
10950
10955
10952
10954
10960
10966
10962
10961
10967
10959
10964
10965
10970
10958
10979
10976
10973
10974
10971
10980
10977
10981
10978
10975
10990
10984
10993
10982
10992
10985
10991
10983
10986
10989
10997
10995
11003
11001
10994
10998
11002
10996
10999
11000
11005
11008
11006
11010
11012
11004
11013
11007
11011
11009
11014
11018
11015
11022
11021
11023
11016
11020
11019
11017
11029
11025
11034
11033
11031
11028
11024
11027
11030
11032
11036
11035
11042
11045
11044
11038
11043
11040
11039
11046
11047
11048
11050
11049
11052
11053
11051
11054
11056
11055
11057
11058
11067
11063
11065
11066
11059
11064
11061
11062
11068
11069
11070
11072
11077
11080
11076
11078
11071
11079
11074
11073
11081
11082
11083
11084
11085
11090
11092
11088
11091
11089
11093
11094
11095
11096
11097
11098
11101
11102
11099
11100
11103
11105
11106
11107
11108
11109
11112
11113
11114
11115
11117
11110
11118
11120
11121
11125
11130
11134
11127
11132
11126
11131
11123
11135
11136
11138
11140
11141
11143
11146
11149
11150
11145
11147
11148
11153
11163
11151
11154
11161
11160
11162
11158
11159
11152
11156
11166
11168
11169
11174
11172
11175
11176
11171
11173
11178
11180
11181
11182
11183
11184
11185
11186
11188
11195
11193
11187
11196
11197
11198
11200
11214
11213
11211
11210
11199
11208
11201
11204
11209
11215
11216
11219
11227
11224
11222
11225
11218
11226
11217
11229
11228
11230
11232
11234
11238
11235
11239
11233
11236
11240
11241
11242
11243
11244
11245
11248
11251
11252
11249
11253
11256
11257
11258
11259
11261
11264
11265
11266
11269
11268
11267
11270
11273
11271
11274
11275
11276
11277
11285
11279
11278
11284
11281
11286
11287
11288
11289
11290
11293
11291
11294
11295
11296
11292
11298
11299
11297
11300
11301
11302
11303
11305
11306
11307
11308
11309
11311
11310
11313
11312
11315
11316
11318
11319
11325
11323
11324
11314
11327
11328
11329
11330
11331
11333
11336
11335
11337
11334
11338
11339
11340
11341
11342
11343
11345
11347
11349
11348
11350
11351
11352
11353
11354
11355
11356
11357
11359
11360
11363
11364
11367
11369
11366
11368
11370
11371
11372
11373
11374
11375
11376
11377
11379
11378
11380
11381
11382
11383
11385
11384
11386
11387
11389
11388
11390
11391
11392
11394
11393
11395
11396
11397
11400
11398
11399
11401
11403
11405
11407
11408
11409
11410
11411
11413
11412
11414
11415
11420
11417
11416
11421
11422
11423
11426
11425
11428
11429
11432
11430
11433
11434
11435
11438
11444
11445
11446
11439
11448
11450
11449
11451
11452
11453
11460
11461
11455
11454
11458
11459
11457
11462
11456
11463
11470
11471
11472
11473
11464
11466
11469
11468
11467
11476
11477
11475
11465
11478
11479
11480
11481
11483
11482
11484
11485
11486
11487
11488
11489
11490
11491
11492
11496
11498
11500
11493
11495
11499
11497
11501
11503
11504
11505
11510
11506
11514
11509
11513
11517
11516
11515
11518
11528
11527
11529
11525
11521
11523
11526
11524
11520
11530
11531
11533
11532
11544
11536
11535
11539
11541
11540
11534
11545
11549
11546
11547
11550
11552
11554
11551
11553
11555
11556
11557
11558
11559
11561
11560
11562
11565
11566
11567
11564
11568
11569
11570
11571
11572
11573
11577
11575
11578
11574
11580
11579
11581
11583
11589
11590
11591
11586
11588
11592
11587
11593
11594
11595
11596
11598
11597
11600
11606
11601
11607
11602
11604
11605
11609
11610
11611
11612
11614
11617
11613
11618
11616
11615
11619
11620
11621
11622
11623
11626
11627
11629
11625
11628
11630
11631
11632
11633
11642
11636
11635
11643
11637
11647
11639
11646
11645
11644
11648
11649
11650
11652
11657
11661
11655
11651
11656
11662
11663
11664
11665
11666
11669
11667
11671
11668
11672
11670
11673
11675
11677
11678
11680
11681
11682
11684
11683
11685
11687
11688
11689
11690
11693
11695
11696
11699
11697
11700
11701
11704
11702
11703
11705
11706
11707
11708
11709
11710
11711
11712
11715
11714
11717
11718
11716
11719
11720
11723
11725
11724
11726
11727
11730
11729
11732
11733
11734
11735
11736
11737
11739
11741
11738
11742
11740
11743
11744
11745
11747
11755
11753
11750
11756
11752
11754
11757
11758
11748
11749
11759
11760
11761
11764
11765
11762
11763
11766
11767
11768
11770
11771
11772
11773
11774
11777
11775
11776
11778
11779
11780
11782
11781
11783
11785
11786
11788
11791
11790
11789
11792
11793
11794
11795
11796
11797
11798
11801
11799
11800
11802
11803
11805
11804
11806
11807
11808
11809
11810
11811
11812
11813
11815
11814
11816
11817
11818
11821
11826
11823
11819
11829
11827
11820
11822
11825
11824
11837
11838
11833
11834
11839
11836
11835
11831
11832
11830
11840
11841
11847
11843
11844
11848
11846
11845
11842
11849
11850
11859
11854
11861
11853
11852
11857
11856
11855
11860
11862
11864
11866
11869
11863
11867
11865
11872
11868
11870
11873
11874
11875
11877
11876
11880
11879
11882
11881
11878
11883
11884
11885
11888
11886
11890
11891
11894
11896
11895
11893
11897
11898
11899
11900
11901
11904
11902
11906
11910
11909
11912
11911
11914
11913
11915
11916
11917
11918
11921
11919
11920
11922
11924
11923
11925
11926
11927
11928
11929
11930
11931
11932
11933
11935
11934
11936
11937
11938
11939
11940
11941
11942
11945
11944
11943
11946
11947
11948
11949
11950
11951
11952
11953
11955
11958
11957
11960
11961
11962
11965
11967
11964
11968
11969
11972
11975
11973
11974
11976
11977
11978
11979
11980
11981
11982
11983
11986
11984
11987
11988
11989
11990
11992
11991
11993
11994
11996
11998
11997
11999
12001
12002
12003
12004
12005
12006
12009
12008
12007
12010
12011
12015
12012
12014
12017
12019
12020
12022
12021
12024
12023
12026
12029
12028
12030
12032
12033
12038
12037
12039
12043
12045
12047
12046
12048
12049
12051
12052
12053
12054
12055
12056
12057
12058
12059
12060
12062
12061
12063
12064
12065
12067
12069
12070
12066
12068
12074
12073
12075
12072
12071
12076
12077
12078
12079
12080
12081
12083
12084
12082
12091
12092
12089
12085
12095
12088
12086
12093
12087
12090
12096
12098
12100
12099
12102
12107
12106
12104
12101
12105
12109
12110
12111
12113
12120
12117
12115
12121
12119
12118
12122
12123
12124
12125
12126
12128
12131
12130
12127
12132
12133
12134
12135
12136
12140
12138
12142
12139
12141
12137
12143
12144
12146
12147
12148
12149
12150
12151
12152
12153
12156
12157
12158
12159
12160
12161
12162
12163
12169
12166
12168
12167
12165
12164
12170
12171
12172
12175
12176
12174
12177
12178
12179
12180
12182
12181
12184
12183
12191
12192
12185
12189
12187
12188
12186
12190
12193
12194
12195
12196
12197
12198
12199
12200
12202
12201
12203
12204
12207
12209
12211
12212
12213
12214
12215
12217
12218
12221
12219
12222
12223
12224
12225
12226
12227
12229
12228
12230
12231
12232
12233
12234
12235
12238
12236
12239
12240
12241
12243
12242
12245
12247
12248
12249
12250
12252
12251
12253
12255
12260
12261
12262
12257
12263
12264
12268
12267
12269
12281
12280
12272
12278
12285
12283
12282
12276
12270
12277
12275
12279
12287
12286
12288
12291
12293
12289
12294
12290
12298
12292
12299
12301
12300
12302
12307
12309
12303
12304
12310
12308
12311
12312
12314
12313
12315
12318
12321
12320
12324
12326
12322
12323
12328
12329
12331
12332
12330
12333
12335
12327
12336
12337
12338
12339
12343
12344
12341
12345
12348
12350
12351
12352
12353
12354
12355
12356
12358
12357
12359
12360
12361
12362
12364
12365
12366
12367
12369
12368
12371
12372
12373
12374
12377
12378
12379
12375
12383
12376
12385
12386
12387
12389
12390
12396
12397
12398
12399
12400
12401
12402
12404
12403
12405
12406
12412
12413
12414
12415
12417
12418
12419
12420
12421
12422
12423
12424
12425
12426
12430
12382
12381
12431
12380
12434
12429
12441
12440
12437
12438
12436
12442
12439
12443
12447
12448
12445
12444
12449
12446
12453
12458
12459
12460
12455
12450
12457
12433
12432
12435
12461
12462
12468
12467
12463
12470
12472
12464
12471
12475
12473
12482
12481
12479
12484
12486
12474
12476
12478
12487
12490
12497
12492
12493
12489
12495
12496
12494
12491
12499
12505
12500
12501
12506
12502
12508
12509
12504
12503
12510
12511
12512
12519
12514
12513
12515
12516
12518
12517
12521
12523
12524
12525
12527
12534
12526
12529
12530
12532
12535
12536
12537
12538
12539
12545
12541
12543
12547
12542
12549
12548
12550
12551
12552
12553
12554
12555
12556
12557
12561
12558
12564
12565
12566
12567
12568
12569
12571
12570
12572
12575
12576
12577
12573
12578
12579
12580
12582
12581
12583
12584
12588
12586
12590
12587
12585
12591
12592
12594
12593
12595
12598
12596
12597
12600
12599
12602
12603
12604
12601
12605
12607
12609
12608
12611
12610
12612
12615
12613
12614
12618
12619
12620
12621
12622
12624
12625
12626
12628
12627
12629
12632
12633
12634
12635
12636
12641
12643
12642
12644
12645
12646
12647
12648
12649
12650
12655
12651
12652
12654
12656
12657
12658
12659
12660
12661
12662
12663
12666
12667
12664
12668
12672
12670
12673
12677
12676
12675
12681
12678
12683
12684
12685
12687
12686
12689
12690
12691
12692
12693
12694
12696
12697
12695
12699
12700
12701
12702
12703
12704
12705
12707
12712
12708
12709
12713
12715
12714
12717
12718
12719
12720
12721
12724
12725
12722
12723
12740
12730
12733
12731
12727
12735
12739
12736
12726
12738
12741
12743
12742
12749
12753
12746
12750
12752
12751
12748
12755
12757
12756
12758
12759
12760
12761
12763
12762
12764
12765
12766
12767
12768
12769
12772
12775
12774
12770
12773
12776
12777
12778
12779
12780
12781
12783
12785
12782
12786
12784
12787
12788
12789
12791
12793
12796
12798
12794
12797
12795
12799
12800
12802
12803
12804
12805
12807
12809
12810
12813
12815
12817
12816
12818
12819
12820
12821
12822
12823
12824
12825
12828
12827
12829
12826
12830
12831
12832
12833
12834
12835
12836
12838
12837
12839
12840
12841
12842
12843
12844
12845
12846
12847
12848
12849
12850
12851
12854
12855
12856
12857
12858
12859
12860
12861
12863
12862
12864
12865
12866
12867
12868
12870
12871
12872
12874
12873
12876
12875
12877
12878
12880
12881
12883
12884
12887
12888
12889
12891
12890
12894
12892
12895
12896
12897
12899
12898
12900
12901
12902
12903
12905
12906
12907
12911
12912
12913
12923
12925
12916
12927
12926
12922
12918
12915
12919
12920
12921
12917
12933
12940
12928
12931
12935
12939
12936
12929
12932
12938
12944
12948
12953
12946
12956
12950
12947
12942
12945
12941
12957
12958
12960
12959
12962
12963
12965
12966
12967
12964
12969
12975
12973
12971
12976
12978
12974
12981
12979
12970
12983
12985
12987
12988
12984
12989
12990
12992
12991
12993
12986
12994
12996
12997
12999
12995
13000
13002
13003
13004
13005
13008
13006
13009
13011
13010
13012
13014
13015
13019
13020
13023
13025
13022
13021
13027
13028
13024
13032
13033
13034
13035
13036
13038
13037
13013
13039
13041
13042
13043
13044
13045
13017
13046
13047
13048
13050
13053
13054
13055
13061
13051
13052
13062
13063
13066
13067
13070
13073
13074
13071
13078
13076
13080
13081
13079
13085
13087
13084
13089
13088
13092
13090
13091
13056
13094
13093
13095
13097
13096
13098
13099
13100
13101
13102
13103
13106
13105
13108
13107
13109
13111
13113
13116
13115
13114
13117
13118
13121
13110
13120
13125
13112
13124
13127
13126
13123
13119
13128
13130
13131
13132
13140
13149
13133
13135
13143
13144
13151
13153
13152
13154
13157
13155
13163
13162
13159
13158
13160
13166
13167
13168
13169
13170
13171
13179
13176
13177
13175
13174
13173
13180
13181
13182
13184
13186
13187
13189
13190
13191
13192
13193
13195
13194
13196
13197
13199
13203
13200
13207
13213
13209
13205
13216
13218
13206
13215
13219
13220
13224
13225
13227
13229
13222
13231
13230
13232
13233
13235
13236
13249
13246
13237
13241
13242
13244
13245
13247
13239
13250
13259
13254
13263
13251
13264
13260
13261
13253
13266
13257
13267
13269
13274
13270
13271
13276
13281
13272
13277
13279
13286
13282
13288
13287
13289
13295
13290
13293
13291
13294
13297
13296
13298
13299
13300
13301
13302
13303
13306
13305
13309
13307
13310
13311
13313
13314
13315
13319
13316
13318
13317
13320
13323
13321
13324
13326
13327
13328
13329
13330
13331
13338
13332
13339
13333
13337
13341
13344
13352
13348
13347
13342
13340
13349
13346
13345
13353
13354
13356
13358
13362
13364
13366
13361
13365
13359
13367
13368
13369
13371
13373
13374
13377
13380
13378
13383
13385
13386
13387
13601
13602
13603
13604
13606
13607
13608
13611
13613
13612
13615
13614
13617
13618
13619
13620
13621
13623
13622
13626
13631
13628
13627
13629
13632
13633
13634
13635
13638
13637
13642
13639
13641
13640
13643
13644
13646
13645
13648
13647
13651
13650
13649
13654
13659
13652
13661
13663
13664
13665
13666
13673
13667
13671
13670
13669
13674
13675
13678
13676
13681
13682
13683
13687
13685
13689
13686
13692
13699
13693
13698
13700
13701
13702
13706
13712
13704
13705
13711
13708
13713
13710
13714
13715
13717
13719
13720
13721
13723
13727
13724
13728
13729
13730
13732
13731
13733
13734
13735
13737
13742
13738
13741
13739
13744
13743
13746
13747
13748
13750
13752
13751
13755
13756
13757
13760
13759
13764
13767
13766
13768
13769
13770
13771
13775
13789
13788
13778
13776
13777
13774
13782
13779
13786
13780
13790
13791
13793
13794
13792
13799
13795
13798
13797
13801
13802
13803
13812
13809
13804
13808
13814
13810
13816
13817
13818
13819
13820
13821
13822
13823
13826
13824
13828
13827
13830
13831
13834
13835
13836
13837
13841
13838
13842
13844
13845
13846
13848
13850
13858
13855
13854
13851
13856
13860
13862
13863
13864
13865
13800
13868
13876
13877
13866
13869
13875
13873
13878
13872
13879
13884
13880
13885
13893
13894
13888
13891
13895
13887
13896
13890
13898
13899
13901
13907
13908
13905
13906
13902
13909
13910
13911
13913
13914
13915
13916
13917
13920
13919
13921
13922
13923
13924
13925
13930
13928
13932
13934
13935
13936
13937
13940
13939
13941
13946
13942
13943
13947
13951
13949
13957
13958
13959
13961
13962
13963
13966
13967
13970
13973
13974
13975
13976
13977
13978
13981
13984
13986
13987
13989
13988
13990
13991
13992
13993
13994
13996
13997
13998
13999
14001
14000
14005
14010
14011
14008
14006
14003
14013
14009
14016
14015
14017
14019
14021
14029
14025
14024
14027
14030
14023
14026
14028
14031
14032
14033
14034
14038
14036
14041
14040
14042
14047
14049
14048
14050
14051
14052
14053
14054
14055
14057
14058
14059
14060
14061
14064
14065
14066
14067
14068
14069
14073
14074
14070
14075
14076
14077
14080
14078
14081
14082
14086
14087
14085
14088
14091
14093
14099
14095
14097
14100
14102
14103
14104
14105
14107
14110
14108
14111
14112
14113
14106
14117
14116
14119
14120
14122
14127
14124
14123
14134
14126
14129
14135
14125
14133
14136
14139
14137
14141
14143
14140
14146
14145
14138
14148
14147
14151
14149
14154
14152
14161
14158
14155
14159
14153
14157
14162
14164
14167
14172
14170
14174
14176
14173
14175
14178
14179
14182
14183
14184
14186
14189
14190
14199
14193
14198
14195
14200
14194
14201
14202
14203
14204
14208
14206
14213
14214
14209
14212
14210
14218
14216
14215
14219
14220
14221
14224
14223
14226
14227
14231
14228
14230
14232
14233
14234
14235
14238
14239
14240
14241
14247
14244
14248
14249
14250
14252
14254
14258
14260
14261
14265
14266
14263
14264
14267
14268
14270
14271
14272
14273
14276
14277
14279
14278
14280
14289
14281
14291
14292
14286
14284
14290
14294
14287
14293
14283
14300
14301
14311
14306
14312
14303
14297
14305
14308
14310
14313
14314
14315
14317
14325
14322
14318
14326
14321
14328
14329
14330
14334
14331
14340
14333
14342
14338
14344
14345
14346
14347
14349
14351
14353
14352
14358
14357
14359
14363
14364
14365
14366
14369
14370
14368
14367
14371
14373
14374
14376
14378
14377
14381
14382
14379
14383
14384
14388
14389
14390
14396
14391
14398
14394
14397
14324
14399
14400
14401
14403
14404
14405
14406
14409
14339
14407
14411
14413
14414
14416
14417
14421
14424
14428
14423
14427
14426
14429
14431
14430
14432
14434
14435
14436
14437
14442
14440
14444
14439
14438
14445
14446
14447
14448
14449
14451
14452
14453
14456
14454
14455
14458
14459
14460
14461
14465
14466
14468
14470
14471
14472
14473
14475
14476
14483
14482
14480
14484
14486
14487
14485
14489
14490
14464
14492
14491
14493
14495
14494
14496
14499
14497
14504
14501
14506
14507
14508
14515
14512
14518
14513
14516
14517
14505
14509
14511
14519
14520
14522
14521
14524
14525
14523
14528
14526
14527
14530
14531
14532
14533
14535
14534
14536
14538
14540
14541
14539
14542
14543
14544
14545
14548
14549
14550
14552
14551
14555
14553
14554
14556
14557
14559
14560
14563
14564
14565
14570
14569
14568
14571
14572
14573
14575
14576
14577
14581
14578
14580
14582
14586
14584
14579
14583
14585
14587
14588
14590
14589
14593
14591
14594
14595
14592
14597
14596
14598
14599
14601
14604
14603
14606
14602
14608
14609
14607
14605
14610
14611
14614
14613
14620
14615
14621
14622
14628
14626
14624
14627
14629
14630
14634
14632
14631
14638
14637
14640
14636
14635
14643
14644
14645
14646
14647
14648
14652
14651
14656
14650
14649
14653
14657
14658
14659
14661
14662
14663
14664
14665
14666
14668
14667
14669
14672
14673
14674
14675
14676
14677
14682
14683
14690
14679
14689
14685
14684
14692
14693
14694
14695
14697
14696
14698
14699
14704
14705
14708
14703
14700
14709
14710
14712
14715
14717
14716
14720
14721
14722
14719
14726
14725
14728
14729
14730
14734
14731
14738
14732
14735
14744
14747
14746
14745
14743
14740
14741
14742
14737
14739
14748
14750
14751
14752
14756
14749
14753
14754
14755
14757
14758
14759
14761
14762
14763
14766
14768
14769
14770
14764
14767
14773
14771
14774
14775
14779
14776
14780
14784
14785
14786
14783
14787
14781
14782
14788
14789
14790
14791
14792
14796
14797
14795
14798
14799
14800
14801
14803
14804
14805
14807
14814
14812
14816
14815
14810
14818
14808
14819
14820
14822
14823
14829
14831
14824
14828
14825
14826
14827
14832
14833
14834
14836
14835
14847
14842
14839
14845
14837
14843
14844
14846
14848
14850
14851
14852
14853
14858
14855
14854
14856
14859
14860
14862
14865
14866
14864
14867
14869
14870
14873
14868
14872
14874
14877
14878
14879
14880
14883
14881
14885
14886
14887
14888
14889
14892
14893
14884
14894
14897
14898
14899
14896
14900
14901
14902
14903
14904
14905
14908
14907
14909
14910
14914
14915
14918
14921
14919
14920
14922
14923
14924
14926
14927
14925
14928
14931
14929
14937
14942
14930
14944
14933
14941
14935
14936
14940
14934
14945
14947
14949
14951
14950
14952
14956
14954
14955
14957
14953
14958
14960
14962
14961
14968
14969
14965
14964
14966
14963
14970
14972
14974
14975
14976
14978
14980
14979
14983
14981
14985
14984
14986
14988
14989
14990
14992
14994
14991
14993
14995
14977
14996
14997
14998
14999
15003
15002
15004
15007
15008
15009
15010
15011
15012
15013
15014
15015
15016
15017
15018
15020
15019
15021
15024
15025
15026
15027
15028
15030
15029
15031
15023
15032
15034
15036
15035
15038
15039
15044
15042
15045
15046
14987
15047
15048
15049
15050
15054
15051
15057
15056
15061
15055
15059
15062
15063
15064
15066
15065
15070
15067
15071
15068
15072
15073
15074
15075
15076
15077
15078
15079
15080
15082
15085
15083
15086
15087
15091
15089
15093
15092
15094
15095
15097
15101
15096
15100
15090
15102
15103
15105
15106
15107
15108
15110
15112
15111
15113
15114
15116
15117
15115
15118
15119
15120
15121
15122
15123
15124
15126
15125
15127
15128
15129
15130
15131
15132
15134
15135
15136
15137
15138
15139
15140
15143
15141
15144
15145
15147
15146
15150
15151
15152
15148
15153
15156
15155
15154
15157
15160
15161
15164
15167
15168
15170
15169
15172
15171
15173
15175
15178
15176
15179
15180
15182
15181
15183
15184
15185
15187
15186
15174
15189
15190
15191
15193
15192
15194
15195
15197
15196
15199
15200
15201
15202
15203
15204
15205
15206
15207
15208
15209
15210
15211
15212
15214
15215
15216
15217
15218
15219
15220
15221
15222
15223
15225
15224
15227
15226
15228
15229
15230
15233
15234
15237
15238
15242
15239
15240
15245
15246
15247
15248
15249
15250
15251
15252
15255
15256
15258
15254
15259
15257
15261
15262
15263
15264
15265
15267
15270
15268
15269
15272
15273
15275
15274
15277
15278
15280
15279
15282
15283
15281
15284
15285
15288
15290
15287
15291
15293
15289
15292
15294
15295
15232
15298
15299
15300
15301
15303
15304
15307
15302
15308
15306
15309
15311
15313
15314
15315
15318
15320
15321
15316
15319
15317
15322
15324
15323
15325
15326
15327
15332
15329
15331
15333
15338
15337
15342
15341
15340
15343
15328
15335
15339
15334
15346
15348
15344
15352
15353
15350
15355
15349
15354
15356
15357
15359
15360
15362
15361
15367
15364
15366
15363
15368
15369
15370
15365
15371
15373
15374
15376
15381
15378
15377
15379
15375
15380
15382
15383
15384
15387
15386
15392
15388
15389
15391
15393
15390
15394
15396
15397
15398
15400
15401
15402
15406
15403
15407
15405
15404
15408
15409
15410
15413
15414
15417
15415
15419
15421
15420
15416
15412
15423
15424
15427
15428
15429
15430
15432
15431
15433
15434
15435
15437
15438
15441
15439
15442
15444
15448
15447
15446
15449
15445
15450
15451
15452
15453
15454
15455
15456
15461
15458
15459
15460
15465
15464
15462
15457
15467
15468
15471
15472
15473
15478
15477
15481
15482
15480
15479
15474
15483
15485
15486
15487
15488
15490
15489
15492
15493
15495
15491
15496
15494
15497
15498
15499
15501
15500
15507
15503
15508
15509
15502
15504
15506
15510
15511
15512
15513
15515
15517
15518
15519
15520
15521
15522
15524
15525
15526
15527
15528
15530
15531
15532
15533
15535
15534
15536
15537
15538
15539
15540
15550
15549
15547
15543
15548
15544
15552
15551
15542
15541
15553
15554
15555
15556
15557
15563
15562
15561
15560
15558
15564
15565
15567
15568
15569
15570
15571
15573
15572
15574
15576
15575
15577
15578
15579
15580
15582
15583
15584
15585
15588
15586
15589
15591
15592
15590
15593
15594
15595
15596
15597
15599
15600
15601
15605
15602
15603
15610
15606
15607
15609
15608
15611
15612
15613
15614
15618
15616
15630
15619
15617
15624
15620
15627
15631
15632
15633
15634
15641
15639
15640
15636
15637
15638
15635
15644
15642
15645
15648
15647
15649
15650
15653
15654
15655
15658
15659
15660
15661
15662
15663
15664
15666
15667
15668
15665
15671
15670
15672
15675
15676
15678
15680
15679
15681
15682
15669
15683
15684
15685
15686
15687
15690
15689
15692
15691
15693
15694
15695
15696
15697
15698
15699
15701
15700
15702
15703
15704
15705
15707
15708
15709
15710
15711
15713
15656
15715
15716
15717
15718
15719
15720
15723
15727
15729
15730
15731
15732
15728
15734
15688
15738
15742
15737
15736
15739
15740
15735
15741
15743
15745
15746
15751
15750
15753
15747
15754
15749
15748
15755
15756
15757
15758
15760
15759
15763
15767
15766
15765
15761
15764
15769
15770
15771
15772
15774
15773
15776
15779
15777
15778
15780
15781
15782
15783
15786
15785
15784
15787
15793
15788
15789
15791
15795
15797
15798
15796
15799
15794
15800
15801
15802
15803
15804
15806
15805
15807
15808
15809
15810
15811
15812
15813
15814
15816
15815
15817
15818
15821
15822
15823
15824
15825
15828
15826
15829
15831
15830
15833
15832
15834
15835
15836
15837
15838
15839
15840
15843
15849
15845
15847
15842
15851
15844
15852
15853
15854
15855
15860
15856
15857
15858
15859
15861
15862
15863
15864
15865
15866
15867
15868
15870
15873
15869
15874
15875
15877
15878
15879
15880
15882
15886
15888
15887
15889
15892
15893
15891
15894
15895
15896
15897
15899
15898
15900
15901
15903
15902
15905
15906
15907
15908
15910
15909
15911
15912
15913
15914
15918
15916
15919
15917
15920
15921
15922
15923
15924
15925
15926
15930
15927
15931
15934
15932
15935
15936
15937
15938
15939
15941
15942
15946
15947
15948
15952
15949
15950
15951
15956
15954
15953
15957
15958
15959
15961
15964
15963
15965
15970
15967
15966
15972
15973
15974
15977
15980
15982
15991
15985
15992
15988
15983
15990
15987
15981
15986
15993
15995
15994
16000
15996
15997
16002
15998
16005
16006
16007
16008
16009
16010
16012
16011
16016
16015
16017
16019
16020
16021
16023
16024
16025
16026
16027
16031
16034
16030
16035
16033
16037
16038
16039
16042
16046
16047
16048
16049
16051
16052
16053
16054
16050
16055
16056
16057
16058
16059
16060
16061
16062
16063
16064
16067
16066
16068
16069
16070
16071
16073
16074
16075
16077
16076
16078
16079
16082
16083
16085
16086
16087
16090
16089
16091
16093
16088
16094
16095
16096
16098
16099
16100
16101
16103
16104
16105
16107
16108
16111
16112
16113
16114
16115
16116
16117
16119
16121
16123
16126
16127
16128
16129
16130
16131
16133
16134
16135
16136
16137
16138
16139
16141
16140
16143
16144
16145
16147
16148
16150
16152
16153
16154
16155
16156
16160
16163
16164
16165
16158
16167
16166
16168
16169
16170
16171
16172
16173
16174
16175
16176
16177
16178
16179
16180
16181
16182
16188
16183
16185
16186
16189
16192
16190
16187
16191
16184
16193
16194
16195
16196
16199
16198
16200
16197
16202
16204
16205
16206
16207
16208
16209
16210
16211
16213
16212
16214
16215
16216
16217
16218
16219
16220
16221
16224
16222
16223
16225
16226
16227
16228
16229
16230
16231
16233
16232
16234
16235
16236
16237
16238
16239
16240
16241
16242
16243
16244
16246
16245
16247
16249
16250
16251
16252
16253
16254
16255
16257
16256
16259
16258
16260
16261
16262
16263
16264
16265
16266
16267
16269
16268
16270
16271
16272
16274
16275
16273
16276
16279
16277
16278
16280
16281
16282
16285
16287
16288
16289
16290
16291
16292
16293
16294
16295
16297
16298
16299
16300
16303
16302
16304
16305
16306
16307
16301
16308
16309
16310
16311
16313
16312
16314
16315
16321
16317
16319
16320
16318
16327
16331
16328
16332
16325
16329
16330
16322
16333
16323
16342
16335
16337
16336
16334
16341
16340
16338
16344
16326
16347
16346
16348
16349
16353
16354
16351
16352
16350
16355
16356
16358
16359
16363
16364
16361
16360
16362
16365
16366
16368
16367
16370
16369
16371
16374
16372
16375
16376
16385
16382
16383
16381
16379
16357
16377
16380
16387
16386
16395
16394
16389
16391
16397
16388
16390
16392
16393
16400
16405
16404
16406
16399
16403
16401
16402
16398
16411
16409
16410
16396
16407
16408
16413
16415
16412
16421
16419
16416
16420
16417
16418
16426
16425
16430
16431
16428
16429
16427
16432
16433
16414
16434
16438
16437
16435
16423
16441
16424
16440
16436
16443
16445
16439
16449
16444
16453
16448
16451
16456
16442
16455
16447
16457
16454
16460
16446
16464
16468
16463
16462
16474
16471
16467
16476
16475
16480
16478
16479
16481
16477
16482
16472
16485
16487
16486
16489
16483
16452
16484
16491
16492
16490
16494
16495
16496
16498
16493
16461
16501
16499
16497
16503
16505
16504
16507
16506
16510
16511
16502
16508
16515
16513
16488
16514
16516
16509
16524
16521
16525
16518
16526
16528
16520
16527
16529
16532
16530
16531
16535
16537
16533
16517
16534
16539
16538
16536
16540
16543
16544
16547
16541
16550
16552
16551
16519
16555
16556
16553
16554
16542
16558
16559
16557
16566
16570
16562
16564
16545
16567
16565
16572
16571
16575
16576
16577
16561
16563
16579
16580
16573
16569
16585
16574
16586
16582
16581
16583
16578
16584
16587
16593
16588
16594
16596
16598
16591
16600
16604
16602
16589
16606
16599
16607
16605
16608
16609
16603
16611
16610
16614
16618
16616
16612
16621
16625
16624
16601
16622
16595
16619
16620
16623
16626
16590
16597
16615
16627
16629
16631
16628
16632
16633
16630
16635
16636
16637
16634
16638
16639
16640
16642
16641
16644
16645
16643
16646
16647
16648
16650
16651
16652
16654
16655
16656
16657
16658
16660
16659
16661
16662
16664
16665
16666
16667
16663
16669
16670
16672
16671
16674
16668
16675
16676
16677
16678
16680
16681
16683
16682
16684
16685
16686
16688
16689
16690
16693
16691
16695
16694
16698
16697
16700
16701
16702
16703
16705
16704
16706
16710
16715
16718
16717
16719
16721
16722
16723
16711
16713
16725
16724
16726
16727
16728
16729
16732
16733
16735
16736
16730
16739
16731
16740
16743
16742
16745
16746
16748
16741
16749
16750
16753
16751
16756
16757
16752
16754
16755
16759
16760
16761
16762
16763
16766
16765
16764
16737
16768
16771
16772
16774
16767
16775
16776
16744
16778
16777
16738
16779
16781
16782
16783
16784
16786
16787
16780
16789
16790
16793
16792
16758
16794
16785
16795
16797
16799
16770
16806
16803
16804
16798
16800
16805
16801
16802
16807
16808
16809
16810
16812
16813
16814
16816
16815
16811
16818
16819
16817
16821
16823
16825
16822
16824
16827
16829
16828
16826
16830
16831
16832
16833
16834
16835
16836
16838
16837
16839
16841
16840
16842
16843
16844
16845
16846
16847
16849
16848
16852
16850
16854
16855
16856
16858
16857
16859
16862
16864
16863
16861
16865
16866
16867
16870
16869
16871
16873
16874
16872
16875
16876
16877
16879
16878
16880
16884
16881
16885
16882
16883
16886
16887
16888
16853
16889
16890
16891
16892
16894
16893
16895
16896
16898
16897
16900
16901
16902
16903
16904
16906
16905
16907
16910
16908
16909
16911
16912
16913
16916
16917
16922
16915
16914
16923
16924
16925
16927
16928
16918
16921
16932
16930
16933
16934
16935
16936
16937
16939
16941
16942
16943
16944
16946
16945
16947
16948
16950
16951
16952
16953
16956
16959
16957
16958
16960
16961
16962
16963
16964
16967
16965
16968
16966
16969
16979
16970
16980
16971
16973
16978
16919
16976
16975
16972
16989
16984
16981
16988
16986
16987
16985
16983
16992
16991
17004
16999
16996
16995
16998
17002
17003
16993
17001
16994
17005
17008
17013
17014
17009
17012
17006
17011
17010
17007
17015
17016
17017
17018
17019
17024
17025
17023
17020
17021
17026
17027
17028
17029
17030
17031
17032
17037
17036
17038
17034
17033
17039
17040
17041
17043
17044
17045
17046
17048
17049
17047
17050
17051
17053
17052
17054
17055
17057
17059
17060
17062
17063
17064
17066
17065
17067
17068
17069
17070
17072
17074
17075
17076
17079
17077
17078
17080
17081
17082
17083
17084
17085
17087
17088
17089
17090
17092
17095
17097
17098
17099
17100
17101
17103
17102
17104
17105
17106
17107
17108
17109
17110
17112
17114
17111
17115
17113
17116
17117
17118
17120
17121
17122
17129
17123
17127
17130
17128
17125
17126
17096
17131
17132
17133
17134
17138
17140
17137
17135
17136
17141
17142
17144
17146
17147
17154
17151
17148
17157
17155
17150
17158
17160
17149
17159
17161
17162
17163
17164
17170
17169
17174
17172
17167
17166
17171
17165
17176
17168
17182
17180
17184
17186
17179
17177
17183
17178
17181
17185
17195
17188
17193
17196
17192
17187
17189
17194
17197
17198
17206
17199
17210
17208
17201
17202
17205
17203
17209
17204
17211
17220
17212
17215
17219
17218
17214
17213
17216
17217
17227
17224
17228
17222
17221
17229
17231
17225
17226
17230
17232
17240
17238
17235
17234
17233
17236
17242
17241
17239
17243
17245
17244
17250
17251
17246
17249
17247
17252
17248
17253
17254
17256
17257
17258
17259
17263
17262
17261
17260
17264
17266
17267
17268
17269
17273
17270
17272
17271
17274
17275
17276
17277
17278
17281
17280
17282
17279
17283
17284
17286
17287
17288
17289
17290
17291
17292
17293
17294
17295
17296
17297
17299
17298
17300
17265
17303
17302
17301
17304
17307
17306
17308
17309
17312
17313
17311
17314
17315
17317
17310
17316
17319
17318
17320
17325
17323
17324
17336
17334
17332
17330
17335
17333
17322
17327
17329
17331
17338
17341
17347
17340
17348
17337
17346
17343
17345
17342
17349
17358
17361
17353
17350
17351
17359
17356
17362
17357
17363
17364
17365
17367
17370
17369
17368
17372
17366
17371
17373
17374
17376
17377
17378
17382
17383
17385
17379
17386
17384
17387
17388
17389
17393
17397
17395
17396
17394
17398
17399
17400
17401
17402
17407
17409
17405
17404
17408
17406
17411
17412
17414
17415
17416
17418
17417
17420
17422
17423
17421
17424
17392
17425
17426
17428
17429
17430
17431
17434
17433
17432
17437
17435
17438
17439
17442
17444
17443
17445
17446
17448
17449
17451
17450
17452
17453
17454
17455
17457
17461
17460
17462
17459
17463
17464
17465
17467
17468
1
26
37
57
53
61
104
101
121
123
139
146
122
144
124
194
157
209
300
353
351
335
437
433
429
442
439
415
409
452
463
462
518
458
488
485
477
472
486
528
544
546
583
552
545
585
573
554
591
586
593
601
608
607
625
657
648
628
645
677
678
681
680
698
701
704
715
710
712
709
727
726
703
730
733
734
741
767
768
803
761
791
777
773
796
831
839
864
861
832
887
886
877
854
912
928
929
937
942
939
954
957
1044
977
1063
1127
1024
1134
1141
1144
1145
1156
1198
1190
1242
1271
1277
1286
1309
1318
1330
1333
1345
1342
1350
1353
1361
1364
1367
1369
1400
1417
1419
1427
1437
1449
1458
1464
1493
1479
1507
1511
1498
1513
1538
1541
1546
1559
1572
1576
1594
1608
1582
1633
1586
1623
1634
1712
1727
1760
1775
1802
1817
1822
1851
1823
1825
1859
1907
1864
1915
1930
1937
1950
1993
2026
2032
2051
2053
2061
2081
2104
2226
2194
2237
2263
2278
2302
2330
2295
2322
2354
2412
2396
2379
2338
2417
2436
2447
2451
2490
2544
2598
2563
2632
2589
2605
2551
2693
2664
2690
2751
2770
2793
2912
2848
2858
2892
2922
2924
2941
2938
2946
2948
2951
2962
2967
2973
3014
3061
3031
3056
3033
3070
3134
3088
3164
3143
3096
3188
3170
3179
3192
3207
3230
3255
3270
3271
3243
3273
3296
3302
3295
3354
3358
3376
3378
3386
3382
3424
3420
3426
3432
3428
3452
3367
3445
3460
3499
3476
3501
3516
3489
3524
3458
3538
3528
3526
3558
3567
3595
3569
3634
3649
3633
3728
3793
3791
3848
3854
3870
3876
3887
3930
3956
4022
4027
4077
4089
4090
4158
4207
4165
4216
3397
3422
3389
4249
4255
4300
4368
4410
4412
4414
4434
4420
4448
4457
4469
4520
4535
4605
4608
4611
4617
4621
4625
4669
4666
4820
4801
4886
4860
4880
4921
4936
4945
4979
4990
5010
5053
5034
5050
5057
5028
5109
5111
5131
5144
5146
5148
5174
5187
5192
5201
5207
5206
5217
5213
5229
5230
5236
5257
5267
5290
5302
5311
5314
5315
5320
5343
5329
5373
5385
5405
5433
5442
5448
5455
5472
5493
5502
5517
5484
5524
5553
5570
5637
5645
5650
5653
5658
5661
5689
5734
5748
5740
5769
5776
5788
5780
5808
5831
5838
5843
5865
5905
5978
6004
5951
5944
5975
6022
6026
6039
6040
6051
6104
6053
6169
6140
6056
6194
6225
6227
6330
6310
6303
6306
6393
6281
6304
6412
6431
6499
6562
6581
6647
6683
6713
6698
6783
6813
6830
6864
6870
6872
6878
6907
6968
6963
6986
6984
7044
7056
7183
7071
7159
7383
7395
7421
7415
7449
7479
7598
7576
7569
6206
7631
7665
7680
7738
7731
7799
7883
7753
7918
7925
7919
7965
7994
8003
8083
8077
8198
8204
8269
8321
8281
8497
8396
8541
8580
8586
8622
8639
8635
8675
8691
8658
8513
8700
8713
8778
8801
8835
8957
8934
8932
8970
9008
9025
9110
9153
9179
8715
9184
9244
9253
9302
9346
9365
9370
9396
9424
9430
9447
9455
9662
9715
9748
9735
9746
9763
9760
9790
9829
9873
9893
9937
10024
10045
10058
10124
10154
10138
10077
10170
10094
10172
10109
10178
10192
10196
10217
10252
10354
10259
10323
10377
10355
10183
10427
10479
10480
10519
10542
10634
10535
10630
10637
10650
10678
10724
10737
10783
10880
10972
10968
11026
10987
10506
11060
11087
11086
11111
11104
11116
11129
11142
11139
11164
11177
11206
11231
11263
11220
11404
11406
11437
11502
11507
11537
11563
11584
11582
11638
11659
11698
11721
11722
11728
11731
11784
11887
11905
11889
11954
11963
11970
12050
11828
12097
12108
12129
12259
12210
12205
12256
12220
12155
12254
11995
12266
12273
12388
12342
12325
12394
12393
12346
12363
12480
12370
12407
12483
12498
12507
12520
12544
12528
12589
12531
12560
12606
12616
12680
12617
12698
12682
12631
12630
12679
12671
12716
12669
12729
12734
12728
12674
12745
12747
12706
12754
12808
12790
12812
12853
12904
12954
12980
12977
12998
13007
13030
12982
13049
13057
13059
13064
13065
13072
13086
13122
13136
13134
13129
13137
13147
13142
13156
12665
12653
13161
13165
13172
13188
13201
13198
13202
13214
13217
13221
13228
13265
13256
13238
13248
13335
13334
13312
13336
13325
13363
13285
13343
13372
13370
13322
13393
13392
13388
13390
12711
13391
13396
13397
13398
13399
13403
13402
13401
13400
13404
13394
13389
13405
13406
13407
13409
13413
13414
13408
13411
13412
13410
13417
13419
13418
13420
13415
13422
13424
13423
13421
13425
13430
13428
13429
13427
13434
13435
13431
13436
13433
13439
13440
13432
13442
13445
13438
13437
13449
13454
13455
13451
13450
13457
13458
13447
13446
13460
13459
13426
13462
13463
13469
13464
13468
13461
13466
13465
13467
13443
13470
13471
13476
13478
13479
13473
13475
13477
13474
13472
13482
13480
13491
13485
13490
13487
13492
13493
13498
13496
13495
13497
13499
13488
13500
13486
13483
13503
13484
13504
13501
13502
13507
13505
13508
13506
13512
13513
13515
13510
13511
13514
13517
13524
13523
13520
13522
13519
13521
13525
13526
13531
13530
13533
13534
13536
13532
13527
13537
13538
13539
13529
13540
13544
13545
13546
13543
13542
13541
13548
13547
13550
13553
13554
13558
13561
13560
13559
13556
13557
13565
13566
13563
13567
13571
13573
13572
13575
13579
13577
13576
13574
13580
13581
13589
13555
13588
13590
13592
13591
13582
13595
13594
13593
13584
13585
13583
13596
13586
13597
13598
13600
13609
13599
13690
13624
13668
13684
13610
13636
13677
13694
13630
13753
13740
13736
13725
13749
13680
13761
13765
13762
13787
13807
13784
13707
13718
13716
13829
13852
13843
13813
13825
13785
13881
13867
13890
13944
13903
13956
13964
13954
13965
13912
14020
13849
13969
14012
14084
13871
14092
14096
14101
14114
14130
14089
14044
14150
14180
14131
14039
14171
14169
14063
14079
14160
13518
13562
13516
13564
14191
14192
14196
14205
14211
14242
14225
14243
14229
14245
14251
14259
14282
14299
14332
14336
14341
14355
14356
14360
14361
14372
14386
14387
14385
14392
14395
14402
14412
14420
14410
14415
14418
14425
14433
14441
14450
14467
14478
14477
14463
14481
14488
14502
14462
14187
14185
14510
14514
14529
14537
14561
14562
14546
14558
14566
14567
14574
14600
14612
14618
14633
14641
14642
14660
14654
14680
14686
14619
14701
14702
14706
14718
14713
14724
14723
14727
14733
14760
14765
14772
14794
14802
14813
14821
14838
14849
14857
14863
14882
14876
14890
14906
14911
14916
14932
14943
14895
14959
14982
14971
15001
15006
15000
15022
15041
15043
15058
15060
15088
15084
15098
15099
15133
15037
15149
15159
15158
15162
15142
15188
15231
15213
15198
15243
15244
15296
15276
15260
15305
15310
15312
15336
15358
15385
15345
15412
15411
15418
15425
15436
15463
15466
15469
15399
15476
15484
15505
15470
15514
15516
15523
15566
15587
15643
15598
15673
15604
15651
15657
15625
15623
15615
15626
15674
15712
15722
15721
15768
15724
15726
15733
15820
15841
15850
15871
15872
15890
15904
15943
15928
15940
15960
15962
15975
15968
15955
15984
16004
16022
16003
16028
16014
16036
16032
16040
16029
16065
16072
16080
16084
16081
16041
16092
16045
16106
16110
16149
16120
16146
16142
16124
16151
16161
16162
16316
16469
16284
16512
16548
16673
16707
16773
16159
16549
16851
16868
16860
16938
16955
16977
17035
17086
15989
17153
17175
17237
17000
17255
17305
17321
17328
17354
17223
17381
17380
17440
17441
17458
17469
17470
17474
17471
17472
17476
17475
17477
17478
17479
17483
17481
17486
17484
17485
17487
17473
17482
17480
17488
17495
17499
17501
17502
17503
17492
17504
17496
17497
17494
17505
17506
17507
17508
17511
17509
17510
17512
17513
17514
17516
17515
17519
17520
17518
17522
17521
17523
17517
17524
17525
17528
17527
17529
17530
17526
17531
17532
17534
17535
17536
17533
17539
17493
17498
17543
17490
17540
17538
17489
17541
17544
17545
17546
17548
17552
17553
17556
17549
17550
17554
17555
17551
17557
17558
17565
17560
17567
17564
17566
17561
17559
17562
17570
17571
17572
17574
17573
17575
17577
17576
17579
17584
17582
17585
17583
17586
17581
17580
17588
17590
17589
17591
17593
17595
17594
17592
17596
17598
17597
17600
17601
17603
17602
17604
17605
17569
17568
17606
17607
17608
17610
17611
17612
17613
17614
17615
17616
17618
17619
17620
17621
17623
17624
17625
17627
17626
17628
17629
17630
17631
17633
17632
17634
17635
17636
17639
17638
17640
17641
17642
17644
17645
17646
17647
17648
17649
17650
17651
17652
17653
17654
17655
17659
17660
17656
17657
17661
17662
17663
17664
17665
17673
17671
17672
17666
17675
17674
17667
17670
17668
17676
17679
17686
17683
17682
17678
17687
17681
17677
17688
17689
17691
17692
17695
17690
17697
17698
17694
17693
17696
17699
17700
17708
17703
17702
17701
17704
17710
17707
17706
17709
17711
17717
17713
17714
17722
17716
17719
17712
17718
17721
17723
17725
17727
17724
17729
17730
17728
17732
17733
17731
17735
17734
17736
17737
17739
17738
17740
17742
17744
17743
17745
17746
17748
17747
17749
17750
17751
17753
17754
17757
17758
17762
17759
17761
17763
17756
17764
17765
17766
17768
17769
17772
17771
17773
17770
17774
17776
17775
17777
17778
17779
17780
17782
17783
17781
17784
17790
17788
17787
17789
17786
17791
17792
17793
17794
17795
17798
17801
17796
17799
17800
17802
17803
17804
17805
17806
17807
17808
17811
17813
17810
17814
17809
17815
17816
17817
17818
17819
17821
17820
17822
17824
17825
17827
17826
17823
17828
17830
17831
17832
17833
17834
17836
17840
17843
17839
17837
17835
17844
17845
17846
17847
17848
17853
17849
17852
17851
17855
17854
17850
17857
17856
17858
17860
17859
17861
17862
17867
17863
17866
17868
17865
17870
17864
17871
17872
17873
17876
17877
17874
17878
17879
17881
17880
17882
17869
17883
17886
17887
17884
17885
17888
17890
17892
17893
17889
17891
17894
17895
17897
17896
17900
17903
17901
17902
17899
17904
17898
17906
17905
17907
17908
17912
17911
17914
17913
17917
17919
17916
17909
17915
17910
17920
17923
17922
17924
17925
17927
17929
17926
17930
17931
17932
17921
17933
17934
17935
17937
17938
17936
17941
17939
17943
17942
17945
17948
17946
17951
17950
17949
17952
17953
17955
17954
17956
17957
17959
17960
17962
17961
17963
17965
17968
17966
17967
17969
17970
17971
17974
17973
17972
17976
17977
17978
17979
17980
17982
17983
17986
17984
17987
17985
17988
17989
17990
17991
17992
17993
17994
17995
17997
17996
17999
17998
18000
18001
18002
18003
18004
18005
18006
18007
18009
18010
18011
18012
18016
18017
18013
18014
18018
18019
18020
18021
18022
18023
18024
18027
18025
18026
18029
18028
18031
18032
18030
18033
18035
18034
18037
18038
18040
18039
18041
18042
18043
18044
18046
18047
18045
18048
18050
18049
18051
18053
18054
18052
18055
18056
18058
18057
18059
18060
18061
18062
18063
18064
18065
18066
18067
18068
18069
18070
18071
18072
18073
18074
18076
18075
18078
18077
18088
18079
18083
18082
18087
18081
18085
18080
18086
18084
18089
18090
18092
18096
18095
18093
18098
18091
18094
18099
18097
18100
18102
18103
18105
18104
18108
18110
18106
18109
18107
18114
18113
18112
18115
18116
18117
18118
18121
18119
18122
18120
18123
18124
18125
18127
18129
18128
18130
18131
18132
18134
18135
18136
18137
18133
18139
18140
18141
18142
18143
18144
18145
18146
18147
18148
18149
18150
18151
18152
18153
18154
18155
18158
18157
18156
18159
18161
18160
18162
18163
18164
18165
18168
18166
18167
18171
18169
18170
18172
18174
18173
18175
18176
18179
18177
18180
18181
18182
18183
18185
18184
18186
18187
18190
18188
18191
18192
18194
18195
18196
18198
18197
18201
18203
18202
18204
18205
18206
18207
18208
18209
18210
18211
18212
18213
18216
18217
18215
18214
18220
18221
18222
18223
18219
18224
18227
18225
18226
18228
18230
18229
18231
18232
18218
18233
18234
18236
18235
18237
18241
18238
18239
18242
18243
18244
18245
18246
18248
18257
18252
18247
18264
18266
18250
18256
18254
18262
18268
18267
18272
18270
18277
18276
18279
18280
18278
18275
18281
18283
18284
18282
18286
18290
18287
18291
18289
18295
18292
18296
18297
18298
18300
18301
18305
18306
18314
18309
18311
18312
18315
18316
18317
18319
18321
18320
18322
18326
18323
18327
18329
18328
18330
18333
18334
18335
18339
18340
18337
18338
18341
18346
18343
18336
18344
18347
18348
18349
18351
18352
18350
18359
18355
18357
18356
18360
18361
18362
18366
18363
18364
18369
18365
18367
18370
18371
18368
18374
18376
18375
18378
18377
18379
18381
18387
18382
18386
18383
18380
18384
18389
18388
18390
18393
18394
18396
18397
18395
18398
18391
18401
18400
18399
18402
18403
18407
18405
18406
18404
18408
18409
18412
18413
18415
18414
18416
18417
18420
18418
18419
18422
18423
18424
18425
18426
18427
18428
18429
18431
18432
18433
18434
18435
18436
18437
18438
18439
18441
18442
18444
18445
18446
18447
18448
18449
18452
18457
18459
18458
18460
18464
18451
18453
18463
18465
18466
18468
18470
18467
18469
18455
18454
18462
18456
18461
18471
18476
18474
18475
18473
18478
18477
18479
18482
18481
18484
18488
18485
18486
18483
18489
18490
18491
18493
18494
18492
18499
18498
18500
18496
18501
18502
18503
18505
18506
18507
18508
18512
18509
18510
18513
18515
18514
18516
18517
18518
18520
18519
18522
18523
18525
18526
18521
18524
18529
18528
18530
18531
18532
18533
18536
18539
18537
18535
18538
18540
18541
18534
18542
18543
18544
18546
18545
18547
18548
18549
18551
18550
18552
18553
18554
18555
18556
18562
18559
18561
18557
18564
18565
18563
18566
18567
18568
18569
18573
18570
18576
18577
18572
18574
18575
18579
18578
18580
18582
18583
18589
18588
18581
18585
18586
18584
18587
18590
18591
18592
18597
18596
18594
18600
18593
18599
18595
18602
18601
18603
18606
18604
18605
18608
18611
18610
18607
18612
18613
18609
18614
18615
18616
18617
18623
18619
18618
18622
18620
18621
18624
18627
18625
18626
18632
18636
18637
18638
18633
18631
18635
18630
18634
18628
18641
18640
18642
18646
18643
18644
18645
18648
18647
18649
18651
18650
18654
18652
18655
18656
18653
18658
18659
18661
18662
18663
18664
18665
18668
18666
18667
18671
18672
18669
18673
18670
18674
18675
18676
18677
18683
18680
18684
18679
18682
18685
18687
18688
18689
18690
18693
18692
18696
18691
18694
18695
18697
18698
18699
18700
18701
18702
18703
18704
18705
18706
18707
18709
18710
18711
18712
18714
18713
18716
18715
18719
18723
18724
18718
18725
18726
18727
18728
18729
18730
18732
18731
18733
18734
18735
18736
18737
18738
18740
18739
18742
18743
18744
18745
18746
18747
18748
18749
18750
18753
18752
18751
18754
18755
18757
18756
18758
18759
18760
18762
18763
18764
18766
18765
18767
18768
18769
18770
18771
18772
18774
18776
18775
18777
18778
18779
18780
18781
18720
18722
18783
18785
18784
18786
18787
18788
18790
18789
18792
18791
18795
18793
18794
18796
18797
18798
18800
18799
18801
18802
18803
18804
18805
18806
18807
18808
18810
18809
18811
18812
18813
18814
18815
18816
18817
18818
18823
18821
18820
18822
18825
18826
18824
18819
18827
18828
18829
18830
18831
18832
18838
18833
18836
18837
18834
18835
18839
18840
18841
18843
18842
18849
18850
18853
18844
18851
18845
18846
18847
18852
18848
18857
18861
18864
18854
18859
18858
18855
18862
18856
18863
18865
18871
18866
18874
18869
18872
18873
18870
18867
18868
18875
18876
18877
18880
18879
18878
18883
18884
18881
18882
18885
18887
18888
18889
18890
18891
18894
18893
18896
18892
18895
18897
18898
18899
18900
18901
18905
18903
18902
18906
18904
18909
18908
18910
18907
18911
18912
18914
18913
18915
18916
18919
18918
18920
18921
18917
18922
18923
18924
18925
18926
18928
18929
19132
19173
19227
19241
19305
19356
19376
19431
19478
19510
19541
19551
19545
19552
19580
19621
19584
19653
19638
19668
19678
19696
19706
19718
19725
19711
19736
19761
19782
19784
19846
19848
19861
19868
19881
19888
19948
20014
20061
20119
20107
20176
20198
20215
20246
20240
20293
20305
20339
20385
20394
20388
20397
20400
20410
20403
20419
20425
20450
20454
20469
20477
20501
20507
20508
20529
20533
20557
20538
20580
20586
20596
20612
20641
20652
20661
20662
20694
20723
20708
20704
20679
20656
20701
20680
20725
20728
20731
20740
20750
20745
20771
20784
20785
20798
20801
20792
20783
20803
20820
20825
20830
20845
20862
20878
20884
20891
20887
20852
20894
20896
20908
20913
20920
20937
20949
20953
20973
20956
20971
20962
21002
21115
21157
21128
21165
21188
20976
20999
