9
2
0
7
4
8
5
1
3
11
13
12
15
14
6
10
23
18
25
22
20
16
21
19
24
17
26
27
28
29
33
31
32
30
34
35
37
38
36
39
41
40
48
45
47
46
43
44
52
54
51
53
49
50
42
60
58
62
56
61
63
55
57
64
59
65
67
66
70
69
68
75
77
73
71
72
80
76
74
79
78
81
82
84
83
85
90
87
89
86
88
91
92
93
94
95
100
101
97
98
99
96
102
103
104
105
106
107
108
111
110
109
114
113
112
115
116
117
118
120
119
121
123
122
125
126
127
128
129
124
130
131
132
133
134
135
136
137
138
139
140
141
142
143
144
145
146
148
150
147
149
151
152
153
154
155
156
160
163
158
162
161
165
159
166
157
164
169
167
168
171
175
173
172
170
176
174
177
179
178
180
181
183
186
182
184
185
194
190
191
187
189
188
193
192
196
195
199
197
198
202
203
206
205
204
201
207
212
214
209
216
200
210
213
218
211
217
219
215
222
223
224
225
226
227
228
229
208
221
220
231
230
232
233
234
236
237
241
239
235
240
238
242
243
244
245
247
249
246
250
248
251
252
253
254
255
256
260
259
261
258
257
263
264
262
265
266
267
270
268
271
274
275
269
273
276
272
277
279
284
282
286
285
280
281
283
278
287
288
289
291
290
292
294
297
296
293
295
298
299
300
303
302
304
307
308
306
301
305
309
310
312
311
316
314
318
319
313
315
320
321
317
322
323
326
324
325
332
327
329
330
328
331
333
334
335
339
336
337
341
338
342
346
345
347
343
348
340
351
344
350
349
352
356
353
358
360
359
355
362
354
357
361
363
364
365
366
375
376
372
367
373
368
371
369
374
370
383
378
381
384
382
385
380
379
386
377
387
388
389
395
391
390
392
394
393
398
399
400
396
397
401
403
405
404
402
406
407
408
410
409
411
412
413
414
415
416
417
418
419
420
421
422
423
424
425
426
427
428
429
430
433
436
438
440
439
431
435
442
432
446
434
437
447
449
448
441
450
444
455
454
451
443
445
452
453
456
458
457
459
460
461
462
463
464
465
466
468
467
470
469
472
471
473
474
475
477
478
476
479
480
481
482
483
485
484
487
486
488
489
490
491
493
492
495
494
496
497
499
498
502
504
509
501
507
503
505
500
508
506
510
511
515
514
517
512
518
519
516
513
520
523
521
528
525
524
530
526
527
529
522
533
534
532
531
540
536
538
537
542
543
535
541
539
544
545
546
548
549
553
550
551
552
554
555
547
556
557
558
561
560
562
559
564
566
567
563
565
568
570
569
571
572
573
577
575
574
576
578
579
580
581
582
583
584
585
586
588
589
587
590
591
592
593
594
595
596
597
599
598
600
601
602
603
604
605
606
607
609
608
611
610
613
616
612
617
615
614
619
618
620
627
625
622
626
624
632
631
621
629
633
635
634
623
628
630
636
637
638
639
641
642
645
643
646
648
647
649
644
640
650
651
653
652
657
655
658
654
656
663
667
661
665
662
659
666
660
664
668
669
671
672
677
675
676
673
678
670
674
679
680
681
682
683
688
685
687
684
686
691
689
690
693
692
694
699
700
697
703
698
701
696
702
695
704
705
707
711
708
706
712
710
713
709
714
715
716
717
721
720
724
718
725
723
722
719
726
727
734
733
737
728
732
736
735
730
731
729
739
738
743
740
741
746
747
742
745
744
748
749
750
751
752
754
758
755
756
753
757
759
760
761
762
763
764
766
765
767
769
768
770
771
772
773
774
779
776
781
778
775
782
777
783
780
784
785
786
788
787
789
790
792
793
794
791
795
796
797
798
799
800
801
804
803
802
805
806
807
808
809
810
811
814
812
813
815
816
817
818
819
820
821
822
823
824
826
825
827
830
831
828
829
832
833
834
835
836
837
838
839
841
842
840
843
844
845
846
847
848
851
849
852
850
854
853
855
856
857
858
859
860
862
861
863
864
866
867
865
868
869
870
871
872
874
873
876
875
878
879
882
880
884
877
883
885
886
881
887
888
889
892
891
890
893
895
894
896
897
898
899
901
903
902
900
904
905
908
906
907
910
909
913
912
911
914
915
916
917
918
919
920
921
923
924
922
927
925
926
928
929
930
931
932
934
933
938
935
937
936
940
939
941
942
944
943
945
947
949
946
951
948
953
955
952
950
954
957
956
959
960
963
962
965
961
958
964
966
967
968
969
971
972
970
975
973
974
976
977
978
979
980
981
982
985
983
984
986
987
988
989
990
991
992
993
994
995
996
997
998
1000
999
1002
1001
1003
1004
1005
1008
1006
1009
1010
1012
1007
1011
1015
1013
1014
1016
1017
1018
1019
1020
1021
1024
1022
1025
1023
1026
1027
1028
1029
1030
1031
1033
1039
1034
1035
1036
1041
1040
1042
1038
1032
1037
1044
1043
1045
1047
1046
1052
1051
1048
1050
1049
1053
1054
1055
1056
1057
1058
1059
1062
1060
1061
1063
1064
1065
1066
1067
1068
1069
1071
1070
1072
1073
1075
1077
1076
1074
1078
1079
1080
1082
1081
1083
1085
1084
1086
1087
1088
1089
1090
1091
1092
1093
1094
1096
1095
1098
1097
1099
1102
1100
1101
1103
1104
1106
1105
1107
1109
1108
1110
1111
1112
1113
1114
1116
1115
1117
1118
1119
1122
1120
1121
1123
1124
1126
1125
1128
1127
1129
1133
1130
1132
1134
1131
1136
1135
1138
1139
1137
1140
1141
1142
1144
1143
1145
1147
1148
1150
1146
1149
1151
1153
1152
1154
1155
1157
1156
1159
1160
1158
1161
1164
1162
1163
1165
1166
1167
1168
1169
1170
1171
1174
1172
1173
1175
1176
1177
1178
1179
1180
1181
1182
1186
1184
1183
1187
1188
1185
1189
1190
1191
1192
1193
1194
1195
1196
1198
1197
1199
1202
1201
1200
1203
1204
1205
1206
1207
1208
1209
1210
1212
1211
1214
1213
1215
1216
1217
1218
1219
1221
1220
1222
1223
1225
1224
1226
1227
1228
1229
1230
1231
1233
1234
1235
1232
1236
1237
1238
1239
1240
1241
1242
1243
1244
1245
1246
1248
1247
1250
1249
1251
1252
1253
1254
1255
1256
1258
1257
1261
1259
1265
1264
1262
1263
1260
1266
1267
1268
1270
1269
1273
1274
1276
1275
1271
1272
1277
1278
1279
1280
1281
1282
1283
1284
1288
1292
1286
1291
1289
1285
1293
1294
1287
1290
1298
1296
1297
1299
1295
1301
1302
1304
1300
1303
1305
1306
1308
1307
1312
1310
1313
1314
1309
1311
1315
1316
1317
1318
1320
1319
1322
1321
1325
1323
1326
1327
1328
1324
1329
1331
1330
1332
1333
1337
1336
1338
1334
1339
1335
1340
1341
1342
1343
1344
1345
1346
1348
1349
1347
1350
1352
1351
1353
1354
1355
1356
1357
1358
1359
1362
1363
1361
1364
1360
1365
1367
1366
1368
1369
1371
1372
1370
1373
1374
1375
1376
1377
1378
1379
1380
1381
1382
1383
1385
1384
1387
1386
1389
1388
1390
1391
1392
1393
1394
1395
1396
1397
1399
1398
1400
1401
1402
1403
1404
1405
1406
1407
1410
1409
1408
1411
1412
1413
1414
1415
1416
1417
1418
1420
1419
1421
1422
1423
1425
1424
1426
1427
1428
1429
1430
1431
1432
1437
1436
1435
1433
1438
1434
1439
1440
1441
1442
1443
1446
1452
1448
1444
1451
1449
1450
1447
1445
1454
1456
1455
1462
1457
1459
1461
1453
1458
1460
1463
1464
1471
1466
1467
1468
1465
1470
1472
1473
1469
1474
1475
1476
1478
1480
1481
1483
1479
1482
1484
1477
1485
1486
1487
1489
1488
1491
1493
1490
1492
1494
1495
1497
1496
1498
1499
1500
1501
1502
1503
1505
1504
1506
1507
1508
1509
1510
1511
1512
1516
1517
1518
1513
1515
1514
1519
1520
1521
1522
1523
1524
1525
1526
1527
1528
1529
1530
1531
1532
1533
1534
1535
1536
1537
1538
1539
1540
1541
1542
1543
1544
1545
1546
1547
1548
1549
1550
1551
1552
1554
1553
1555
1556
1557
1558
1559
1560
1561
1562
1563
1564
1565
1566
1567
1568
1569
1570
1571
1572
1573
1574
1575
1576
1577
1578
1579
1580
1581
1582
1583
1584
1585
1586
1587
1588
1589
1590
1591
1592
1593
1594
1595
1596
1597
1598
1600
1599
1601
1603
1602
1604
1605
1607
1606
1608
1610
1609
1611
1612
1613
1614
1615
1617
1616
1618
1619
1621
1620
1622
1623
1624
1625
1626
1627
1630
1628
1629
1631
1632
1633
1634
1637
1635
1636
1643
1644
1645
1647
1646
1648
1649
1652
1650
1651
1653
1640
1641
1638
1654
1639
1655
1656
1657
1658
1659
1660
1661
1662
1663
1665
1664
1666
1667
1668
1669
1670
1671
1672
1673
1674
1675
1677
1676
1678
1679
1680
1681
1682
1683
1684
1686
1685
1687
1688
1689
1690
1691
1692
1642
1693
1697
1694
1698
1699
1701
1695
1700
1696
1702
1703
1704
1711
1709
1705
1710
1708
1713
1706
1707
1712
1714
1715
1716
1718
1720
1724
1719
1717
1723
1725
1726
1727
1721
1722
1728
1729
1730
1737
1734
1733
1740
1732
1738
1735
1731
1736
1739
1741
1745
1749
1750
1744
1747
1743
1746
1748
1742
1751
1752
1753
1754
1755
1756
1757
1760
1762
1759
1758
1761
1763
1764
1765
1766
1767
1771
1769
1768
1772
1770
1774
1773
1775
1776
1777
1778
1781
1779
1783
1782
1786
1785
1787
1780
1784
1788
1789
1790
1791
1792
1794
1797
1796
1793
1795
1798
1799
1801
1800
1802
1804
1805
1803
1809
1807
1808
1806
1810
1811
1812
1815
1814
1813
1818
1816
1817
1821
1820
1819
1822
1824
1823
1825
1826
1827
1828
1830
1829
1831
1832
1833
1835
1834
1836
1837
1838
1840
1839
1841
1842
1843
1845
1844
1846
1848
1847
1850
1851
1849
1853
1852
1855
1854
1856
1858
1857
1859
1861
1860
1862
1863
1864
1865
1866
1867
1868
1871
1869
1873
1876
1875
1874
1877
1878
1870
1883
1885
1879
1884
1872
1881
1886
1882
1880
1888
1887
1889
1892
1896
1893
1894
1891
1897
1898
1895
1890
1899
1900
1901
1906
1907
1903
1908
1902
1905
1904
1909
1911
1910
1913
1918
1915
1914
1912
1916
1917
1919
1921
1920
1922
1923
1924
1925
1927
1928
1926
1929
1931
1930
1932
1933
1934
1935
1936
1937
1938
1941
1940
1939
1942
1944
1943
1945
1946
1947
1948
1951
1949
1950
1952
1955
1953
1954
1957
1956
1958
1959
1960
1961
1963
1965
1962
1964
1967
1966
1968
1969
1971
1970
1972
1973
1975
1976
1978
1977
1974
1979
1981
1980
1982
1983
1985
1984
1986
1992
1990
1991
1988
1989
1987
1993
1995
1994
1996
1997
2001
2000
1999
2002
2003
1998
2005
2004
2006
2007
2010
2008
2011
2015
2012
2013
2014
2017
2009
2016
2018
2020
2019
2023
2021
2022
2026
2025
2024
2027
2028
2029
2030
2031
2033
2036
2035
2038
2037
2032
2040
2034
2039
2041
2042
2043
2045
2044
2046
2047
2049
2048
2050
2051
2052
2053
2054
2055
2056
2057
2060
2059
2058
2061
2062
2063
2064
2065
2066
2067
2068
2069
2071
2070
2072
2073
2076
2075
2077
2074
2078
2079
2080
2081
2082
2085
2083
2084
2086
2087
2088
2090
2089
2091
2092
2095
2093
2094
2096
2097
2098
2100
2101
2099
2102
2105
2104
2103
2106
2107
2108
2109
2111
2110
2112
2115
2113
2114
2118
2116
2117
2119
2121
2120
2122
2124
2125
2126
2123
2128
2127
2129
2130
2131
2132
2133
2135
2134
2138
2136
2137
2141
2139
2140
2142
2143
2151
2149
2147
2146
2148
2144
2153
2152
2150
2156
2157
2160
2158
2155
2162
2145
2154
2161
2159
2166
2163
2167
2165
2164
2172
2171
2168
2170
2169
2173
2174
2176
2175
2177
2178
2180
2179
2181
2182
2183
2184
2185
2187
2186
2189
2190
2188
2192
2191
2193
2194
2195
2196
2197
2198
2200
2199
2202
2201
2203
2204
2205
2206
2207
2208
2210
2209
2211
2212
2214
2213
2216
2218
2215
2217
2219
2220
2221
2222
2223
2224
2225
2226
2228
2227
2229
2230
2231
2232
2233
2234
2235
2236
2238
2237
2241
2240
2242
2239
2243
2244
2245
2251
2252
2255
2250
2246
2254
2247
2249
2253
2248
2260
2256
2263
2264
2258
2257
2262
2259
2265
2261
2266
2267
2269
2271
2276
2270
2272
2268
2275
2274
2277
2273
2278
2279
2281
2282
2283
2280
2286
2287
2288
2289
2285
2284
2293
2290
2291
2292
2295
2294
2299
2297
2298
2296
2304
2302
2301
2303
2306
2305
2300
2307
2309
2308
2311
2317
2310
2312
2320
2318
2316
2319
2315
2314
2313
2321
2328
2322
2324
2330
2325
2329
2326
2323
2327
2331
2332
2335
2336
2338
2337
2340
2333
2334
2339
2341
2342
2343
2344
2346
2347
2348
2345
2349
2350
2351
2352
2353
2354
2355
2356
2357
2359
2358
2360
2361
2362
2363
2364
2365
2368
2366
2367
2369
2370
2371
2372
2373
2374
2375
2376
2384
2381
2377
2383
2382
2380
2379
2385
2378
2386
2388
2389
2393
2387
2392
2391
2390
2394
2395
2396
2397
2398
2400
2403
2404
2401
2405
2399
2402
2406
2407
2408
2409
2410
2411
2412
2414
2413
2415
2418
2416
2417
2419
2420
2422
2421
2423
2424
2425
2427
2428
2426
2429
2430
2431
2432
2435
2433
2434
2437
2438
2436
2439
2440
2441
2442
2445
2444
2443
2446
2447
2448
2450
2449
2451
2455
2452
2453
2454
2456
2458
2457
2459
2461
2462
2463
2465
2464
2466
2467
2460
2468
2469
2470
2471
2472
2474
2473
2475
2476
2478
2477
2479
2480
2481
2482
2483
2484
2485
2486
2489
2487
2488
2495
2498
2493
2499
2491
2497
2496
2494
2490
2492
2500
2501
2502
2504
2509
2507
2503
2505
2508
2506
2511
2510
2512
2513
2514
2515
2519
2518
2516
2521
2520
2522
2517
2523
2524
2525
2526
2527
2529
2530
2528
2531
2534
2535
2532
2533
2536
2537
2538
2539
2540
2541
2542
2543
2544
2545
2546
2547
2549
2548
2550
2551
2552
2553
2554
2555
2557
2559
2558
2561
2556
2564
2563
2565
2560
2562
2569
2570
2566
2567
2571
2572
2573
2574
2576
2575
2577
2579
2578
2580
2581
2583
2585
2584
2587
2588
2589
2590
2568
2591
2593
2592
2594
2595
2598
2597
2596
2603
2602
2582
2606
2604
2605
2586
2608
2607
2609
2610
2612
2611
2613
2615
2614
2616
2619
2617
2618
2601
2620
2600
2599
2623
2621
2622
2632
2631
2633
2630
2629
2625
2624
2627
2628
2626
2635
2634
2636
2641
2640
2639
2638
2642
2643
2637
2644
2645
2646
2648
2647
2649
2650
2652
2651
2654
2655
2656
2653
2657
2658
2662
2659
2660
2661
2663
2665
2666
2664
2667
2668
2673
2676
2674
2675
2671
2669
2672
2670
2678
2682
2681
2679
2685
2680
2686
2687
2688
2690
2691
2692
2684
2683
2694
2689
2695
2677
2696
2697
2698
2693
2700
2699
2701
2702
2703
2704
2705
2706
2707
2708
2709
2711
2710
2712
2713
2714
2715
2716
2717
2719
2721
2720
2722
2718
2723
2724
2725
2726
2727
2728
2730
2731
2729
2732
2733
2734
2735
2736
2737
2738
2741
2740
2739
2742
2743
2744
2745
2746
2747
2749
2748
2751
2750
2758
2760
2754
2756
2757
2755
2761
2759
2753
2752
2763
2762
2768
2766
2765
2767
2764
2769
2771
2770
2774
2773
2772
2775
2777
2779
2778
2780
2781
2776
2783
2784
2785
2782
2786
2787
2788
2791
2789
2790
2795
2794
2792
2793
2796
2800
2798
2797
2799
2801
2805
2802
2804
2803
2806
2808
2811
2810
2809
2807
2813
2812
2815
2814
2816
2820
2821
2819
2817
2818
2822
2823
2826
2824
2825
2827
2831
2830
2829
2828
2835
2833
2834
2836
2832
2837
2839
2838
2840
2841
2842
2843
2845
2846
2844
2848
2851
2849
2847
2850
2852
2853
2854
2855
2856
2858
2857
2859
2860
2861
2862
2863
2864
2866
2865
2867
2870
2869
2871
2868
2872
2873
2874
2875
2876
2877
2878
2880
2881
2879
2886
2884
2883
2882
2887
2885
2888
2890
2891
2889
2892
2893
2897
2896
2895
2894
2898
2900
2899
2901
2902
2904
2903
2905
2906
2908
2907
2910
2911
2909
2912
2914
2915
2918
2919
2917
2913
2916
2920
2922
2923
2924
2921
2925
2926
2928
2927
2930
2929
2932
2931
2933
2934
2935
2936
2937
2938
2940
2939
2941
2942
2943
2944
2945
2946
2947
2948
2950
2949
2951
2952
2953
2955
2956
2954
2957
2958
2960
2959
2961
2962
2963
2964
2965
2966
2967
2968
2969
2973
2972
2974
2970
2971
2976
2977
2978
2975
2979
2980
2981
2982
2983
2984
2985
2986
2988
2987
2989
2990
2991
2992
2993
2994
2995
2997
2996
2999
2998
3000
3001
3002
3003
3004
3005
3006
3008
3009
3010
3011
3012
3013
3007
3014
3015
3016
3017
3018
3019
3020
3021
3023
3022
3024
3025
3026
3028
3029
3030
3027
3031
3033
3034
3032
3035
3036
3037
3038
3039
3040
3041
3042
3044
3045
3043
3046
3053
3055
3051
3047
3052
3056
3054
3050
3048
3049
3057
3060
3061
3058
3059
3062
3063
3066
3064
3065
3067
3068
3069
3071
3070
3072
3074
3073
3076
3075
3077
3081
3080
3085
3084
3082
3083
3086
3079
3087
3088
3089
3093
3094
3091
3095
3092
3090
3096
3097
3098
3099
3100
3101
3103
3102
3105
3104
3106
3107
3108
3109
3078
3110
3113
3114
3112
3115
3111
3116
3117
3118
3119
3120
3121
3122
3123
3124
3126
3125
3127
3128
3129
3130
3131
3132
3134
3133
3137
3138
3135
3136
3139
3141
3140
3142
3144
3143
3148
3145
3149
3150
3151
3152
3153
3154
3157
3155
3156
3158
3160
3161
3162
3159
3164
3163
3165
3166
3167
3168
3169
3171
3172
3173
3174
3175
3177
3176
3179
3180
3178
3181
3147
3146
3184
3183
3182
3185
3186
3187
3188
3190
3189
3193
3191
3192
3194
3196
3195
3197
3199
3198
3202
3200
3201
3203
3204
3205
3170
3210
3211
3209
3208
3206
3212
3213
3207
3214
3215
3216
3217
3218
3224
3220
3222
3221
3219
3225
3223
3226
3227
3228
3231
3229
3230
3233
3235
3232
3234
3236
3238
3237
3239
3240
3242
3241
3243
3245
3244
3246
3247
3248
3249
3250
3251
3252
3253
3254
3256
3255
3258
3257
3259
3260
3261
3262
3263
3264
3265
3266
3267
3268
4
8
6
1
0
3
7
9
2
5
17
19
13
10
15
12
11
14
16
18
26
25
22
27
23
29
20
21
24
28
33
35
36
34
38
32
31
37
30
39
40
42
41
43
47
44
45
46
49
48
52
50
51
53
54
57
58
56
59
55
61
60
62
63
64
65
68
67
69
66
71
70
72
73
74
75
76
78
77
79
81
82
80
83
84
85
86
88
89
87
92
90
91
94
93
95
96
99
97
98
102
100
101
103
104
105
106
108
107
109
111
110
113
112
114
115
116
117
118
119
120
122
123
121
124
125
126
128
127
129
130
131
134
132
133
135
136
137
139
138
140
141
144
142
143
145
146
147
148
149
150
151
152
154
153
155
156
157
159
162
164
161
163
166
167
165
158
160
168
169
170
173
175
177
176
174
171
172
178
179
181
180
185
183
182
187
184
188
186
189
191
190
192
193
194
196
197
199
195
198
200
201
202
203
204
205
207
211
212
209
206
208
215
210
214
213
218
216
217
221
223
224
220
222
225
219
226
227
228
230
229
231
232
235
234
233
236
237
238
239
240
241
244
243
245
242
248
247
246
249
250
251
253
252
254
255
256
257
258
259
260
261
262
263
264
265
267
266
268
270
269
271
273
272
274
275
276
278
279
280
277
281
282
283
285
284
286
287
288
289
290
291
292
293
296
294
295
297
299
298
301
305
302
303
304
306
307
300
308
309
310
311
312
317
316
315
314
313
318
320
321
325
322
326
324
319
323
327
328
329
330
333
331
334
332
336
335
337
338
339
340
341
342
343
345
344
349
348
346
350
347
351
352
353
354
359
355
357
362
361
358
356
363
360
364
367
365
368
374
370
369
366
373
371
372
375
376
377
378
380
384
379
382
381
383
385
386
387
388
390
389
391
392
394
395
396
393
397
398
399
400
401
404
402
405
408
407
406
403
409
411
410
412
413
414
415
418
416
421
419
417
420
423
422
424
425
426
431
430
427
429
428
432
433
434
435
436
438
437
441
440
439
442
444
445
443
446
448
449
447
451
450
453
452
454
456
455
457
459
458
460
461
462
464
463
465
466
467
469
470
471
468
472
475
473
480
482
477
483
478
481
484
476
479
474
485
486
488
489
487
490
491
495
494
492
493
498
500
499
501
502
496
504
503
497
505
506
511
508
509
515
516
510
512
514
507
513
518
517
519
524
525
523
526
522
521
520
527
528
529
530
531
532
535
533
537
534
536
538
539
540
541
542
545
544
543
547
546
548
549
550
551
552
553
554
557
555
556
558
559
560
561
562
563
564
565
568
567
569
573
571
566
572
570
574
575
576
577
578
582
584
579
581
580
583
585
586
587
588
589
590
593
592
594
591
595
597
596
598
599
600
601
605
602
603
604
606
609
607
611
608
610
612
615
613
614
617
616
621
619
620
618
622
625
623
624
631
632
629
626
634
627
630
628
637
635
638
642
641
639
643
640
636
633
644
645
647
650
651
653
649
652
648
646
654
655
657
656
658
663
662
660
661
659
664
665
666
667
668
671
672
670
674
673
669
675
676
677
678
679
682
681
683
687
680
688
689
686
685
684
690
691
693
698
699
696
692
695
697
694
700
701
702
703
704
706
708
705
710
709
707
711
712
713
714
715
717
716
722
718
723
720
721
719
724
726
725
727
732
729
730
728
733
731
734
735
737
736
738
739
741
740
742
743
744
745
747
746
748
749
750
752
753
754
751
758
757
755
759
756
760
761
762
763
764
768
769
770
767
765
766
772
771
773
774
777
775
776
778
781
779
780
782
783
784
785
786
787
788
789
790
793
791
794
795
801
796
792
798
799
800
797
802
803
804
805
808
807
806
810
809
811
813
812
814
815
816
817
818
819
820
821
822
823
825
824
826
827
828
829
830
831
834
833
836
835
832
837
838
839
840
841
842
845
844
846
843
850
849
847
848
851
852
853
854
856
855
858
857
862
861
863
860
859
864
865
866
867
868
871
869
872
873
870
874
875
878
876
877
880
881
882
883
879
888
885
887
884
886
889
890
896
893
895
891
897
899
892
894
898
901
900
904
903
902
908
907
906
909
905
911
910
913
912
914
915
917
916
918
919
921
920
922
923
924
925
926
927
929
928
931
930
934
933
932
935
936
937
938
939
940
941
943
942
944
945
947
946
948
949
951
958
950
957
952
955
953
959
956
954
960
961
962
969
966
963
965
968
967
964
971
972
973
974
978
975
977
976
979
980
981
982
983
984
986
987
985
990
989
988
991
992
993
995
999
1000
1001
997
994
996
998
1002
1003
1004
1005
1006
1008
1009
1007
1010
1011
1012
1013
1014
1015
1016
1017
1020
1018
1019
1021
1023
1022
970
1024
1025
1026
1032
1027
1033
1029
1031
1035
1028
1034
1030
1036
1037
1038
1045
1042
1043
1041
1040
1044
1046
1039
1047
1048
1049
1050
1052
1056
1055
1053
1054
1057
1051
1058
1059
1060
1061
1064
1063
1062
1065
1067
1068
1066
1069
1070
1071
1072
1073
1074
1075
1080
1079
1077
1078
1076
1081
1082
1083
1084
1085
1086
1093
1088
1090
1089
1094
1091
1092
1087
1095
1096
1097
1099
1103
1100
1104
1098
1102
1101
1105
1106
1107
1108
1111
1109
1112
1110
1114
1113
1115
1116
1117
1118
1119
1120
1126
1121
1122
1123
1124
1127
1125
1128
1129
1130
1132
1135
1133
1131
1134
1138
1136
1137
1139
1140
1141
1142
1144
1143
1145
1148
1147
1146
1149
1159
1157
1158
1153
1154
1156
1150
1152
1155
1151
1160
1162
1161
1163
1169
1168
1164
1167
1165
1166
1170
1171
1172
1173
1176
1178
1175
1181
1180
1177
1174
1179
1182
1183
1184
1185
1186
1190
1189
1191
1194
1193
1188
1187
1192
1195
1198
1196
1203
1197
1205
1200
1202
1204
1201
1199
1206
1208
1209
1207
1212
1213
1210
1214
1211
1215
1216
1217
1218
1219
1220
1225
1221
1222
1226
1223
1224
1227
1228
1230
1229
1232
1231
1236
1234
1235
1233
1237
1238
1239
1241
1240
1244
1247
1246
1242
1243
1245
1248
1249
1251
1250
1252
1254
1255
1257
1256
1258
1253
1261
1260
1259
1262
1264
1263
1271
1266
1268
1274
1267
1269
1273
1265
1270
1272
1275
1276
1281
1280
1278
1284
1285
1283
1282
1279
1277
1286
1287
1291
1293
1292
1294
1295
1289
1290
1288
1296
1297
1298
1299
1300
1305
1301
1307
1302
1303
1306
1308
1304
1314
1315
1310
1311
1317
1318
1316
1319
1313
1312
1320
1321
1326
1327
1324
1322
1323
1328
1329
1325
1330
1333
1331
1338
1334
1337
1339
1335
1332
1340
1336
1341
1342
1343
1344
1350
1348
1347
1349
1346
1345
1351
1352
1354
1353
1355
1357
1360
1356
1361
1359
1362
1365
1358
1364
1363
1366
1367
1368
1371
1373
1374
1369
1372
1370
1375
1376
1384
1383
1378
1380
1379
1386
1381
1382
1385
1377
1387
1389
1390
1396
1394
1391
1395
1388
1392
1393
1397
1398
1399
1404
1403
1400
1405
1401
1402
1406
1407
1408
1409
1410
1411
1412
1415
1413
1414
1416
1418
1417
1419
1420
1421
1422
1423
1424
1425
1427
1429
1428
1426
1430
1431
1432
1433
1434
1435
1436
1437
1438
1440
1439
1441
1442
1443
1444
1445
1446
1447
1448
1450
1449
1451
1452
1455
1453
1454
1456
1457
1459
1458
1460
1461
1463
1464
1462
1465
1466
1467
1468
1469
1470
1471
1472
1473
1474
1475
1476
1477
1479
1480
1478
1481
1482
1483
1484
1486
1485
1487
1488
1491
1493
1490
1489
1492
1494
1495
1497
1496
1498
1499
1500
1502
1506
1505
1503
1501
1504
1507
1508
1509
1510
1511
1512
1513
1514
1515
1518
1516
1517
1519
1520
1521
1522
1523
1524
1525
1526
1528
1530
1527
1531
1532
1529
1533
1534
1535
1536
1537
1538
1539
1542
1541
1540
1543
1545
1544
1546
1547
1548
1549
1550
1551
1552
1553
1554
1555
1558
1560
1565
1556
1561
1563
1564
1559
1562
1557
1566
1567
1568
1569
1570
1573
1572
1576
1571
1575
1574
1577
1578
1579
1580
1581
1584
1582
1585
1583
1586
1587
1588
1589
1590
1591
1592
1593
1597
1596
1599
1595
1594
1600
1598
1601
1602
1603
1604
1605
1606
1611
1608
1607
1610
1609
1612
1613
1614
1615
1616
1617
1619
1622
1621
1620
1618
1626
1624
1625
1623
1627
1629
1628
1631
1630
1632
1633
1636
1637
1634
1635
1638
1639
1641
1640
1643
1642
1644
1646
1647
1645
1648
1649
1650
1651
1652
1658
1655
1657
1653
1654
1656
1659
1660
1661
1662
1663
1669
1668
1664
1665
1666
1667
1672
1670
1671
1674
1673
1675
1676
1679
1677
1678
1681
1682
1680
1684
1683
1685
1686
1688
1689
1687
1692
1691
1690
1693
1695
1694
1696
1698
1697
1699
1700
1705
1703
1701
1702
1704
1706
1709
1708
1707
1710
1711
1715
1716
1714
1719
1718
1713
1720
1721
1722
1723
1724
1717
1712
1725
1726
1729
1727
1730
1734
1733
1732
1735
1731
1728
1736
1746
1743
1744
1738
1739
1741
1745
1742
1740
1737
1747
1748
1749
1755
1750
1751
1754
1752
1756
1757
1753
1758
1759
1763
1761
1764
1766
1760
1767
1768
1762
1765
1769
1770
1773
1775
1771
1777
1774
1776
1778
1772
1779
1780
1781
1783
1782
1787
1789
1788
1784
1786
1785
1790
1791
1792
1793
1794
1795
1796
1797
1801
1799
1800
1798
1803
1802
1804
1805
1806
1807
1808
1809
1811
1812
1810
1813
1814
1816
1815
1817
1818
1819
1820
1821
1823
1822
1824
1825
1826
1827
1829
1828
1830
1831
1833
1832
1834
1835
1837
1836
1838
1839
1840
1841
1842
1844
1845
1843
1846
1847
1848
1849
1850
1851
1854
1853
1855
1852
1856
1858
1859
1857
1860
1861
1862
1863
1865
1864
1866
1869
1867
1871
1870
1868
1872
1873
1874
1875
1876
1878
1879
1882
1880
1877
1881
1883
1886
1884
1885
1887
1889
1888
1891
1890
1892
1894
1896
1895
1893
1897
1898
1899
1900
1901
1902
1904
1903
1907
1905
1908
1906
1909
1910
1911
1912
1913
1914
1915
1917
1919
1916
1918
1921
1920
1922
1923
1924
1925
1926
1927
1930
1928
1933
1929
1935
1931
1932
1934
1936
1937
1938
1939
1942
1940
1943
1945
1944
1941
1946
1947
1949
1948
1950
1951
1954
1955
1956
1953
1957
1958
1959
1952
1960
1961
1963
1962
1970
1964
1965
1969
1968
1967
1966
1971
1972
1975
1976
1973
1974
1978
1977
1979
1982
1984
1987
1980
1986
1983
1981
1985
1997
1998
1999
2000
2001
2002
2003
2004
2005
2006
1989
1988
1996
1995
1991
1990
1994
1993
1992
2008
2009
2010
2013
2011
2012
2015
2014
2016
2017
2007
2018
2019
2022
2026
2024
2020
2023
2021
2029
2027
2028
2025
2030
2034
2031
2038
2033
2037
2035
2039
2032
2040
2036
2041
2042
2046
2049
2045
2043
2048
2044
2047
2050
2051
2052
2053
2058
2056
2057
2055
2059
2054
2061
2062
2060
2063
2064
2066
2065
2067
2068
2069
2072
2071
2073
2070
2074
2075
2076
2077
2078
2079
2082
2081
2080
2083
2084
2085
2086
2087
2088
2089
2090
2092
2094
2093
2091
2095
2096
2097
2098
2099
2100
2101
2102
2103
2105
2104
2106
2108
2109
2107
2110
2111
2112
2113
2115
2114
2116
2119
2117
2120
2118
2121
2122
2123
2125
2124
2126
2128
2131
2130
2127
2133
2132
2134
2129
2135
2136
2137
2142
2141
2144
2139
2145
2143
2146
2138
2140
2147
2153
2151
2156
2148
2149
2155
2152
2150
2154
2157
2165
2158
2162
2161
2160
2166
2164
2163
2159
2167
2170
2169
2171
2168
2173
2174
2172
2176
2175
2177
2181
2180
2179
2178
2183
2187
2184
2185
2182
2186
2189
2188
2190
2191
2192
2193
2197
2196
2195
2194
2198
2199
2200
2203
2204
2205
2201
2202
2206
2207
2209
2208
2213
2211
2218
2217
2216
2215
2214
2212
2210
2219
2224
2229
2220
2227
2221
2222
2225
2226
2223
2228
2230
2231
2232
2235
2236
2234
2239
2238
2233
2237
2242
2240
2243
2246
2244
2245
2248
2247
2241
2249
2250
2251
2252
2253
2254
2256
2259
2258
2255
2257
2260
2261
2262
2263
2264
2265
2266
2269
2267
2268
2270
2271
2272
2273
2274
2275
2276
2278
2279
2277
2280
2281
2282
2283
2284
2285
2286
2287
2288
2289
2290
2291
2292
2293
2294
2297
2298
2303
2301
2300
2302
2304
2295
2296
2299
2307
2311
2309
2305
2310
2306
2314
2312
2313
2308
2315
2317
2320
2322
2318
2316
2323
2324
2321
2319
2325
2327
2328
2330
2333
2334
2331
2332
2335
2329
2326
2336
2337
2338
2340
2339
2344
2341
2342
2346
2343
2345
2347
2350
2348
2349
2353
2356
2352
2355
2354
2351
2359
2360
2358
2357
2361
2365
2364
2366
2363
2362
2367
2370
2369
2368
2371
2376
2372
2373
2375
2374
2377
2379
2378
2380
2381
2386
2382
2384
2383
2385
2387
2388
2389
2390
2391
2393
2396
2394
2392
2395
2397
2399
2400
2398
2401
2402
2404
2403
2406
2405
2407
2410
2408
2409
2411
2412
2416
2413
2415
2414
2417
2419
2421
2418
2420
2422
2424
2423
2426
2425
2431
2428
2430
2429
2427
2433
2432
2435
2436
2434
2440
2437
2441
2439
2438
2445
2442
2444
2446
2443
2449
2447
2450
2448
2451
2452
2453
2456
2463
2460
2454
2459
2461
2462
2455
2457
2458
2464
2465
2466
2468
2470
2471
2467
2472
2469
2473
2474
2475
2476
2483
2477
2481
2484
2480
2479
2482
2478
2485
2486
2494
2495
2493
2488
2487
2492
2490
2491
2496
2489
2499
2500
2497
2502
2505
2504
2498
2503
2501
2506
2507
2510
2508
2511
2514
2512
2515
2509
2513
2516
2517
2518
2519
2520
2523
2527
2522
2521
2525
2526
2524
2528
2529
2530
2531
2532
2533
2535
2538
2534
2537
2536
2539
2540
2541
2542
2543
2544
2549
2548
2546
2547
2550
2551
2552
2553
2554
2545
2556
2558
2557
2555
2560
2559
2561
2562
2563
2564
2565
2566
2567
2571
2570
2572
2568
2573
2574
2569
2575
2576
2577
2578
2579
2581
2584
2580
2585
2583
2582
2586
2587
2588
2589
2590
2591
2594
2592
2596
2595
2593
2597
2598
2599
2600
2601
2602
2603
2606
2604
2605
2607
2608
2609
2610
2611
2612
2613
2614
2615
2617
2616
2618
2619
2620
2621
2622
2623
2624
2625
2626
2627
2628
2632
2629
2631
2630
2633
2634
2635
2636
2637
2638
2640
2641
2639
2644
2642
2643
2645
2646
2647
2648
2649
2650
2651
2653
2656
2655
2654
2652
2657
2658
2659
2660
2663
2661
2665
2664
2667
2666
2662
2668
2669
2670
2671
2672
2673
2676
2677
2680
2679
2678
2674
2675
2681
2682
2684
2685
2689
2686
2687
2688
2690
2691
2683
2692
2694
2693
2696
2698
2695
2699
2701
2697
2702
2700
2703
2704
2705
2706
2708
2707
2710
2711
2712
2709
2714
2713
2715
2717
2716
2718
2719
2720
2721
2722
2723
2726
2728
2724
2731
2733
2730
2732
2725
2729
2727
2734
2735
2736
2737
2738
2742
2740
2739
2741
2743
2744
2745
2746
2747
2748
2749
2750
2752
2751
2753
2754
2755
2756
2757
2761
2759
2758
2763
2762
2760
2764
2765
2766
2767
2768
2769
2771
2770
2773
2772
2774
2775
2776
2777
2778
2779
2780
2781
2784
2782
2785
2783
2786
2788
2787
2789
2790
2791
2792
2793
2794
2796
2799
2795
2797
2798
2800
2801
2802
2805
2806
2808
2809
2804
2807
2803
2810
2811
2812
2813
2814
2815
2820
2817
2818
2816
2821
2819
2822
2823
2831
2832
2827
2830
2824
2826
2829
2828
2825
2833
2835
2834
2837
2841
2839
2836
2838
2842
2843
2840
2845
2844
2846
2848
2849
2851
2847
2853
2850
2852
2855
2854
2856
2857
2859
2862
2858
2863
2860
2864
2865
2861
2866
2867
2868
2869
2871
2870
2872
2873
2874
2875
2876
2877
2879
2878
2880
2881
2885
2883
2890
2886
2882
2889
2891
2888
2887
2884
2894
2895
2896
2892
2897
2898
2901
2900
2899
2893
2902
2903
2909
2906
2910
2911
2912
2908
2904
2907
2905
2913
2915
2916
2914
2917
2921
2922
2918
2920
2919
2923
2924
2925
2926
2927
2928
2930
2931
2932
2929
2933
2934
2935
2936
2937
2939
2943
2942
2938
2941
2940
2944
2945
2946
2947
2955
2954
2951
2948
2953
2949
2952
2950
2956
2957
2958
2960
2964
2962
2967
2959
2966
2965
2963
2961
2968
2977
2974
2971
2969
2970
2975
2973
2972
2976
2978
2981
2987
2988
2984
2982
2989
2985
2986
2983
2990
2991
2992
2993
2994
2998
2996
2995
2997
2999
3000
3001
3002
3003
3004
3005
3006
3007
3009
3010
3008
3011
3012
3014
3013
3015
3019
3016
3017
3020
3018
3021
3024
3023
3022
3025
3026
3027
3028
3029
3031
3030
3033
3034
3032
3035
3036
3037
3038
3039
3040
3041
3046
3044
3043
3048
3049
3050
3042
3047
3051
3045
3060
3055
3053
3056
3059
3057
3058
3054
3052
3061
3062
3066
3064
3071
3068
3069
3070
3067
3065
3063
3072
3077
3075
3076
3074
3081
3078
3080
3079
3073
3082
3090
3089
3087
3091
3084
3086
3088
3092
3085
3083
3102
3094
3099
3101
3097
3093
3095
3096
3098
3100
3103
3104
3105
3107
3110
3108
3111
3112
3106
3109
3113
3114
3115
3116
3117
3122
3120
3121
3118
3119
3123
3124
3126
3125
3127
3128
3129
3133
3130
3131
3132
3134
3135
3137
3136
3138
3142
3141
3144
3140
3143
3139
3145
3147
3146
3149
3148
3151
3154
3153
3150
3152
3156
3155
3157
3158
3165
3159
3162
3166
3161
3160
3163
3167
3164
3168
3170
3171
3175
3169
3176
3177
3178
3174
3173
3172
3179
3180
3181
3182
3188
3184
3186
3183
3185
3187
3189
3190
3192
3191
3193
3195
3198
3197
3196
3194
3199
3200
3202
3201
3203
3204
3205
3208
3206
3209
3207
3210
3211
3212
3213
3214
3215
3217
3216
3218
3219
3220
3221
3222
3223
3225
3224
3227
3226
3228
3230
3229
3232
3231
3233
3235
3234
3236
3237
3238
3240
3239
3241
3242
3243
3245
3244
3246
3247
3248
3252
3251
3250
3249
3253
3255
3254
3257
3256
3259
3258
3261
3263
3260
3262
3264
3265
3266
3267
3268
