9
7
8
6
2
0
3
4
1
5
13
16
14
18
15
10
17
12
11
19
21
29
28
27
20
23
26
24
22
25
30
31
34
33
37
32
35
39
36
38
40
41
49
45
44
48
43
42
47
46
50
51
55
54
59
56
58
53
57
52
60
61
62
71
65
64
63
67
66
69
70
68
72
75
73
74
76
81
79
77
78
80
82
83
88
91
84
90
87
85
86
89
92
93
94
95
96
97
101
99
98
100
102
103
104
105
106
107
108
110
112
111
109
113
114
115
116
124
123
118
119
117
121
122
126
125
120
129
130
131
127
134
135
128
132
133
136
137
141
139
138
144
143
140
145
142
146
147
149
148
153
151
155
154
150
152
156
158
157
159
166
163
164
161
162
165
167
170
168
169
160
173
172
174
176
178
179
171
180
177
181
182
183
184
185
187
188
189
190
186
192
191
193
195
194
196
175
204
203
202
205
198
197
206
208
209
210
212
211
207
213
217
218
216
215
199
200
201
219
220
214
222
223
224
221
227
229
228
226
225
230
231
232
233
234
235
237
236
238
239
246
248
247
241
244
242
243
249
250
251
253
240
255
254
256
257
252
261
260
263
264
259
262
265
258
245
268
267
266
270
269
274
271
272
273
276
278
275
280
279
277
286
285
287
282
281
283
289
290
288
293
291
292
295
296
294
297
299
298
305
304
303
300
302
307
301
306
284
308
310
312
309
313
311
314
316
315
317
318
324
321
320
323
322
325
326
328
327
319
330
329
334
336
337
338
333
331
342
341
339
340
345
346
344
343
335
332
348
354
355
347
349
353
352
356
360
361
363
358
362
357
359
364
365
366
368
369
370
372
371
374
373
375
376
377
381
351
382
383
384
378
385
380
387
386
389
390
388
391
394
393
395
396
397
398
367
399
400
404
403
379
402
401
405
407
410
406
411
414
412
413
417
416
415
421
420
419
422
423
392
426
424
429
428
427
430
431
432
433
434
435
437
436
440
439
441
408
409
442
438
447
446
448
449
418
443
450
444
445
453
452
451
456
425
455
457
454
462
463
459
460
461
464
465
466
467
458
468
471
473
470
474
469
476
475
477
478
480
479
483
472
482
481
485
488
486
490
492
493
494
496
497
495
484
499
500
491
501
502
503
505
498
509
508
504
511
507
515
510
513
514
516
512
517
489
521
520
519
522
523
524
525
506
518
526
527
530
531
533
532
536
528
534
529
535
541
543
540
542
538
537
544
545
547
539
546
549
548
551
550
554
552
553
557
559
561
562
563
558
564
565
556
555
566
572
573
569
571
574
575
570
576
578
579
577
581
580
582
583
587
585
590
591
584
592
586
560
588
589
595
596
594
600
598
593
599
597
603
606
567
607
610
604
609
612
608
611
618
617
615
616
620
621
622
623
602
605
624
601
627
625
628
630
568
633
632
631
613
635
629
637
634
614
638
639
619
636
641
640
642
643
644
647
652
487
350
626
645
650
646
653
648
649
651
655
654
656
657
658
663
659
661
664
665
662
660
666
667
669
672
673
668
670
671
674
675
676
677
678
679
680
681
682
684
687
686
688
685
683
689
690
691
692
693
694
695
697
696
699
698
700
701
702
703
704
705
708
709
710
706
707
711
712
713
714
715
717
720
716
718
719
722
723
721
724
725
726
728
727
730
729
731
734
733
732
735
736
737
738
739
740
741
742
745
744
743
746
747
748
750
751
749
752
753
754
755
757
758
760
759
761
762
764
763
765
766
767
756
770
769
768
771
773
772
775
776
777
778
780
779
781
782
783
784
785
786
787
788
789
790
791
793
792
794
795
796
798
797
799
800
802
801
774
803
808
805
810
811
807
809
804
806
812
813
815
814
818
816
819
817
821
820
822
823
824
825
826
827
828
830
831
829
832
833
834
836
842
841
840
837
838
843
844
839
845
847
851
852
853
849
846
850
848
854
855
856
858
862
859
860
857
863
861
835
864
865
870
866
868
871
873
869
867
874
872
875
876
878
877
879
883
881
882
880
884
885
886
887
888
889
890
894
892
891
893
896
895
897
898
899
900
903
904
902
901
906
905
908
907
909
910
911
912
913
914
915
918
917
916
919
920
921
922
923
925
928
924
926
929
927
930
931
932
933
934
935
940
938
939
936
941
942
937
943
944
946
945
947
951
949
950
948
952
953
954
955
956
957
963
962
961
959
964
958
960
965
966
967
968
975
969
971
976
974
972
978
979
973
977
970
980
981
984
982
985
983
989
988
987
986
991
990
993
995
998
999
996
992
997
994
1000
1001
1003
1002
1007
1004
1006
1005
1009
1008
1010
1011
1012
1013
1014
1015
1018
1020
1019
1017
1021
1016
1022
1023
1025
1024
1026
1028
1031
1030
1029
1027
1032
1033
1034
1035
1036
1037
1038
1039
1040
1043
1042
1045
1044
1046
1041
1047
1048
1050
1049
1051
1052
1055
1053
1054
1056
1057
1058
1059
1060
1061
1062
1063
1064
1070
1065
1067
1068
1069
1066
1072
1071
1073
1074
1079
1078
1075
1077
1076
1080
1082
1081
1083
1084
1087
1088
1085
1091
1089
1090
1092
1093
1086
1094
1095
1097
1096
1098
1099
1101
1102
1100
1103
1104
1105
1106
1107
1109
1108
1110
1111
1112
1113
1114
1115
1117
1116
1119
1120
1122
1118
1121
1123
1124
1125
1127
1126
1129
1133
1131
1135
1132
1130
1128
1137
1134
1136
1138
1139
1143
1145
1141
1140
1142
1144
1147
1146
1148
1149
1150
1151
1152
1153
1154
1157
1155
1156
1158
1159
1160
1161
1167
1165
1164
1163
1168
1169
1166
1162
1170
1171
1172
1173
1179
1174
1177
1176
1175
1178
1180
1181
1182
1187
1183
1185
1186
1188
1190
1184
1189
1192
1191
1193
1194
1197
1195
1200
1202
1199
1201
1198
1196
1203
1204
1205
1206
1207
1209
1208
1211
1212
1210
1213
1214
1215
1221
1220
1222
1218
1219
1217
1225
1216
1224
1223
1226
1230
1227
1228
1229
1231
1232
1233
1234
1235
1236
1240
1238
1237
1239
1242
1241
1244
1243
1245
1246
1247
1248
1250
1249
1252
1251
1255
1254
1253
1259
1257
1260
1261
1258
1262
1263
1264
1265
1256
1267
1270
1268
1271
1272
1274
1273
1269
1275
1266
1276
1278
1277
1279
1280
1284
1282
1283
1281
1285
1295
1286
1290
1294
1288
1291
1293
1287
1292
1289
1300
1297
1298
1305
1303
1304
1302
1299
1301
1296
1306
1311
1308
1307
1309
1310
1314
1312
1313
1315
1320
1318
1316
1325
1319
1323
1321
1324
1317
1322
1327
1326
1328
1329
1330
1334
1331
1333
1332
1335
1337
1336
1338
1339
1340
1343
1341
1342
1344
1345
1347
1346
1350
1349
1348
1352
1351
1353
1354
1357
1358
1355
1356
1359
1360
1361
1362
1364
1363
1365
1366
1367
1369
1368
1370
1371
1372
1373
1374
1375
1376
1378
1379
1377
1380
1381
1382
1383
1385
1384
1386
1387
1388
1390
1389
1391
1392
1393
1394
1395
1396
1397
1399
1400
1398
1401
1406
1403
1404
1405
1402
1407
1408
1409
1410
1411
1414
1415
1412
1413
1416
1418
1417
1419
1420
1421
1422
1423
1424
1427
1425
1428
1429
1426
1430
1431
1432
1434
1433
1435
1436
1437
1439
1440
1438
1441
1443
1444
1445
1442
1446
1448
1449
1451
1450
1447
1453
1452
1455
1454
1456
1461
1457
1458
1460
1459
1464
1462
1463
1465
1466
1467
1468
1469
1470
1471
1472
1474
1473
1475
1478
1477
1476
1479
1480
1482
1481
1483
1485
1484
1488
1486
1487
1490
1489
1491
1494
1495
1493
1492
1497
1498
1496
1499
1500
1501
1502
1504
1503
1505
1506
1507
1508
1509
1511
1510
1512
1513
1514
1515
1516
1517
1518
1519
1520
1522
1523
1524
1526
1527
1528
1525
1530
1529
1531
1532
1533
1521
1534
1537
1536
1535
1539
1538
1541
1540
1543
1542
1546
1544
1545
1547
1549
1548
1550
1551
1552
1553
1554
1555
1556
1557
1558
1559
1561
1560
1562
1563
1565
1564
1566
1567
1568
1569
1570
1571
1572
1573
1574
1577
1576
1575
1578
1580
1579
1581
1583
1590
1587
1586
1584
1588
1582
1585
1589
1592
1591
1593
1598
1599
1596
1595
1600
1597
1594
1601
1602
1603
1604
1607
1608
1610
1609
1606
1605
1611
1613
1612
1614
1615
1617
1622
1619
1620
1616
1621
1618
1623
1624
1625
1626
1628
1630
1629
1627
1633
1632
1631
1634
1635
1636
1638
1639
1637
1640
1641
1644
1642
1643
1645
1646
1647
1648
1650
1649
1654
1653
1652
1651
1656
1657
1655
1658
1659
1660
1661
1663
1665
1662
1664
1666
1667
1668
1669
1670
1671
1672
1673
1675
1674
1677
1676
1678
1680
1679
1681
1682
1683
1685
1686
1684
1687
1688
1690
1689
1691
1692
1693
1698
1694
1697
1695
1700
1696
1699
1702
1701
1703
1704
1705
1710
1709
1706
1711
1713
1712
1708
1707
1714
1715
1716
1718
1717
1721
1720
1723
1722
1719
1724
1725
1726
1727
1728
1729
1730
1731
1732
1733
1734
1735
1736
1737
1738
1745
1748
1741
1739
1747
1742
1746
1744
1743
1740
1751
1750
1749
1757
1756
1752
1755
1758
1753
1754
1760
1761
1765
1764
1767
1766
1763
1768
1762
1770
1769
1771
1772
1773
1776
1774
1775
1779
1778
1780
1781
1782
1777
1783
1784
1785
1787
1786
1790
1791
1792
1793
1794
1795
1796
1789
1788
1797
1798
1799
1801
1802
1803
1804
1805
1759
1806
1807
1808
1810
1809
1811
1812
1813
1814
1815
1816
1817
1819
1818
1820
1823
1822
1824
1825
1826
1821
1828
1827
1829
1831
1830
1832
1833
1834
1835
1837
1836
1838
1839
1840
1841
1842
1843
1844
1846
1845
1800
1847
1848
1849
1850
1851
1853
1852
1854
1856
1855
1858
1857
1859
1860
1861
1862
1865
1864
1866
1867
1869
1870
1868
1872
1863
1871
1875
1873
1874
1877
1876
1879
1878
1880
1881
1882
1883
1885
1884
1887
1886
1888
1890
1889
1893
1894
1892
1895
1891
1896
1897
1898
1899
1901
1900
1904
1903
1902
1905
1907
1906
1909
1908
1910
1911
1912
1914
1913
1915
1919
1918
1917
1916
1920
1921
1922
1923
1925
1924
1926
1928
1929
1927
1935
1936
1934
1938
1932
1931
1939
1930
1937
1933
1940
1942
1944
1945
1943
1949
1946
1941
1947
1948
1952
1951
1950
1954
1953
1959
1957
1958
1955
1956
1963
1964
1961
1967
1965
1968
1962
1969
1960
1966
1972
1979
1973
1974
1970
1971
1977
1975
1978
1976
1980
1984
1985
1981
1988
1983
1986
1987
1982
1989
1990
1991
1993
1995
1994
1998
1996
1997
1999
1992
2000
2001
2002
2003
2004
2005
2010
2008
2007
2006
2009
2011
2012
2013
2014
2015
2017
2018
2020
2016
2019
2021
2022
2024
2023
2025
2026
2027
2028
2029
2031
2030
2032
2033
2034
2035
2037
2038
2036
2039
2041
2042
2043
2040
2044
2046
2047
2049
2048
2052
2050
2054
2051
2053
2056
2055
2057
2058
2059
2063
2061
2060
2062
2065
2067
2066
2064
2068
2070
2069
2071
2072
2077
2075
2074
2076
2073
2079
2078
2080
2081
2045
2082
2083
2085
2086
2084
2091
2095
2090
2087
2096
2094
2097
2093
2088
2092
2089
2098
2101
2099
2104
2105
2102
2107
2100
2103
2106
2108
2110
2109
2111
2115
2117
2116
2112
2114
2113
2118
2120
2119
2121
2122
2127
2123
2124
2126
2125
2128
2129
2130
2131
2132
2133
2134
2135
2137
2136
2138
2139
2140
2141
2142
2143
2144
2145
2146
2148
2147
2149
2150
2152
2151
2153
2155
2156
2154
2157
2158
2159
2163
2162
2160
2161
2164
2165
2166
2167
2168
2169
2170
2171
2173
2172
2174
2175
2176
2177
2178
2179
2180
2181
2183
2182
2184
2185
2186
2187
2188
2189
2191
2190
2193
2192
2194
2196
2195
2197
2199
2198
2200
2201
2202
2204
2203
2206
2207
2209
2208
2205
2210
2211
2212
2213
2214
2215
2218
2217
2216
2219
2228
2229
2230
2231
2232
2233
2236
2234
2235
2237
2238
2245
2244
2246
2247
2248
2250
2252
2251
2253
2249
2254
2255
2256
2257
2258
2259
2260
2261
2263
2262
2264
2265
2266
2267
2268
2269
2270
2271
2273
2272
2274
2275
2277
2278
2276
2279
2287
2280
2284
2285
2288
2286
2281
2282
2283
2289
2295
2298
2296
2294
2292
2290
2293
2291
2297
2300
2299
2306
2302
2301
2303
2308
2304
2307
2305
2309
2310
2311
2312
2313
2316
2315
2314
2317
2318
2319
2320
2321
2322
2323
2324
2327
2328
2325
2326
2329
2331
2330
2332
2333
2334
2335
2338
2336
2337
2339
2340
2341
2343
2342
2344
2345
2346
2347
2348
2349
2353
2351
2350
2352
2354
2355
2356
2357
2358
2359
2361
2363
2362
2360
2365
2364
2366
2367
2368
2369
2370
2371
2373
2374
2372
2377
2376
2375
2378
2379
2380
2382
2386
2381
2388
2385
2389
2411
2387
2383
2384
2421
2420
2419
2418
2415
2417
2416
2414
2413
2412
2424
2423
2422
2425
2426
2428
2427
2429
2431
2430
2432
2434
2435
2433
2436
2437
2438
2440
2439
2444
2442
2443
2441
2445
2446
2447
2448
2450
2449
2451
2452
2455
2454
2456
2457
2458
2453
2461
2463
2459
2466
2460
2465
2464
2467
2462
2468
2471
2477
2469
2472
2470
2475
2476
2474
2473
2479
2478
2481
2482
2480
2485
2487
2486
2489
2492
2483
2491
2488
2484
2490
2494
2493
2495
2497
2505
2500
2501
2504
2502
2503
2496
2499
2498
2506
2508
2507
2509
2512
2511
2515
2510
2513
2514
2516
2517
2518
2520
2519
2523
2521
2522
2525
2524
2526
2527
2528
2532
2536
2535
2537
2533
2531
2534
2530
2529
2538
2539
2541
2545
2544
2543
2546
2540
2542
2548
2549
2551
2550
2547
2552
2557
2556
2553
2554
2555
2558
2559
2560
2561
2562
2567
2566
2564
2563
2565
2568
2569
2570
2571
2572
2573
2574
2575
2577
2576
2579
2578
2580
2582
2581
2583
2585
2586
2588
2589
2591
2592
2590
2584
2587
2594
2595
2596
2597
2598
2599
2600
2601
2602
2603
2604
2605
2606
2607
2608
2609
2611
2610
2613
2612
2615
2614
2617
2616
2645
2643
2642
2649
2648
2647
2644
2593
2650
2646
2657
2659
2656
2653
2654
2660
2652
2658
2655
2651
2691
2692
2700
2693
2695
2694
2697
2698
2696
2699
2701
2702
2709
2705
2708
2704
2706
2707
2703
2718
2711
2717
2719
2716
2715
2713
2714
2712
2721
2725
2723
2724
2728
2720
2727
2726
2710
2722
2730
2731
2729
2732
2735
2736
2733
2734
2738
2737
2740
2739
2741
2743
2742
2746
2748
2745
2744
2747
2749
2750
2751
2756
2755
2754
2758
2752
2753
2757
2760
2761
2759
2765
2767
2763
2768
2766
2762
2764
2769
2771
2770
2772
2773
2774
2775
2776
2777
2778
2779
2781
2780
2782
2783
2784
2785
2787
2786
2791
2789
2788
2790
2792
2793
2795
2794
2796
2798
2799
2800
2797
2803
2802
2801
2805
2804
2807
2806
2808
2813
2809
2811
2812
2815
2814
2810
2841
2840
2839
2842
2843
2845
2846
2847
2848
2844
2849
2850
2852
2853
2856
2858
2854
2857
2855
2859
2851
2860
2861
2862
2863
2866
2865
2864
2867
2868
2870
2869
2872
2880
2873
2875
2877
2879
2871
2878
2881
2874
2876
2890
2885
2883
2888
2886
2882
2884
2889
2891
2887
2900
2895
2892
2896
2901
2898
2893
2897
2894
2899
2937
2936
2935
2930
2929
2931
2932
2933
2934
2938
2940
2944
2942
2941
2943
2946
2945
2948
2947
2939
2954
2953
2949
2951
2950
2952
2955
2956
2957
2958
2959
2960
2962
2961
2965
2966
2963
2967
2964
2968
2970
2969
2973
2971
2972
2976
2974
2975
2977
2978
2979
2980
2988
2987
2990
2989
2991
2992
3022
3021
3023
3024
2981
2986
2984
2983
2982
2985
3026
3025
3027
3028
3029
3030
3034
3033
3035
3032
3038
3037
3036
3031
3040
3039
3048
3049
3050
3077
3078
3079
3080
3044
3081
3045
3041
3083
3043
3042
3046
3082
3047
3087
3086
3084
3090
3092
3085
3091
3089
3088
3093
3094
3095
3096
3098
3100
3099
3102
3101
3097
3103
3104
3105
3106
3107
3109
3112
3110
3108
3113
3114
3111
3136
3137
3138
3141
3142
3139
3145
3144
3143
3140
3146
3147
3148
3149
3151
3150
3177
3178
3176
3180
3175
3179
3181
3184
3182
3183
3187
3188
3185
3191
3189
3186
3190
3194
3192
3201
3195
3199
3198
3200
3197
3193
3196
3203
3202
3204
3205
3206
3207
3208
3209
3211
3210
3212
3213
3218
3216
3220
3219
3221
3217
3214
3215
3223
3222
3226
3225
3224
3229
3227
3230
3228
3233
3231
3232
3237
3236
3234
3240
3239
3235
3238
3241
3243
3242
3247
3245
3246
3250
3252
3253
3244
3249
3256
3251
3254
3248
3255
3285
3286
3287
3291
3293
3288
3289
3290
3294
3292
3295
3297
3296
3303
3299
3298
3302
3304
3301
3300
3305
3306
3307
3333
3336
3331
3334
3330
3332
3335
3339
3338
3337
3363
3362
3365
3364
3366
3371
3370
3368
3369
3367
3372
3373
3374
3377
3375
3379
3380
3382
3378
3381
3376
3383
3384
3386
3385
3387
3388
3389
3390
3392
3393
3391
3394
3395
3396
3397
3399
3398
3401
3402
3400
3406
3403
3407
3405
3404
3408
3409
3410
3411
3413
3412
3416
3414
3417
3415
3419
3418
3420
3422
3423
3424
3427
3426
3425
3429
3428
3430
3432
3431
3433
3434
3436
3437
3438
3435
3439
3440
3441
3442
3443
3444
3445
3448
3446
3447
3451
3449
3450
3452
3453
3454
3455
3458
3461
3460
3459
3462
3457
3463
3464
3465
3466
3467
3468
3470
3469
3471
3421
3472
3473
3474
3475
3477
3479
3478
3476
3481
3480
3482
3483
3485
3484
3486
3488
3489
3487
3490
3491
3492
3493
3494
3495
3496
3497
3498
3501
3499
3500
3502
3503
3504
3505
3506
3507
3456
3508
3510
3509
3511
3512
3513
3514
3515
3516
3517
3518
3520
3519
3523
3524
3526
3527
3528
3525
3529
3522
3521
3530
3531
3534
3535
3532
3536
3538
3539
3540
3537
3533
3541
3542
3543
3546
3548
3547
3551
3550
3544
3545
3549
3552
3553
3554
3555
3556
3557
3559
3560
3558
3561
3562
3563
3564
3565
3569
3566
3573
3571
3567
3568
3572
3575
3570
3574
3576
3578
3579
3585
3584
3582
3577
3581
3580
3583
3586
3587
3589
3588
3592
3591
3594
3593
3590
3595
3596
3597
3598
3599
3600
3605
3602
3606
3601
3603
3604
3607
3608
3609
3610
3611
3614
3615
3617
3612
3616
3613
3619
3618
3620
3621
3622
3629
3623
3625
3624
3630
3627
3626
3631
3628
3632
3633
3634
3638
3636
3635
3640
3641
3642
3639
3637
3643
3644
3645
3650
3648
3652
3649
3651
3647
3646
3653
3655
3654
3656
3658
3665
3657
3662
3659
3664
3660
3663
3661
3671
3670
3673
3674
3667
3669
3668
3666
3675
3672
3678
3683
3682
3681
3677
3685
3684
3676
3680
3679
3687
3686
3695
3691
3690
3688
3693
3697
3689
3696
3694
3692
3698
3702
3701
3704
3699
3705
3703
3706
3700
3707
3708
3709
3710
3711
3712
3716
3713
3717
3715
3714
3720
3721
3723
3726
3724
3727
3725
3722
3728
3729
3719
3730
3731
3733
3732
3737
3736
3738
3734
3735
3739
3741
3742
3740
3743
3744
3746
3747
3745
3748
3750
3749
3751
3752
3753
3755
3756
3754
3757
3758
3759
3760
3761
3764
3762
3763
3765
3766
3718
3767
3768
3769
3770
3771
3772
3773
3774
3775
3776
3777
3778
3779
3780
3781
3783
3782
3785
3784
3786
3787
3788
3791
3790
3789
3792
3793
3795
3794
3797
3796
3799
3801
3800
3803
3804
3802
3805
3798
3806
3808
3809
3807
3810
3813
3812
3811
3815
3814
3816
3819
3820
3818
3817
3821
3822
3823
3826
3831
3827
3830
3825
3829
3828
3824
3832
0
2
5
1
4
3
11
14
8
9
10
6
16
13
18
19
7
12
15
17
20
21
23
22
24
33
30
29
26
25
35
32
37
39
41
28
40
42
38
34
31
43
27
36
44
45
47
46
48
49
50
58
53
59
52
63
51
56
60
54
61
62
64
55
57
65
66
68
69
70
71
72
76
77
83
81
74
73
82
87
80
84
86
89
88
75
79
91
85
78
90
67
92
93
94
95
97
96
98
99
102
103
107
108
110
104
109
100
105
101
111
106
115
114
113
116
117
118
119
121
120
122
124
123
126
125
127
129
131
130
128
134
133
135
132
136
137
138
139
141
140
142
146
143
144
145
149
150
158
152
156
154
153
155
151
157
147
148
159
160
161
162
163
164
165
112
166
167
169
168
170
172
173
174
171
175
177
176
178
179
180
181
184
185
187
186
188
189
190
191
192
194
193
195
196
197
198
199
200
201
183
182
202
203
205
204
206
207
208
209
212
210
211
215
214
213
217
216
218
219
220
221
222
223
224
225
226
228
227
229
230
234
232
237
231
235
233
236
238
239
240
241
242
243
244
245
246
248
247
249
250
252
251
253
256
255
254
257
258
259
260
261
262
263
264
265
266
267
268
269
270
272
273
271
275
274
276
294
289
280
290
291
277
285
286
278
284
282
295
281
279
292
287
293
288
283
296
297
299
303
304
300
306
305
301
307
311
309
308
312
314
310
313
315
302
298
317
316
318
319
331
321
320
328
333
324
334
322
335
326
323
327
330
332
325
329
336
338
337
339
340
341
353
350
354
352
351
358
355
345
359
357
347
348
342
356
346
360
343
349
344
361
364
365
375
362
374
376
373
363
371
366
377
381
379
380
368
372
370
367
378
369
382
383
384
386
385
395
388
397
393
398
400
390
401
394
392
404
399
391
387
389
403
396
402
405
408
407
406
421
422
418
424
409
410
425
420
413
423
415
414
419
426
428
412
417
416
411
427
430
431
433
443
439
429
435
438
437
446
442
436
432
440
445
448
444
434
441
447
450
451
452
453
461
454
458
455
466
465
470
464
463
460
457
459
468
456
467
449
471
472
469
462
474
476
475
473
477
478
479
481
480
482
483
485
487
491
484
488
489
486
492
490
493
494
495
496
497
498
499
501
500
502
503
505
504
512
509
508
507
506
513
511
510
514
515
517
516
518
519
520
521
522
523
524
525
526
531
528
527
532
533
529
534
530
536
537
535
538
539
541
542
540
543
544
545
546
548
549
547
554
551
550
553
552
555
560
556
563
559
562
557
558
561
564
566
565
568
567
569
571
570
573
574
579
581
583
585
582
575
580
576
577
572
578
586
584
589
587
588
590
591
592
593
597
596
598
599
603
602
601
600
605
606
604
607
609
608
610
611
595
594
613
612
614
615
616
617
618
619
620
621
624
622
623
625
628
626
627
629
630
631
633
632
634
635
636
637
638
641
640
639
642
643
644
646
645
647
649
648
650
651
653
652
654
655
656
657
658
661
663
665
666
667
659
662
664
660
668
670
669
671
673
672
677
676
675
674
684
687
678
682
689
686
690
680
679
695
696
681
694
685
688
683
692
693
697
691
700
698
699
702
705
701
706
704
707
712
715
711
708
714
710
717
716
713
709
703
718
719
720
721
722
723
725
724
726
727
731
728
729
732
730
735
737
738
733
739
734
736
740
741
742
743
745
744
746
747
748
749
750
752
751
753
754
755
758
760
759
757
762
756
764
766
765
761
763
767
768
769
770
771
772
773
774
775
776
779
777
778
780
784
783
782
785
781
787
786
788
789
790
792
791
793
794
795
796
797
799
798
800
806
808
805
801
809
810
802
803
804
811
807
813
812
814
815
816
818
819
821
820
822
823
825
834
824
826
829
832
828
831
836
835
833
827
837
830
838
839
840
817
841
842
843
846
847
844
849
845
852
848
850
854
855
856
853
851
858
860
862
857
861
859
863
864
865
867
868
869
874
870
879
881
875
871
877
882
878
872
884
873
880
876
866
883
885
886
887
888
889
890
891
903
893
898
900
897
894
899
904
902
901
905
895
896
892
906
907
908
909
910
911
921
912
920
914
918
924
915
917
926
919
916
923
913
925
931
930
922
928
927
929
932
933
935
934
937
938
936
942
941
943
940
948
945
949
944
939
950
946
951
947
953
952
954
955
956
958
957
959
960
962
974
967
972
961
964
975
976
966
963
965
968
970
973
971
969
979
977
981
980
978
990
987
1000
991
994
995
986
998
982
983
997
988
999
984
993
1001
996
985
989
992
1002
1007
1012
1004
1017
1021
1006
1019
1013
1020
1018
1010
1009
1016
1008
1011
1003
1014
1005
1015
1022
1024
1023
1025
1026
1029
1027
1037
1028
1033
1030
1038
1044
1043
1031
1042
1034
1039
1036
1041
1035
1032
1040
1045
1046
1048
1059
1054
1053
1050
1063
1051
1049
1061
1058
1064
1062
1057
1060
1065
1052
1047
1055
1066
1056
1067
1068
1069
1070
1071
1074
1086
1072
1076
1083
1077
1079
1080
1084
1085
1075
1078
1073
1081
1082
1087
1088
1089
1090
1091
1092
1093
1095
1094
1096
1101
1098
1102
1103
1097
1104
1100
1099
1106
1105
1107
1108
1111
1110
1109
1112
1113
1120
1116
1121
1123
1117
1118
1132
1127
1122
1128
1119
1133
1130
1129
1124
1125
1126
1114
1115
1131
1136
1135
1137
1139
1138
1140
1141
1142
1144
1145
1143
1146
1150
1152
1153
1148
1149
1147
1151
1154
1134
1155
1156
1157
1158
1159
1160
1161
1163
1162
1164
1168
1165
1167
1166
1169
1171
1173
1170
1174
1172
1175
1176
1178
1179
1177
1180
1181
1182
1183
1184
1185
1186
1188
1187
1193
1189
1191
1190
1194
1192
1196
1197
1195
1199
1200
1198
1201
1202
1203
1204
1205
1206
1207
1208
1212
1214
1213
1209
1210
1211
1216
1217
1215
1224
1219
1218
1225
1226
1220
1221
1223
1222
1227
1228
1229
1237
1230
1231
1232
1243
1239
1240
1238
1233
1247
1242
1241
1248
1245
1246
1244
1236
1234
1235
1249
1250
1251
1252
1253
1254
1255
1258
1256
1260
1257
1268
1263
1261
1259
1265
1266
1267
1264
1262
1269
1270
1271
1272
1273
1274
1275
1276
1277
1278
1283
1282
1286
1287
1289
1285
1288
1292
1284
1290
1291
1293
1294
1295
1296
1281
1279
1280
1297
1298
1299
1300
1301
1302
1307
1306
1308
1305
1309
1304
1310
1311
1313
1312
1314
1315
1316
1318
1317
1303
1319
1320
1321
1322
1324
1323
1325
1329
1326
1327
1328
1330
1331
1332
1333
1334
1335
1338
1336
1337
1339
1340
1341
1342
1344
1343
1346
1345
1349
1348
1347
1350
1351
1352
1353
1355
1354
1356
1357
1358
1359
1361
1360
1362
1363
1364
1365
1366
1367
1368
1370
1369
1371
1372
1373
1374
1376
1377
1375
1378
1379
1380
1381
1382
1383
1384
1385
1386
1387
1388
1390
1389
1391
1392
1394
1393
1395
1396
1398
1397
1399
1401
1400
1402
1403
1404
1405
1406
1407
1408
1409
1410
1411
1412
1413
1414
1415
1417
1418
1416
1419
1420
1421
1422
1424
1423
1425
1426
1427
1428
1429
1430
1431
1432
1433
1434
1435
1436
1437
1438
1439
1442
1441
1440
1444
1443
1445
1446
1447
1448
1449
1450
1451
1452
1453
1454
1455
1456
1457
1460
1458
1459
1462
1461
1464
1463
1465
1466
1467
1468
1469
1470
1471
1472
1473
1474
1475
1476
1477
1479
1478
1480
1483
1482
1481
1484
1485
1487
1486
1488
1489
1490
1491
1492
1493
1494
1495
1496
1497
1498
1499
1500
1501
1502
1503
1504
1506
1507
1505
1508
1509
1510
1511
1512
1513
1514
1515
1516
1517
1518
1519
1520
1521
1523
1522
1526
1525
1528
1524
1527
1530
1531
1529
1532
1533
1538
1534
1536
1537
1535
1539
1540
1541
1543
1542
1544
1545
1546
1547
1548
1549
1551
1550
1553
1552
1554
1555
1556
1558
1557
1559
1560
1561
1562
1564
1563
1565
1566
1567
1568
1569
1570
1571
1573
1572
1574
1576
1577
1575
1579
1578
1583
1582
1581
1580
1584
1585
1588
1586
1589
1587
1590
1591
1593
1592
1594
1595
1596
1597
1598
1599
1602
1604
1605
1606
1609
1610
1601
1603
1600
1607
1611
1613
1612
1608
1615
1616
1618
1619
1620
1621
1622
1623
1625
1624
1627
1630
1629
1628
1626
1631
1632
1633
1634
1635
1636
1637
1614
1617
1638
1639
1640
1641
1642
1643
1647
1646
1645
1644
1649
1648
1654
1652
1655
1653
1657
1656
1659
1658
1663
1662
1651
1660
1661
1650
1665
1668
1666
1667
1669
1680
1678
1682
1672
1674
1681
1673
1677
1683
1679
1675
1671
1670
1676
1687
1686
1664
1684
1685
1688
1689
1695
1694
1691
1690
1696
1692
1698
1700
1693
1699
1697
1701
1702
1707
1704
1708
1705
1709
1706
1703
1710
1711
1712
1713
1714
1715
1716
1723
1717
1720
1718
1721
1722
1724
1729
1719
1725
1728
1727
1726
1730
1732
1731
1734
1733
1735
1736
1738
1739
1740
1742
1741
1749
1744
1743
1745
1746
1747
1748
1750
1752
1751
1737
1753
1755
1754
1756
1757
1758
1759
1760
1761
1765
1762
1764
1768
1766
1763
1767
1771
1769
1774
1775
1773
1770
1778
1777
1772
1776
1779
1785
1783
1788
1784
1786
1781
1780
1782
1787
1789
1791
1792
1797
1790
1795
1796
1794
1793
1798
1799
1800
1801
1803
1802
1804
1805
1808
1806
1807
1809
1812
1810
1811
1816
1813
1817
1814
1818
1815
1819
1820
1821
1822
1827
1824
1826
1828
1825
1823
1829
1831
1832
1834
1833
1835
1838
1836
1837
1839
1840
1841
1843
1842
1846
1845
1847
1844
1848
1849
1830
1850
1851
1852
1853
1854
1855
1857
1856
1858
1859
1861
1860
1867
1863
1865
1866
1862
1864
1868
1869
1871
1870
1872
1873
1874
1875
1876
1877
1878
1879
1881
1880
1882
1886
1883
1884
1889
1885
1890
1891
1888
1887
1892
1893
1894
1895
1896
1897
1899
1898
1900
1901
1902
1903
1904
1905
1906
1908
1907
1909
1911
1910
1913
1912
1915
1914
1919
1916
1918
1917
1920
1921
1922
1923
1924
1925
1926
1927
1929
1931
1928
1930
1935
1933
1937
1932
1934
1936
1939
1938
1941
1940
1942
1944
1943
1945
1946
1947
1948
1950
1951
1949
1952
1954
1953
1955
1956
1957
1960
1961
1958
1959
1964
1965
1963
1966
1970
1967
1969
1971
1968
1962
1972
1973
1974
1976
1975
1977
1978
1981
1980
1979
1983
1982
1985
1984
1988
1987
1990
1992
1989
1986
1991
1994
1993
1995
1997
1996
2000
1998
2001
1999
2002
2005
2006
2004
2003
2013
2010
2008
2009
2014
2007
2012
2011
2015
2016
2017
2018
2019
2020
2021
2027
2041
2028
2031
2030
2039
2035
2032
2037
2023
2036
2040
2038
2024
2026
2029
2034
2022
2033
2025
2049
2053
2054
2042
2047
2057
2058
2055
2056
2052
2045
2060
2050
2044
2046
2051
2061
2043
2059
2048
2062
2063
2065
2066
2067
2069
2071
2073
2068
2064
2072
2081
2070
2079
2075
2080
2078
2076
2082
2074
2077
2083
2084
2088
2089
2091
2090
2092
2093
2094
2095
2097
2100
2096
2103
2102
2101
2099
2098
2085
2086
2087
2106
2107
2109
2110
2108
2105
2104
2111
2113
2112
2118
2117
2116
2119
2115
2120
2121
2122
2123
2114
2124
2133
2127
2131
2128
2130
2129
2125
2132
2126
2134
2138
2135
2139
2140
2136
2137
2141
2142
2143
2144
2145
2146
2147
2149
2148
2150
2151
2152
2153
2154
2156
2155
2158
2160
2161
2163
2162
2166
2164
2165
2167
2157
2159
2168
2169
2171
2170
2172
2173
2174
2175
2176
2178
2181
2180
2177
2182
2179
2187
2185
2184
2186
2183
2188
2190
2189
2191
2192
2193
2195
2196
2194
2202
2198
2201
2200
2203
2199
2205
2204
2206
2208
2207
2210
2213
2212
2211
2209
2214
2215
2216
2197
2217
2218
2219
2220
2222
2221
2223
2224
2227
2226
2225
2228
2229
2235
2230
2232
2234
2236
2233
2237
2231
2239
2238
2240
2241
2242
2243
2244
2245
2246
2247
2248
2249
2251
2256
2250
2252
2255
2257
2253
2254
2258
2259
2260
2261
2262
2263
2264
2267
2265
2266
2268
2273
2271
2272
2275
2270
2269
2274
2276
2279
2277
2278
2280
2285
2283
2284
2281
2282
2287
2286
2288
2289
2295
2290
2297
2306
2300
2307
2293
2304
2292
2302
2305
2299
2294
2291
2308
2303
2301
2296
2298
2310
2309
2311
2312
2315
2316
2318
2319
2317
2324
2321
2313
2323
2322
2320
2325
2327
2330
2328
2329
2314
2326
2331
2333
2332
2341
2339
2340
2337
2338
2336
2342
2343
2344
2346
2345
2347
2348
2349
2350
2351
2335
2334
2353
2352
2359
2355
2356
2358
2354
2371
2363
2372
2357
2364
2367
2366
2370
2369
2368
2360
2373
2362
2361
2365
2374
2375
2377
2378
2376
2382
2383
2381
2386
2384
2389
2387
2385
2393
2391
2390
2392
2388
2379
2394
2380
2395
2396
2398
2397
2411
2412
2413
2414
2417
2416
2420
2415
2422
2418
2423
2421
2419
2426
2425
2424
2427
2428
2429
2430
2431
2432
2433
2434
2435
2436
2437
2438
2440
2439
2441
2443
2442
2444
2447
2449
2450
2446
2448
2445
2451
2452
2453
2454
2455
2456
2457
2458
2459
2460
2461
2462
2463
2464
2465
2471
2470
2466
2468
2467
2469
2476
2472
2474
2475
2473
2477
2478
2479
2480
2482
2481
2483
2484
2485
2486
2487
2489
2488
2490
2495
2491
2492
2494
2493
2496
2497
2498
2499
2500
2501
2503
2502
2504
2506
2507
2505
2508
2509
2510
2511
2512
2513
2514
2515
2516
2517
2518
2519
2520
2523
2522
2524
2521
2527
2525
2526
2528
2530
2529
2531
2532
2533
2534
2535
2536
2537
2538
2539
2540
2542
2541
2545
2546
2544
2547
2543
2548
2549
2550
2551
2553
2552
2554
2555
2556
2557
2559
2558
2560
2561
2562
2563
2564
2565
2567
2566
2568
2569
2570
2571
2573
2572
2574
2575
2576
2579
2577
2578
2580
2581
2582
2583
2584
2585
2586
2587
2588
2589
2590
2593
2594
2591
2595
2592
2596
2599
2598
2597
2600
2601
2602
2604
2605
2603
2606
2607
2608
2610
2609
2613
2616
2615
2612
2618
2620
2614
2622
2619
2621
2617
2611
2625
2623
2626
2628
2630
2629
2627
2624
2645
2643
2642
2644
2651
2646
2652
2655
2650
2649
2647
2656
2658
2648
2660
2657
2661
2659
2654
2653
2664
2662
2663
2665
2666
2667
2668
2698
2693
2694
2696
2699
2691
2692
2702
2697
2695
2701
2700
2703
2704
2707
2705
2706
2708
2710
2709
2711
2712
2713
2715
2720
2721
2717
2714
2719
2716
2718
2723
2725
2722
2724
2727
2726
2728
2730
2729
2732
2733
2734
2731
2735
2736
2739
2741
2737
2740
2738
2743
2742
2749
2746
2744
2747
2750
2753
2745
2752
2751
2748
2754
2755
2756
2757
2758
2760
2759
2763
2761
2762
2765
2766
2768
2764
2771
2775
2772
2776
2777
2778
2779
2780
2774
2769
2770
2773
2767
2781
2783
2782
2786
2790
2787
2789
2788
2793
2791
2792
2794
2795
2784
2785
2796
2798
2799
2797
2800
2801
2803
2802
2808
2807
2804
2809
2806
2805
2810
2811
2812
2813
2814
2815
2816
2819
2817
2818
2820
2821
2823
2822
2840
2839
2844
2843
2842
2841
2845
2846
2847
2848
2849
2850
2851
2852
2853
2854
2855
2856
2857
2858
2859
2860
2861
2862
2864
2863
2865
2866
2867
2868
2869
2871
2870
2872
2873
2875
2874
2876
2877
2878
2881
2879
2882
2880
2883
2885
2886
2884
2887
2888
2889
2890
2891
2893
2892
2896
2894
2895
2897
2898
2900
2899
2901
2903
2904
2902
2905
2906
2907
2908
2909
2910
2911
2912
2916
2913
2915
2914
2917
2929
2930
2931
2932
2934
2933
2935
2937
2936
2938
2939
2940
2941
2942
2944
2943
2945
2948
2946
2947
2949
2950
2951
2952
2954
2953
2955
2957
2956
2959
2958
2960
2961
2962
2963
2964
2965
2967
2968
2969
2966
2970
2971
2972
2973
2974
2975
2976
2977
2979
2978
2980
2981
2982
2983
2988
2984
2985
2986
2987
2989
2990
2991
2992
2994
3038
3031
3040
3026
3021
3027
3032
3025
3037
3022
3036
3030
3023
3034
3033
3039
3028
3024
3035
3029
3041
3043
3048
3045
3044
3046
3055
3042
3047
3052
3049
3051
3059
3050
3058
3053
3054
3057
3056
3060
3061
3077
3079
3080
3078
3082
3083
3086
3081
3094
3088
3087
3096
3085
3091
3089
3092
3084
3093
3090
3095
3097
3098
3099
3100
3119
3106
3109
3104
3115
3117
3116
3111
3114
3102
3112
3103
3110
3118
3101
3113
3107
3105
3108
3120
3145
3150
3148
3139
3136
3144
3137
3154
3153
3155
3140
3138
3151
3141
3147
3143
3152
3149
3142
3146
3176
3177
3175
3179
3178
3180
3181
3189
3194
3188
3185
3191
3190
3192
3184
3183
3187
3186
3193
3182
3195
3197
3199
3200
3198
3202
3201
3209
3215
3210
3214
3216
3196
3206
3204
3203
3208
3205
3212
3213
3207
3211
3217
3218
3220
3221
3219
3222
3223
3225
3224
3226
3228
3227
3229
3236
3235
3232
3233
3234
3231
3230
3237
3239
3238
3240
3241
3242
3243
3245
3244
3246
3248
3247
3250
3249
3252
3253
3254
3256
3255
3251
3257
3258
3259
3260
3261
3262
3263
3264
3265
3266
3269
3267
3270
3268
3271
3287
3285
3286
3289
3288
3290
3292
3291
3293
3294
3295
3296
3297
3299
3298
3303
3300
3301
3302
3306
3308
3305
3304
3307
3309
3310
3311
3312
3313
3315
3314
3316
3317
3330
3331
3332
3334
3333
3335
3336
3337
3338
3340
3339
3341
3342
3344
3343
3345
3346
3347
3348
3349
3350
3362
3363
3364
3365
3369
3366
3371
3368
3370
3372
3367
3373
3374
3375
3376
3377
3378
3379
3380
3381
3382
3384
3383
3390
3385
3387
3388
3386
3389
3392
3391
3393
3394
3395
3396
3398
3397
3399
3400
3401
3402
3403
3404
3405
3406
3410
3408
3407
3409
3412
3413
3411
3414
3415
3416
3417
3418
3419
3420
3421
3422
3423
3424
3425
3427
3429
3428
3431
3433
3432
3430
3434
3435
3436
3437
3438
3439
3440
3441
3442
3426
3443
3444
3445
3446
3447
3448
3449
3450
3451
3453
3452
3454
3455
3456
3457
3458
3459
3460
3461
3462
3463
3464
3465
3466
3467
3468
3469
3470
3471
3473
3472
3475
3474
3477
3481
3480
3479
3482
3478
3476
3483
3484
3485
3486
3487
3489
3488
3490
3492
3495
3496
3494
3493
3502
3503
3501
3498
3505
3499
3504
3509
3506
3500
3491
3497
3507
3510
3508
3511
3514
3513
3515
3512
3518
3516
3517
3526
3519
3521
3524
3530
3529
3525
3522
3520
3528
3527
3523
3531
3532
3533
3534
3536
3535
3542
3539
3541
3537
3540
3543
3549
3547
3545
3551
3550
3548
3544
3546
3552
3538
3553
3554
3555
3556
3557
3558
3562
3560
3561
3559
3563
3567
3564
3569
3568
3570
3566
3565
3571
3572
3573
3574
3575
3576
3577
3578
3579
3581
3582
3583
3580
3586
3585
3584
3590
3588
3589
3587
3591
3592
3593
3594
3595
3596
3597
3598
3599
3600
3601
3602
3603
3604
3605
3607
3609
3611
3612
3613
3606
3610
3608
3614
3615
3616
3617
3618
3619
3620
3621
3622
3624
3623
3625
3629
3626
3627
3628
3631
3633
3630
3635
3632
3634
3636
3639
3640
3641
3642
3644
3643
3637
3638
3649
3652
3653
3656
3655
3654
3657
3658
3659
3660
3661
3662
3663
3664
3665
3645
3647
3646
3666
3667
3668
3669
3672
3670
3673
3674
3675
3676
3678
3677
3671
3679
3680
3681
3682
3683
3685
3686
3689
3690
3691
3687
3688
3692
3695
3693
3694
3696
3697
3699
3698
3700
3701
3702
3648
3650
3651
3703
3704
3707
3706
3705
3708
3710
3709
3711
3712
3713
3715
3714
3716
3717
3718
3721
3719
3720
3722
3723
3724
3725
3726
3728
3727
3730
3729
3732
3733
3734
3731
3735
3684
3736
3737
3739
3738
3740
3741
3742
3743
3744
3745
3746
3747
3749
3751
3748
3750
3752
3753
3754
3755
3756
3757
3758
3759
3760
3761
3762
3763
3764
3765
3766
3767
3768
3770
3771
3769
3774
3775
3772
3773
3776
3777
3778
3779
3780
3781
3782
3784
3785
3783
3786
3788
3787
3792
3790
3791
3789
3794
3795
3796
3793
3798
3797
3799
3800
3801
3802
3805
3804
3803
3806
3807
3808
3809
3810
3815
3813
3811
3816
3812
3814
3817
3818
3819
3820
3821
3822
3825
3823
3824
3826
3828
3832
3830
3831
3827
3829
1356
1361
1497
1796
1775
1556
1646
1355
1513
1632
2371
2372
2438
2462
2413
2445
2542
2524
2483
2491
2583
2554
2607
2659
2667
2664
2666
2660
2661
2668
2663
2665
2662
2669
2721
2726
2802
2733
2749
2954
3206
3232
3297
3213
3606
3725
1796
1632
1356
1361
1646
1775
1497
1556
1355
1513
2438
2413
2371
2372
2445
2524
2542
2462
2660
2661
2662
2491
2554
2663
2583
2483
2659
2607
2721
2726
2733
2749
2802
2954
3213
3206
3297
3232
3606
3725
