161790
7
5
4
6
2
1
3
9
10
15
13
17
11
14
18
16
12
19
8
20
21
23
26
24
28
27
25
22
29
30
31
32
36
37
33
35
34
38
39
40
41
42
45
47
46
44
48
43
49
50
51
52
54
53
56
55
57
59
58
60
62
61
64
63
65
66
68
69
67
72
70
71
74
75
73
77
76
78
79
80
81
82
84
83
85
86
87
88
89
91
90
92
94
95
93
96
97
98
99
101
102
100
103
104
105
106
108
107
111
110
112
109
115
114
113
117
116
118
121
119
122
120
124
123
125
126
127
128
129
132
130
131
133
136
135
137
138
139
140
141
142
143
144
145
146
147
148
149
150
151
152
153
154
155
156
157
159
158
166
164
160
161
167
163
162
165
168
177
178
170
174
171
175
173
169
172
176
181
184
180
179
186
188
182
187
185
183
189
191
190
195
197
196
198
194
192
193
206
207
199
204
203
202
205
208
210
209
213
215
212
211
214
216
223
221
220
200
218
222
201
219
217
224
232
234
225
226
231
227
228
230
235
233
238
236
237
241
240
243
246
245
239
242
248
249
247
250
251
256
254
255
252
253
257
258
260
264
263
266
262
265
261
267
270
269
268
272
271
273
276
277
278
274
279
280
281
283
284
282
285
286
287
288
291
289
290
292
294
295
296
293
299
297
303
301
300
302
305
307
306
304
308
309
311
310
313
312
316
314
315
317
320
318
321
319
326
329
328
331
324
330
323
322
327
325
340
337
342
335
341
332
336
334
339
333
344
352
343
348
347
345
350
349
346
351
353
354
358
357
362
355
359
361
363
364
365
360
366
369
367
370
371
372
373
374
375
368
378
376
377
379
380
382
383
384
381
387
388
389
385
390
356
391
393
392
394
397
396
398
395
399
401
400
402
403
405
406
408
411
413
412
414
416
415
407
417
410
418
419
420
423
424
425
422
421
427
426
428
429
430
431
432
433
435
436
438
437
434
439
441
440
404
443
445
447
444
409
446
442
450
448
451
449
452
453
456
455
454
457
458
459
460
461
462
463
464
466
465
467
468
470
469
471
472
473
474
476
475
480
478
481
479
477
482
485
486
489
491
490
487
488
484
483
492
494
495
496
493
498
499
501
502
500
503
504
505
506
507
508
509
510
511
512
513
514
515
516
517
518
520
519
521
522
523
524
527
526
525
528
529
534
532
531
533
535
536
537
538
540
539
541
542
544
545
543
546
547
548
549
550
551
553
552
554
555
556
558
559
561
560
562
564
563
565
566
569
568
570
572
571
573
575
574
576
577
582
578
581
583
579
584
585
586
588
587
590
589
591
593
592
594
595
596
598
597
604
603
599
602
601
600
605
606
610
611
609
612
613
614
616
607
608
615
617
619
618
620
623
622
621
627
624
625
628
629
630
632
631
635
636
637
634
638
633
639
640
642
641
647
648
645
643
649
650
644
646
651
652
656
657
658
653
655
654
660
659
662
661
663
664
666
668
667
669
671
672
670
673
674
675
676
677
679
678
680
683
682
681
684
686
685
689
687
690
691
694
692
693
697
695
696
698
700
702
703
699
705
704
708
706
707
712
709
711
713
714
717
719
715
716
718
721
720
724
723
722
725
728
726
727
729
730
734
733
732
731
736
737
738
735
739
741
742
744
743
745
746
747
750
748
749
754
752
753
755
756
758
759
757
751
762
761
763
764
765
766
767
768
769
772
771
770
773
774
775
776
778
777
779
780
781
782
784
785
788
787
789
786
791
792
793
801
798
797
795
800
802
760
794
799
796
803
806
807
809
808
804
805
812
811
810
818
821
819
817
820
813
823
825
827
826
824
828
832
830
831
833
829
834
836
835
838
839
837
840
843
842
841
844
845
814
815
816
822
846
847
849
851
852
850
853
855
854
856
857
859
858
860
861
862
863
864
865
866
867
868
869
870
871
873
872
874
875
877
876
878
879
880
881
882
883
884
885
886
887
889
888
890
892
891
893
894
896
895
897
898
899
900
901
903
902
904
906
905
907
909
908
910
911
912
913
914
915
916
917
919
918
920
921
924
923
925
926
928
927
931
929
930
932
933
935
934
937
938
936
941
942
940
939
945
943
948
947
946
944
950
952
951
949
953
956
954
958
957
955
960
961
962
959
963
966
964
968
967
965
971
972
970
969
977
973
979
974
976
975
983
980
982
981
984
985
986
988
989
987
990
992
993
991
994
995
996
997
998
999
1000
1001
1003
1004
1005
1006
1007
1008
1009
1010
1015
1013
1012
1011
1014
1016
1017
1018
1020
1026
1022
1027
1021
1028
1023
1025
1024
1029
1030
1031
1032
1033
1037
1036
1035
1038
1039
1034
1040
1041
1043
1042
1044
1045
1046
1047
1050
1051
1049
1048
1052
1053
1054
1055
1058
1059
1057
1056
1061
1060
1064
1068
1065
1063
1066
1062
1067
1071
1069
1070
1083
1078
1077
1075
1081
1072
1073
1074
1084
1080
1087
1085
1090
1092
1095
1094
1091
1089
1086
1088
1096
1097
1105
1100
1102
1098
1101
1099
1104
1103
1107
1106
1110
1109
1108
1111
1115
1118
1116
1114
1117
1112
1120
1119
1121
1125
1127
1128
1124
1123
1122
1126
1129
1130
1137
1136
1135
1139
1138
1140
1132
1134
1133
1131
1142
1149
1145
1150
1147
1143
1148
1141
1144
1146
1159
1151
1160
1154
1158
1155
1156
1152
1161
1157
1170
1162
1169
1168
1166
1167
1165
1163
1164
1171
1172
1174
1173
1176
1179
1178
1180
1181
1177
1182
1183
1184
1185
1186
1189
1188
1190
1191
1193
1192
1194
1195
1197
1198
1199
1200
1203
1202
1204
1205
1206
1201
1208
1207
1211
1209
1210
1212
1213
1214
1215
1216
1217
1219
1218
1221
1222
1223
1225
1226
1228
1227
1230
1231
1232
1196
1233
1234
1235
1237
1229
1240
1241
1238
1239
1236
1242
1243
1245
1244
1247
1252
1248
1250
1249
1254
1253
1255
1257
1256
1258
1260
1259
1262
1261
1263
1264
1292
1277
1266
1330
1325
1323
1308
1306
1310
1265
1346
1342
1354
1363
1392
1376
1411
1382
1412
1422
1429
1424
1430
1431
1435
1463
1494
1472
1473
1499
1505
1503
1571
1491
1609
1619
1674
1676
1696
1775
1802
1808
1817
1843
1893
1879
1964
1961
1991
1984
1997
1933
1992
2009
2021
2033
2034
2039
2042
2057
2059
2066
2073
2074
2078
2083
2087
2093
2096
2100
2101
1969
1977
2110
2117
2127
2111
2134
2165
2145
2238
2239
2247
2138
2131
2140
2144
2249
2251
2151
2219
2227
2210
2252
2255
2262
2264
2270
2273
2287
2288
2294
2322
2323
2338
2335
2348
2356
2357
2359
2405
2388
2380
2415
2418
2428
2438
2441
2456
2458
2486
2497
2532
2529
2483
2544
2541
2555
2556
2559
2561
2586
2591
2634
2622
2624
2628
2635
2643
2655
2656
2668
2669
2677
2688
2674
2681
2689
2691
2710
2711
2719
2731
2763
2738
2774
2776
2781
2759
2746
2739
2797
2799
2810
2809
2822
2824
2841
2846
2832
2827
2854
2851
2862
2873
2867
2893
2902
2908
2916
2949
2937
2941
2965
2961
2968
2970
2986
2989
3011
3021
3041
3028
3064
3057
3046
3082
3112
3114
3130
3123
3139
3134
3142
3143
3165
3172
3177
3179
3191
3200
3209
3212
3218
3233
3228
3248
3250
3249
3253
3255
3260
3263
3265
3274
3273
3290
3291
3296
3299
3307
3312
3304
3319
3323
3370
3367
3318
3346
3366
3393
3412
3403
3395
3405
3421
3416
3414
3411
3381
3431
3464
3443
3488
3504
3552
3538
3590
3567
3703
3769
3785
3823
3833
3836
3820
3866
3862
3892
3825
3907
3978
4113
4356
4371
4515
4471
4807
4923
5023
5132
5246
5259
5318
5421
5402
5430
5455
5500
5504
5573
5581
5606
5618
5621
5641
5625
5687
5723
5726
5734
5727
5773
5780
5786
5835
5875
5909
5890
5911
5977
5986
5999
6027
6033
6046
6035
6050
6095
6084
6058
6140
6105
6143
6115
6153
6147
6154
6162
6163
6172
6182
6198
6205
6184
6213
6208
6219
6257
6265
6254
6287
6294
6305
6367
6337
6382
6385
6427
6405
6397
6436
6456
6473
6471
6581
6494
6593
6652
6648
6660
6690
6692
6694
6759
6820
6809
6780
6845
6823
6864
6827
6873
6875
6883
6907
6934
6918
6940
6967
6958
6954
6969
6979
7011
7036
7034
7031
7051
7086
7069
7062
7102
7085
7072
7083
7162
7152
7172
7189
7197
7183
7244
7193
7232
7228
7247
7182
7274
7294
7299
7302
7311
7351
7349
7317
7394
7401
7458
7480
7521
7541
7559
7606
7650
7615
7583
7638
7659
7681
7699
7706
7712
7726
7745
7757
7732
7758
7762
7775
7787
7801
7831
7837
7832
7813
7859
7884
7907
7945
7946
7967
8009
7989
8023
8018
7995
8033
8043
7473
8050
8112
8121
8130
8129
8141
8137
8177
8168
8185
8234
8249
8264
8287
8273
8268
8261
8305
8347
8359
8361
8363
8371
8384
8392
8414
8412
8427
8444
8435
8452
8464
8487
8507
8530
8544
8522
8633
8545
8607
8571
8635
8643
8651
8658
8654
8664
8665
8670
8679
8676
8673
8702
8719
8739
8741
8778
8783
8801
8800
8803
8798
8809
8819
8821
8827
8835
8853
8877
8914
8887
8907
8894
8922
8974
8938
8940
8977
9010
9014
9049
9064
9048
9050
9089
9076
9201
9155
9188
9222
9183
9209
9112
9133
9120
9152
9242
9273
9268
9279
9275
9269
9292
9326
9312
9307
9344
9346
9359
9395
9413
9461
9414
9441
9401
9408
9472
9487
9517
9530
9535
9560
9577
9620
9597
9570
9624
9626
9634
9641
9665
9666
9694
9710
9698
9732
9743
9744
9778
9749
9779
9816
9819
9846
9853
9848
9870
9876
9869
9875
9888
9882
9913
9917
9960
9962
9969
9988
9963
9985
10012
10015
10039
10041
10046
10063
10043
10075
10076
10067
10084
10093
10110
10113
10139
10157
10153
10117
10124
10170
10171
10195
10262
10231
10283
10331
10274
10353
10349
10350
10358
10365
10371
10375
10384
10389
10412
10408
10423
10393
10416
10438
10447
10446
10453
10493
10500
10523
10522
10509
10512
10527
10541
10537
10556
10562
10567
10589
10624
10631
10705
10715
10781
10770
10710
10784
10805
10806
10815
10817
10842
10844
10909
10924
10861
10940
10972
10982
11005
11027
11020
11013
11028
11067
11239
11121
11186
11258
11083
11130
11190
11107
11247
11136
11268
11286
11280
11361
11298
11399
11343
11372
11460
11469
11485
11507
11512
11516
11531
11558
11560
11564
11580
11610
11639
11669
11650
11678
11694
11704
11718
11723
11734
11724
11742
11260
11743
11744
11754
11774
11752
11802
11818
11847
11849
11867
11858
11875
11915
11878
11946
11985
11992
12091
12115
12144
12161
12217
12198
12253
12222
12238
12263
12288
12309
12331
12364
12398
12399
12416
12424
12475
12472
12510
12606
12663
12698
12646
12715
12620
12793
12817
12869
12775
12963
12975
13004
13025
13044
13053
13054
13057
13127
13111
13132
13140
13158
13213
13265
13308
13371
13351
13376
13412
13414
13446
13482
13486
13517
13541
13546
13594
13605
13702
13727
13775
13784
13788
13794
13697
13832
13855
13862
13842
13896
13915
13920
13935
13949
13941
13957
13952
13960
13967
13979
13975
13998
14001
14023
14060
14105
14102
14106
14155
14165
14191
14244
14259
14267
14298
14302
14340
14533
14343
14390
14374
14532
14341
14467
14408
14373
14492
14555
14574
14534
14663
14685
14791
14781
14801
14565
14586
14810
14817
14819
14827
14846
14858
14852
14857
14863
14879
14882
14880
14917
14919
14994
14921
14933
14996
14954
15004
15015
15011
15018
15039
15045
15098
15192
15177
15073
15225
15212
15005
15336
15357
15358
15359
15381
15448
15626
15380
15360
15658
15756
15766
15947
15763
16052
16139
16153
16167
16190
16207
16252
15933
16259
16296
16302
16316
16354
16392
16515
16596
16584
16685
16826
16860
17507
17831
17945
17987
18008
17990
18005
18070
18068
18081
18125
18135
18191
18195
18209
18275
18348
18469
18090
18491
18525
18565
18596
18621
18344
18743
18746
18640
18774
18778
18768
18779
18780
18782
18788
18791
18798
18804
18805
18813
18810
18814
18820
18821
18714
18680
18687
18718
18831
18832
18829
18839
18836
18826
18860
18840
18853
18871
18883
18884
18886
18885
18888
18889
18891
18897
18899
18901
18909
18916
18921
18923
18944
18945
18950
18953
18949
18961
18980
18989
18993
19000
18999
19002
19004
19008
19003
19011
19020
19021
19036
19022
19048
19056
19054
19059
19062
19019
19063
19069
19073
19092
19093
19096
19099
19106
19110
19113
19116
19118
19119
19129
19140
19130
19115
19144
19152
19154
19150
19149
19165
19171
19078
19076
