0
2
3
5
1
4
6
7
9
8
10
11
12
18
19
15
17
21
14
20
13
16
22
23
24
26
29
28
25
31
32
27
30
33
34
35
39
37
40
42
38
36
41
43
44
45
46
47
50
51
53
48
55
49
54
52
57
56
59
58
61
63
60
64
62
66
65
70
67
68
69
71
72
73
76
75
74
77
78
79
80
81
82
83
85
84
87
86
90
89
91
88
92
93
95
94
96
97
98
99
100
101
102
103
104
106
108
105
109
107
110
112
111
113
114
115
117
119
118
120
123
122
125
116
121
124
126
127
128
129
130
131
134
132
139
137
133
135
138
136
140
141
142
143
147
145
144
148
146
149
150
151
152
153
154
155
159
160
162
157
158
163
161
156
164
165
166
171
168
170
167
173
172
169
174
175
176
177
181
183
179
182
178
180
184
185
186
187
188
189
190
192
193
191
194
197
195
196
198
199
200
208
202
201
203
207
204
205
206
209
210
211
213
215
212
216
214
219
218
220
217
221
222
224
225
223
227
226
228
229
230
236
235
232
234
238
237
231
233
239
240
243
242
244
245
248
247
246
241
250
249
253
251
252
257
254
256
255
258
259
260
261
262
263
264
267
265
268
266
269
270
271
272
273
275
274
276
277
279
278
280
281
282
283
284
285
286
287
288
289
290
291
292
293
294
295
296
300
297
298
299
302
301
303
305
304
306
307
308
310
309
311
312
313
314
315
316
318
317
320
321
322
319
323
324
325
326
327
328
329
330
332
333
331
334
336
335
338
337
339
340
343
341
342
344
345
346
347
349
348
350
353
352
351
354
356
355
357
358
359
363
360
361
362
366
364
365
368
367
369
370
373
371
372
375
376
374
386
378
379
385
377
384
382
383
381
380
396
395
389
394
387
390
392
391
393
388
397
399
403
400
405
404
402
401
398
406
407
415
410
414
411
409
416
408
412
413
417
419
418
420
423
422
421
426
427
424
425
429
428
430
434
435
432
433
436
437
431
438
441
443
445
442
440
439
447
444
448
449
452
451
450
454
453
455
456
457
461
460
458
459
462
463
464
465
466
469
470
468
467
473
472
471
474
446
475
476
478
477
479
481
480
483
482
484
485
487
488
489
486
492
493
490
491
494
495
499
497
496
498
500
503
502
501
504
506
508
513
505
512
510
514
507
511
516
515
519
517
518
520
521
522
523
524
525
527
526
528
529
530
531
532
533
534
535
509
536
539
542
543
541
538
544
537
540
545
552
550
554
551
549
555
556
560
557
558
559
561
562
567
565
566
564
563
568
571
573
572
570
569
574
577
546
575
576
548
547
579
578
553
580
581
582
583
585
584
589
587
588
590
586
591
592
593
599
597
595
598
601
596
600
602
603
594
604
607
605
606
610
608
611
612
609
613
614
615
619
616
618
620
617
622
621
623
624
625
626
630
627
633
629
632
635
634
636
628
631
641
638
640
639
637
643
642
644
645
646
648
649
650
647
655
656
654
651
652
653
660
659
658
661
662
663
657
665
664
666
667
671
669
670
672
673
675
676
674
677
668
681
679
682
680
678
685
684
686
683
687
691
690
688
692
689
699
698
701
697
696
700
693
695
702
694
708
709
707
710
703
705
706
704
712
711
718
714
719
721
720
715
716
713
717
722
724
723
725
727
726
728
731
730
729
732
733
735
736
734
737
740
738
741
739
742
746
744
745
743
747
748
749
752
750
751
754
756
755
761
757
758
753
766
760
763
759
765
764
770
774
771
768
776
769
775
777
772
778
779
781
762
786
788
787
783
782
780
785
791
789
790
794
773
800
798
797
795
796
793
784
801
799
805
806
804
802
792
807
814
810
803
813
816
808
809
820
822
821
817
818
824
825
826
827
823
815
828
829
811
830
812
831
832
833
834
835
836
837
839
838
840
841
843
842
844
845
819
846
847
849
848
853
850
851
852
854
855
856
857
859
858
863
861
862
860
864
866
865
867
869
868
870
871
872
874
873
875
876
877
878
879
880
882
881
883
884
885
886
889
887
888
890
891
892
893
894
896
898
895
897
900
899
903
902
901
904
905
906
907
908
909
910
911
912
914
913
915
916
917
919
918
920
921
922
924
925
923
926
927
928
929
930
931
932
935
933
934
936
938
939
937
940
941
942
943
945
946
944
947
948
950
767
949
951
953
956
952
954
955
958
957
959
967
964
968
961
963
966
969
965
960
962
970
971
972
974
976
977
973
978
975
979
980
981
982
983
985
989
986
988
987
984
990
991
992
993
994
996
997
995
999
998
1000
1001
1002
1003
1004
1006
1005
1008
1007
1009
1010
1013
1011
1012
1014
1016
1015
1017
1018
1022
1023
1020
1021
1019
1024
1027
1025
1026
1028
1029
1033
1032
1031
1034
1030
1035
1037
1038
1036
1039
1041
1042
1043
1040
1044
1046
1048
1047
1045
1049
1050
1051
1053
1055
1057
1054
1058
1056
1052
1059
1060
1061
1062
1063
1065
1067
1066
1064
1068
1069
1070
1071
1072
1073
1074
1075
1077
1076
1078
1079
1080
1081
1082
1083
1084
1085
1086
1088
1087
1089
1090
1092
1091
1093
1094
1095
1096
1097
1098
1099
1100
1102
1101
1103
1104
1105
1106
1107
1114
1111
1108
1113
1116
1110
1109
1115
1112
1119
1121
1122
1124
1123
1117
1125
1118
1126
1120
1128
1132
1129
1136
1135
1134
1130
1131
1127
1133
1137
1138
1141
1146
1143
1140
1142
1144
1145
1139
1147
1148
1149
1150
1156
1153
1152
1151
1154
1155
1157
1158
1159
1160
1161
1163
1162
1165
1164
1166
1167
1168
1170
1169
1172
1171
1173
1174
1176
1175
1177
1178
1179
1180
1182
1181
1183
1184
1186
1185
1187
1188
1190
1189
1192
1193
1191
1195
1196
1194
1197
1198
1199
1200
1201
1203
1202
1206
1204
1205
1207
1208
1210
1209
1213
1211
1212
1214
1215
1216
1218
1217
1219
1220
1221
1223
1222
1224
1225
1226
1227
1228
1229
1230
1232
1231
1233
1235
1236
1237
1240
1239
1238
1234
1243
1241
1242
1244
1245
1247
1248
1249
1246
1250
1251
1252
1254
1253
1255
1259
1256
1257
1258
1260
1265
1263
1262
1261
1264
1268
1267
1266
1269
1270
1271
1275
1274
1272
1273
1276
1277
1278
1279
1280
1281
1282
1284
1283
1289
1286
1288
1287
1290
1285
1291
1292
1293
1294
1296
1295
1300
1297
1298
1299
1301
1302
1304
1303
1305
1306
1307
1311
1309
1308
1310
1312
1314
1313
1317
1316
1315
1321
1322
1320
1318
1319
1323
1324
1334
1331
1329
1333
1337
1338
1336
1335
1339
1342
1340
1341
1346
1343
1344
1332
1328
1345
1330
1325
1327
1326
1347
1348
1350
1349
1355
1354
1356
1351
1353
1352
1357
1358
1359
1360
1367
1365
1370
1363
1362
1369
1368
1361
1366
1364
1372
1373
1376
1379
1375
1377
1380
1374
1378
1381
1382
1383
1384
1385
1388
1386
1387
1389
1371
1390
1391
1393
1396
1397
1392
1395
1394
1398
1399
1401
1400
1407
1409
1405
1408
1404
1402
1403
1406
1411
1410
1412
1414
1418
1420
1417
1419
1415
1421
1416
1413
1423
1422
1428
1427
1431
1425
1426
1429
1424
1430
1433
1432
1434
1436
1440
1435
1438
1439
1441
1437
1443
1442
1444
1446
1448
1450
1449
1451
1453
1452
1445
1447
1454
1456
1459
1461
1460
1455
1457
1462
1463
1458
1464
1465
1468
1466
1467
1469
1470
1472
1471
1473
1474
1475
1477
1479
1478
1482
1480
1481
1484
1483
1485
1487
1486
1490
1489
1491
1488
1492
1476
1495
1493
1494
1498
1496
1499
1501
1500
1497
1502
1503
1505
1507
1509
1508
1511
1506
1510
1512
1504
1513
1515
1514
1516
1519
1521
1517
1520
1518
1522
1523
1524
1525
1526
1527
1528
1529
1533
1531
1532
1530
1535
1534
1536
1537
1539
1544
1538
1540
1541
1545
1543
1542
1546
1547
1548
1549
1550
1555
1551
1552
1553
1554
1557
1556
1558
1559
1562
1566
1563
1565
1567
1560
1561
1568
1564
1569
1571
1570
1572
1577
1574
1578
1575
1573
1579
1580
1581
1576
1582
1583
1584
1585
1586
1587
1588
1589
1591
1590
1592
1593
1594
1595
1596
1597
1598
1600
1599
1601
1603
1602
1605
1604
1608
1606
1607
1609
1610
1611
1617
1614
1616
1615
1618
1619
1620
1621
1623
1622
1625
1627
1626
1624
1628
1629
1631
1630
1632
1634
1637
1635
1633
1636
1639
1638
1640
1641
1645
1643
1642
1644
1647
1648
1646
1651
1612
1649
1613
1659
1653
1654
1656
1660
1655
1652
1657
1650
1658
1661
1668
1664
1667
1670
1665
1669
1666
1662
1663
1671
1673
1679
1676
1681
1672
1675
1678
1674
1680
1677
1682
1683
1684
1690
1686
1688
1687
1691
1689
1693
1692
1685
1695
1694
1697
1699
1696
1698
1703
1702
1701
1700
1704
1705
1706
1710
1709
1712
1707
1711
1713
1708
1714
1715
1716
1717
1722
1719
1721
1718
1723
1725
1726
1724
1720
1727
1728
1729
1731
1730
1732
1734
1733
1736
1735
1737
1738
1739
1741
1740
1742
1744
1743
1747
1746
1745
1748
1749
1750
1751
1752
1753
1754
1755
1756
1757
1758
1759
1760
1761
1762
1763
1765
1770
1769
1771
1767
1768
1764
1766
1772
1773
1780
1781
1782
1776
1774
1779
1783
1777
1778
1784
1785
1787
1792
1788
1790
1791
1789
1786
1793
1794
1795
1796
1800
1798
1799
1801
1797
1802
1803
1804
1805
1812
1811
1810
1809
1775
1808
1815
1818
1807
1813
1816
1817
1806
1814
1820
1819
1821
1823
1826
1825
1827
1828
1822
1824
1829
1830
1838
1834
1837
1833
1832
1835
1831
1843
1845
1836
1841
1846
1847
1848
1850
1849
1852
1842
1851
1853
1857
1858
1856
1855
1854
1859
1861
1862
1864
1860
1865
1863
1866
1868
1867
1869
1871
1844
1873
1870
1839
1877
1872
1840
1879
1875
1876
1881
1884
1885
1886
1887
1888
1883
1890
1882
1889
1891
1895
1893
1894
1896
1892
1898
1899
1900
1897
1901
1902
1903
1874
1905
1908
1911
1906
1880
1909
1910
1915
1916
1917
1918
1919
1878
1920
1921
1923
1926
1904
1912
1925
1913
1928
1914
1907
1927
1931
1933
1930
1932
1934
1937
1941
1938
1936
1924
1940
1939
1943
1922
1946
1947
1948
1950
1945
1951
1953
1952
1929
1954
1956
1957
1958
1955
1959
1935
1961
1962
1963
1965
1964
1960
1942
1969
1944
1970
1949
1966
1974
1976
1973
1968
1967
1975
1971
1972
1982
1978
1977
1979
1981
1986
1984
1985
1983
1980
1987
1989
1988
1990
1991
1992
1996
1994
1995
1993
1997
1999
2002
2001
2005
2004
2003
2006
2007
2008
2009
2010
2011
2013
2012
2014
2015
2016
2018
2017
2019
2020
2022
2023
2021
2024
2026
2025
2027
2028
2029
2031
2032
2030
1998
2000
2033
2035
2034
2036
2041
2039
2038
2040
2037
2042
2043
2044
2045
2046
2047
2048
2051
2049
2050
2053
2052
2055
2054
2057
2056
2058
2059
2061
2060
2062
2063
2064
2065
2067
2066
2068
2069
2070
2072
2073
2071
2074
2075
2077
2076
2078
2079
2080
2081
2083
2089
2084
2085
2087
2088
2082
2086
2090
2094
2092
2096
2100
2097
2091
2098
2099
2093
2095
2101
2102
2103
2109
2104
2105
2107
2106
2110
2108
2111
2112
2115
2122
2116
2118
2121
2117
2119
2113
2120
2114
2124
2123
2133
2128
2126
2127
2125
2130
2129
2134
2132
2131
2135
2138
2137
2139
2136
2141
2144
2142
2143
2140
2153
2151
2150
2146
2145
2152
2149
2154
2148
2147
2155
2156
2163
2161
2160
2159
2162
2158
2164
2157
2166
2165
2167
2172
2173
2170
2168
2169
2171
2174
2175
2176
2177
2178
2179
2183
2180
2182
2184
2181
2185
2186
2187
2188
2189
2192
2191
2190
2196
2195
2194
2193
2198
2197
2199
2200
2201
2206
2205
2202
2203
2208
2204
2207
2209
2210
2212
2211
2213
2217
2214
2215
2218
2216
2219
2220
2223
2221
2222
2224
2225
2227
2226
2228
2229
2230
2231
2233
2232
2235
2238
2234
2237
2239
2236
2240
2241
2242
2243
2247
2248
2252
2251
2253
2250
2246
2249
2244
2245
2258
2263
2254
2260
2257
2259
2255
2261
2256
2262
2267
2266
2269
2272
2265
2271
2273
2270
2268
2264
2274
2275
2276
2281
2278
2279
2282
2277
2280
2283
2284
2285
2286
2287
2289
2288
2290
2292
2293
2291
2295
2294
2296
2297
2299
2298
2302
2300
2301
2303
2305
2304
2306
2307
2309
2308
2310
2313
2312
2311
2316
2314
2315
2317
2318
2319
2320
2321
2322
2323
2325
2324
2326
2327
2328
2329
2330
2331
2333
2332
2334
2335
2336
2337
2338
2340
2339
2341
2344
2347
2346
2342
2345
2348
2343
2350
2349
2351
2352
2353
2354
2355
2356
2357
2358
2359
2360
2362
2363
2364
2366
2365
2367
2368
2370
2369
2371
2372
2373
2374
2375
2376
2377
2379
2378
2380
2382
2383
2384
2386
2388
2389
2387
2381
2390
2393
2391
2392
2385
2396
2394
2395
2397
2398
2361
2401
2402
2405
2404
2403
2406
2407
2408
2410
2409
2413
2412
2411
2414
2415
2416
2417
2418
2419
2421
2422
2420
2423
2426
2400
2431
2428
2429
2425
2399
2430
2424
2427
2437
2439
2438
2436
2433
2435
2440
2441
2434
2432
2443
2448
2444
2442
2451
2449
2445
2450
2446
2447
2452
2453
2455
2457
2456
2459
2458
2460
2454
2461
2462
2463
2465
2471
2464
2469
2468
2467
2466
2470
2472
2474
2476
2473
2475
2477
2481
2479
2478
2480
2482
2483
2484
2486
2487
2489
2490
2485
2491
2488
2492
2493
2494
2495
2496
2497
2500
2502
2503
2501
2498
2499
2504
2505
2507
2506
2508
2509
2511
2510
2513
2512
2514
2515
2517
2516
2518
2519
2520
2524
2527
2526
2521
2522
2523
2530
2529
2528
2525
2531
2532
2533
2534
2535
2536
2537
2538
2539
2540
2541
2543
2542
2544
2546
2545
2547
2548
2550
2552
2551
2549
2554
2555
2556
2561
2559
2560
2562
2563
2553
2565
2564
2557
2571
2573
2569
2568
2567
2570
2572
2566
2574
2579
2576
2583
2578
2580
2575
2581
2577
2584
2589
2590
2588
2585
2586
2582
2587
2558
2591
2600
2599
2601
2603
2602
2605
2606
2604
2608
2607
2596
2598
2597
2595
2609
2594
2593
2592
2610
2611
2612
2615
2616
2618
2621
2620
2617
2619
2614
2613
2622
2624
2629
2625
2623
2631
2628
2626
2627
2630
2632
2634
2637
2636
2640
2641
2642
2638
2635
2643
2644
2647
2646
2649
2648
2645
2639
2650
2651
2652
2653
2656
2655
2654
2657
2658
2660
2633
2659
2661
2663
2662
2665
2664
2666
2667
2668
2670
2669
2671
2675
2672
2677
2673
2676
2674
2678
2680
2679
2681
2683
2686
2687
2690
2688
2691
2682
2684
2685
2689
2694
2697
2696
2695
2699
2700
2698
2701
2693
2692
2702
2703
2708
2707
2709
2706
2705
2710
2711
2712
2704
2713
2715
2714
2717
2716
2718
2720
2719
2721
2722
2723
2724
2725
2726
2727
2728
2731
2729
2732
2730
2733
2734
2735
2736
2738
2739
2746
2747
2745
2743
2748
2740
2744
2741
2742
2737
2749
2752
2754
2757
2756
2753
2755
2751
2750
2758
2759
2760
2768
2766
2767
2762
2761
2763
2764
2765
2770
2769
2772
2774
2777
2776
2775
2778
2773
2771
2780
2779
2782
2781
2783
2787
2785
2786
2784
2788
2789
2790
2792
2791
2793
2794
2795
2796
2798
2797
2800
2799
2802
2803
2801
2805
2804
2806
2807
2810
2809
2811
2808
2812
2813
2814
2815
2816
2821
2819
2817
2820
2818
2823
2822
2824
2825
2827
2832
2833
2831
2830
2826
2829
2828
2834
2835
2836
2837
2838
2841
2839
2842
2840
2843
2844
2845
2846
2847
2848
2849
2851
2852
2853
2850
2855
2854
2856
2857
2858
2859
2860
2861
2862
2864
2863
2866
2867
2865
2868
2869
2870
2871
2873
2872
2874
2877
2876
2875
2878
2879
2880
2881
2883
2882
2884
2885
2887
2889
2886
2888
2891
2890
2892
2893
2895
2894
2898
2906
2899
2903
2902
2900
2904
2905
2901
2896
2912
2913
2915
2907
2910
2911
2914
2908
2909
2917
2920
2922
2897
2921
2924
2919
2916
2918
2928
2926
2925
2930
2931
2929
2927
2933
2937
2935
2938
2940
2939
2923
2941
2934
2936
2942
2943
2945
2946
2947
2944
2948
2949
2954
2953
2955
2952
2951
2932
2956
2950
2957
2958
2959
2961
2962
2960
2963
2964
2965
2966
2968
2973
2970
2971
2974
2972
2967
2969
2975
2977
2978
2980
2981
2982
2976
2983
2979
2987
2984
2990
2988
2989
2991
2992
2993
2995
2997
2996
2998
2999
3000
2994
3001
3002
3004
3003
3005
3006
3007
2985
3009
2986
3008
3012
3011
3014
3013
3017
3016
3010
3018
3019
3015
3023
3020
3022
3021
3024
3025
3027
3026
3029
3028
3030
3033
3032
3034
3035
3036
3037
3038
3039
3042
3041
3043
3045
3044
3046
3040
3047
3048
3049
3052
3050
3053
3054
3055
3051
3056
3031
3058
3059
3060
3057
3061
3062
3064
3065
3063
3066
3067
3071
3068
3070
3074
3075
3069
3076
3077
3072
3079
3078
3080
3081
3082
3087
3088
3090
3091
3089
3086
3084
3092
3093
3094
3097
3098
3095
3096
3099
3100
3101
3102
3104
3105
3103
3106
3107
3108
3109
3110
3111
3113
3112
3114
3120
3115
3116
3117
3119
3118
3121
3123
3128
3085
3083
3125
3126
3127
3073
3122
3124
3129
3132
3131
3130
3136
3135
3134
3138
3137
3133
3139
3140
3141
3145
3142
3148
3146
3149
3143
3150
3144
3147
3151
3158
3157
3154
3156
3159
3152
3161
3155
3160
3153
3162
3163
3165
3171
3168
3173
3166
3167
3169
3172
3164
3170
3174
3175
3176
3181
3179
3178
3177
3180
3182
3184
3183
3185
3186
3188
3191
3190
3189
3192
3187
3194
3193
3195
3196
3197
3199
3201
3198
3200
3206
3202
3207
3203
3205
3204
3208
3209
3211
3214
3217
3216
3212
3218
3213
3215
3210
3219
3221
3227
3228
3224
3222
3225
3229
3226
3220
3223
3230
3231
3238
3236
3235
3234
3232
3233
3240
3239
3237
3244
3241
3245
3247
3249
3248
3242
3243
3246
3250
3253
3252
3258
3251
3259
3256
3255
3254
3257
3260
3262
3261
3263
3265
3264
3270
3266
3268
3269
3267
3271
3272
3273
3274
3275
3276
3277
3281
3278
3279
3280
3282
3283
3284
3285
3286
3287
3289
3288
3290
3294
3292
3291
3293
3296
3295
3297
3299
3298
3301
3302
3307
3300
3304
3306
3303
3308
3305
3309
3310
3313
3312
3316
3314
3315
3320
3311
3319
3317
3318
3321
3322
3323
3329
3325
3326
3327
3328
3324
3330
3331
3332
3333
3334
3337
3335
3340
3338
3339
3336
3342
3341
3343
3348
3351
3347
3345
3344
3349
3346
3350
3352
3353
3354
3355
3356
3361
3359
3358
3360
3363
3357
3362
3364
3365
3366
3367
3370
3369
3368
3371
3372
3373
3375
3374
3376
3377
3378
3379
3381
3382
3383
3385
3384
3380
3386
3387
3388
3389
3390
3391
3393
3397
3396
3395
3392
3394
3398
3405
3403
3400
3402
3407
3401
3404
3399
3408
3406
3409
3410
3414
3413
3416
3415
3418
3417
3419
3412
3411
3420
3421
3422
3423
3428
3424
3429
3430
3426
3425
3427
3432
3431
3433
3434
3435
3437
3442
3438
3436
3439
3441
3440
3443
3444
3445
3446
3448
3449
3452
3450
3453
3454
3451
3447
3455
3456
3457
3458
3460
3459
3462
3461
3463
3464
3465
3466
3467
3468
3469
3470
3471
3473
3472
3474
3478
3479
3476
3475
3477
3480
3481
3482
3483
3484
3486
3489
3487
3488
3490
3485
3491
3492
3493
3494
3495
3496
3497
3498
3500
3499
3501
3502
3504
3503
3505
3506
3507
3508
3509
3510
3511
3512
3515
3513
3516
3517
3514
3518
3519
3520
3521
3522
3526
3523
3527
3525
3524
3528
3529
3530
3531
3532
3533
3535
3537
3539
3536
3541
3538
3543
3534
3540
3542
3544
3548
3547
3550
3549
3553
3551
3552
3545
3546
3556
3554
3559
3558
3557
3561
3562
3560
3564
3565
3566
3567
3569
3568
3570
3573
3572
3571
3574
3575
3576
3577
3578
3581
3579
3583
3580
3582
3584
3585
3587
3586
3589
3588
3592
3590
3591
3598
3555
3594
3563
3597
3600
3599
3595
3596
3593
3607
3602
3603
3604
3609
3601
3605
3608
3606
3610
3611
3613
3612
3614
3615
3620
3617
3619
3616
3618
3621
3623
3622
3624
3626
3625
3628
3631
3627
3630
3629
3633
3632
3634
3640
3638
3639
3637
3636
3635
3644
3642
3643
3641
3646
3647
3652
3653
3654
3645
3650
3648
3651
3649
3655
3656
3659
3657
3662
3663
3658
3660
3661
3664
3666
3665
3667
3668
3669
3670
3676
3671
3674
3675
3672
3673
3678
3679
3677
3680
3684
3686
3682
3681
3687
3683
3685
3688
3689
3690
3692
3697
3691
3700
3695
3693
3699
3694
3696
3698
3701
3704
3703
3702
3709
3705
3708
3707
3711
3706
3710
3712
3714
3713
3715
3718
3717
3719
3721
3724
3720
3722
3716
3723
3725
3726
3733
3732
3728
3730
3727
3729
3734
3731
3735
3736
3737
3738
3739
3744
3742
3745
3740
3743
3741
3746
3747
3748
3755
3750
3758
3754
3757
3756
3749
3753
3751
3752
3759
3761
3766
3762
3763
3764
3760
3768
3765
3767
3769
3770
3771
3772
3774
3773
3778
3775
3777
3776
3780
3779
3781
3782
3783
3788
3786
3785
3784
3789
3791
3792
3787
3790
3793
3794
3795
3799
3797
3800
3796
3798
3801
3802
3803
3804
3805
3806
3807
3811
3814
3813
3816
3809
3812
3815
3808
3810
3817
3818
3819
3820
3823
3825
3826
3822
3821
3824
3827
3828
3829
3831
3830
3832
3834
3833
3837
3838
3835
3839
3836
3840
3841
3842
3843
3844
3845
3847
3846
3849
3848
3850
3851
3852
3853
3854
3855
3856
3859
3858
3857
3860
3863
3861
3862
3864
3865
3866
3869
3867
3868
3874
3875
3872
3876
3873
3871
3870
3877
3878
3879
3881
3884
3885
3880
3883
3882
3887
3889
3888
3886
3890
3891
3894
3893
3896
3897
3895
3899
3892
3898
3901
3900
3902
3903
3904
3909
3905
3906
3907
3911
3916
3912
3910
3915
3914
3913
3908
3917
3918
3919
3920
3922
3921
3925
3923
3926
3924
3927
3928
3929
3930
3935
3937
3934
3938
3936
3931
3933
3932
3940
3939
3942
3943
3948
3944
3941
3949
3950
3946
3945
3947
3952
3951
3953
3956
3960
3958
3959
3957
3955
3954
3962
3961
3963
3964
3965
3966
3967
3968
3969
3972
3970
3971
3973
3974
3975
3976
3977
3979
3978
3980
3982
3983
3985
3984
3981
3986
3987
3988
3989
3992
3994
3993
3995
3996
3997
3998
3999
4000
4001
4003
4002
4004
3991
3990
4006
4005
4007
4008
4009
4011
4010
4012
4013
4017
4014
4016
4015
4018
4020
4019
4021
4022
4023
4024
4025
4027
4030
4029
4026
4033
4031
4028
4032
4034
4035
4036
4037
4038
4040
4044
4042
4039
4045
4043
4046
4047
4041
4048
4051
4052
4053
4050
4049
4054
4055
4056
4057
4058
4059
4060
4061
4062
4066
4063
4065
4067
4064
4068
4069
4070
4071
4072
4074
4073
4078
4076
4083
4084
4077
4080
4081
4079
4075
4082
4085
4088
4089
4086
4091
4087
4093
4092
4094
4095
4090
4096
4097
4099
4098
4106
4102
4107
4105
4103
4104
4100
4101
4109
4108
4112
4116
4115
4120
4119
4110
4123
4124
4121
4113
4128
4114
4126
4117
4125
4122
4127
4118
4111
4130
4129
4131
4136
4138
4137
4135
4134
4139
4133
4141
4140
4144
4142
4132
4143
4145
4146
4148
4147
4149
4150
4151
4152
4153
4155
4154
4156
4157
4158
4159
4160
4161
4163
4162
4164
4165
4166
4168
4167
4170
4171
4172
4169
4173
4174
4175
4176
4177
4178
4179
4180
4181
4183
4182
4185
4184
4186
4187
4189
4188
4190
4191
4192
4193
4195
4194
4196
4197
4198
4200
4199
4201
4203
4202
4204
4205
4206
4207
4208
4209
4211
4210
4212
4213
4214
4215
4216
4217
4218
4219
4221
4220
4222
4223
4224
4225
4226
4227
4229
4228
4232
4230
4231
4242
4238
4233
4235
4237
4240
4236
4239
4234
4241
4243
4244
4246
4245
4251
4248
4252
4254
4250
4253
4247
4249
4255
4256
4258
4257
4262
4260
4264
4263
4261
4259
4265
4266
4267
4268
4271
4275
4270
4274
4269
4272
4278
4276
4273
4277
4279
4280
4281
4282
4283
4287
4285
4288
4286
4284
4289
4290
4291
4292
4293
4294
4296
4295
4300
4298
4299
4297
4301
4302
4303
4304
4305
4306
4307
4308
4310
4309
4311
4313
4314
4312
4315
4316
4317
4318
4322
4319
4320
4323
4324
4321
4325
4327
4326
4328
4329
4330
4331
4332
4333
4336
4334
4337
4335
4338
4339
4340
4341
4342
4343
4344
4346
4347
4345
4351
4352
4350
4348
4349
4353
4354
4355
4356
4358
4359
4357
4361
4363
4362
4364
4360
4365
4366
4369
4372
4374
4375
4373
4371
4370
4368
4367
4376
4377
4378
4379
4380
4381
4386
4385
4387
4382
4383
4384
4388
4389
4390
4399
4398
4397
4395
4396
4391
4392
4394
4393
4400
4401
4402
4403
4404
4405
4406
4408
4407
4409
4410
4411
4412
4413
4414
4415
4417
4416
4418
4419
4423
4421
4420
4422
4424
4425
4426
4427
4428
4431
4430
4434
4433
4435
4432
4429
4437
4438
4436
4439
4441
4440
4442
4443
4445
4444
4448
4446
4447
4449
4451
4450
4452
4453
4457
4455
4459
4456
4454
4458
4460
4461
4463
4462
4468
4471
4464
4465
4469
4470
4466
4467
4473
4472
4474
4475
4477
4476
4478
4480
4481
4479
4483
4482
4484
4485
4486
4487
4488
4490
4491
4492
4493
4494
4489
4496
4495
4497
4498
4501
4504
4502
4506
4499
4500
4503
4505
4507
4508
4513
4510
4515
4509
4516
4511
4512
4517
4514
4518
4519
4520
4523
4521
4524
4522
4525
4529
4527
4528
4530
4526
4531
4532
4533
4536
4535
4534
4537
4540
4539
4541
4538
4543
4542
4544
4546
4545
4548
4550
4553
4555
4547
4556
4558
4552
4557
4549
4551
4554
4562
4559
4564
4566
4560
4565
4568
4570
4569
4571
4572
4573
4575
4574
4576
4577
4561
4563
4578
4579
4580
4582
4581
4584
4583
4587
4586
4588
4585
4589
4591
4590
4592
4593
4595
4594
4602
4600
4599
4601
4596
4598
4597
4603
4604
4611
4607
4609
4605
4606
4612
4608
4613
4610
4567
4614
4622
4623
4624
4617
4616
4618
4621
4619
4615
4620
4625
4627
4626
4628
4629
4630
4634
4632
4631
4633
4635
4638
4636
4639
4637
4640
4645
4642
4644
4643
4650
4648
4649
4646
4641
4647
4657
4653
4652
4659
4655
4660
4658
4651
4654
4656
4661
4663
4662
4665
4666
4664
4669
4668
4667
4670
4671
4673
4672
4674
4675
4676
4678
4679
4680
4677
4681
4682
4683
4684
4685
4686
4687
4688
4690
4689
4691
4695
4693
4694
4692
4696
4697
4699
4698
4700
4703
4705
4702
4704
4706
4707
4711
4713
4715
4709
4712
4716
4714
4717
4719
4718
4720
4721
4723
4722
4724
4725
4726
4728
4727
4730
4729
4731
4733
4735
4732
4737
4736
4738
4734
4739
4740
4741
4743
4745
4742
4746
4744
4747
4748
4710
4749
4750
4751
4753
4701
4708
4752
4756
4757
4754
4763
4759
4761
4758
4762
4760
4764
4766
4765
4768
4772
4773
4774
4771
4769
4770
4775
4767
4776
4777
4779
4780
4784
4783
4781
4785
4778
4782
4786
4787
4788
4789
4790
4794
4792
4791
4793
4795
4796
4755
4797
4798
4799
4800
4803
4808
4810
4802
4809
4806
4807
4804
4805
4801
4811
4816
4814
4818
4815
4819
4817
4813
4820
4812
4821
4822
4823
4824
4826
4827
4831
4825
4828
4830
4832
4829
4833
4834
4839
4841
4838
4836
4840
4844
4835
4837
4842
4843
4845
4846
4847
4851
4852
4853
4850
4849
4854
4848
4855
4857
4856
4860
4859
4858
4864
4867
4868
4869
4871
4870
4872
4863
4861
4862
4875
4873
4874
4877
4876
4878
4879
4880
4881
4883
4882
4884
4885
4886
4887
4888
4889
4890
4891
4892
4893
4894
4895
4896
4897
4898
4899
4900
4901
4904
4903
4902
4905
4906
4907
4908
4909
4910
4911
4914
4913
4912
4916
4915
4917
4865
4866
4918
4922
4926
4925
4923
4919
4921
4933
4929
4928
4927
4920
4930
4924
4931
4932
4934
4935
4939
4936
4937
4938
4940
4944
4942
4943
4945
4941
4946
4947
4948
4950
4951
4953
4954
4955
4952
4949
4957
4956
4958
4959
4960
4961
4962
4965
4964
4966
4968
4967
4969
4963
4970
4971
4972
4975
4974
4973
4976
4977
4981
4980
4978
4979
4982
4983
4984
4985
4987
4986
4988
4990
4989
4991
4992
4993
4994
4995
4997
4996
4998
5000
4999
5003
5002
5004
5001
5005
5007
5006
5008
5010
5009
5011
5014
5012
5015
5016
5017
5013
5018
5019
5021
5024
5020
5022
5023
5029
5026
5028
5025
5027
5032
5034
5033
5031
5030
5035
5039
5038
5037
5036
5042
5040
5044
5043
5045
5047
5049
5046
5048
5051
5050
5052
5053
5041
5054
5055
5056
5057
5058
5059
5061
5062
5060
5063
5064
5065
5066
5067
5068
5069
5072
5071
5070
5073
5074
5075
5076
5078
5077
5079
5080
5081
5082
5090
5091
5086
5088
5084
5092
5083
5085
5087
5089
5093
5094
5095
5096
5099
5101
5098
5097
5102
5100
5103
5104
5105
5106
5108
5109
5107
5110
5112
5114
5115
5113
5116
5111
5117
5118
5119
5122
5121
5124
5123
5126
5125
5120
5128
5127
5129
5130
5131
5136
5132
5134
5133
5135
5138
5139
5137
5140
5141
5142
5143
5144
5145
5148
5147
5150
5146
5149
5151
5152
5153
5154
5155
5157
5156
5160
5158
5159
5162
5163
5161
5165
5164
5166
5167
5168
5170
5172
5169
5171
5175
5174
5173
5176
5177
5178
5179
5180
5181
5184
5182
5188
5187
5186
5183
5185
5189
5190
5191
5198
5196
5193
5194
5197
5192
5195
5199
5200
5201
5202
5204
5206
5203
5208
5205
5207
5209
5210
5212
5211
5214
5213
5218
5215
5217
5216
5220
5219
5222
5221
5223
5224
5225
5226
5227
5230
5231
5235
5232
5234
5229
5233
5228
5237
5236
5239
5241
5245
5248
5243
5246
5249
5242
5247
5240
5238
5250
5244
5251
5253
5252
5254
5255
5257
5259
5260
5256
5258
5261
5262
5263
5264
5265
5270
5269
5267
5268
5266
5271
5272
5273
5274
5275
5276
5278
5277
5279
5281
5280
5283
5282
5285
5284
5286
5287
5289
5291
5288
5290
5292
5293
5295
5294
5296
5297
5299
5301
5298
5300
5302
5303
5305
5304
5306
5307
5308
5311
5310
5312
5314
5309
5315
5316
5317
5318
5320
5319
5321
5322
5323
5327
5324
5326
5329
5328
5330
5331
5332
5325
5335
5334
5333
5338
5337
5336
5339
5340
5341
5313
5342
5344
5343
5345
5346
5347
5348
5352
5353
5354
5356
5350
5349
5355
5358
5359
5357
5361
5360
5362
5364
5363
5365
5366
5368
5367
5370
5369
5371
5373
5374
5372
5375
5376
5377
5378
5379
5380
5351
5381
5384
5383
5382
5388
5387
5386
5385
5389
5390
5391
5394
5393
5392
5395
5398
5397
5396
5399
5400
5402
5401
5404
5403
5407
5409
5405
5406
5408
5410
5413
5414
5412
5411
5424
5416
5417
5419
5421
5423
5415
5422
5418
5428
5425
5433
5430
5427
5432
5426
5431
5429
5420
5442
5434
5440
5435
5441
5438
5437
5439
5436
5448
5449
5450
5452
5445
5444
5446
5451
5447
5443
5462
5457
5454
5455
5459
5463
5461
5458
5460
5453
5456
5465
5464
5466
5472
5471
5467
5469
5470
5468
5473
5482
5483
5480
5474
5477
5481
5476
5479
5478
5475
5486
5489
5490
5487
5491
5492
5488
5493
5484
5485
5495
5503
5502
5496
5499
5500
5501
5497
5498
5494
5509
5504
5508
5512
5511
5507
5510
5513
5505
5506
5518
5515
5516
5517
5514
5520
5519
5521
5522
5523
5530
5529
5527
5525
5532
5533
5531
5528
5526
5524
5538
5542
5535
5543
5536
5546
5545
5540
5541
5544
5539
5537
5534
5550
5547
5549
5551
5552
5556
5548
5555
5554
5561
5559
5557
5558
5560
5562
5563
5564
5565
5566
5567
5569
5568
5570
5571
5572
5574
5573
5553
5575
5577
5578
5576
5579
5580
5581
5583
5582
5584
5586
5585
5587
5589
5588
5590
5591
5592
5596
5595
5594
5593
5599
5598
5600
5601
5602
5603
5605
5604
5606
5597
5607
5610
5608
5609
5611
5614
5613
5616
5618
5621
5612
5615
5620
5622
5623
5624
5617
5625
5626
5619
5627
5628
5629
5630
5631
5633
5634
5635
5636
5638
5637
5632
5639
5640
5641
5642
5643
5647
5646
5645
5644
5648
5649
5653
5656
5654
5655
5657
5659
5658
5660
5664
5662
5663
5661
5666
5665
5668
5669
5671
5670
5667
5673
5672
5652
5651
5650
5674
5677
5676
5678
5680
5679
5675
5684
5681
5683
5682
5686
5687
5689
5688
5690
5685
5691
5696
5694
5693
5695
5692
5697
5699
5698
5700
5701
5702
5705
5704
5703
5706
5711
5709
5713
5710
5708
5707
5714
5712
5715
5717
5716
5718
5722
5723
5724
5721
5720
5725
5719
5726
5727
5728
5730
5729
5732
5731
5733
5734
5735
5736
5737
5738
5740
5739
5744
5743
5745
5742
5741
5746
5747
5748
5749
5754
5758
5753
5755
5752
5751
5756
5757
5750
5759
5766
5764
5769
5761
5765
5767
5760
5763
5768
5762
5770
5771
5773
5774
5775
5772
5777
5776
5778
5779
5780
5781
5782
5783
5786
5787
5788
5789
5785
5784
5790
5791
5792
5793
5795
5794
5798
5797
5796
5800
5801
5799
5802
5803
5804
5805
5806
5808
5807
5809
5811
5812
5813
5810
5814
5815
5817
5819
5818
5820
5821
5822
5816
5823
5824
5828
5826
5827
5829
5831
5832
5833
5830
5834
5837
5836
5838
5841
5840
5839
5842
5843
5835
5846
5844
5847
5845
5849
5850
5851
5848
5852
5856
5854
5853
5855
5857
5858
5859
5861
5860
5862
5863
5864
5867
5869
5872
5870
5825
5868
5871
5865
5866
5873
5874
5875
5876
5878
5879
5877
5881
5880
5882
5884
5883
5889
5885
5890
5886
5887
5891
5892
5888
5894
5893
5899
5900
5902
5897
5901
5896
5895
5898
5903
5904
5905
5912
5914
5911
5906
5907
5909
5910
5913
5908
5915
5916
5924
5919
5922
5921
5917
5920
5918
5923
5926
5931
5930
5932
5934
5927
5933
5929
5935
5928
5937
5938
5936
5939
5940
5942
5944
5941
5943
5945
5946
5947
5949
5952
5950
5951
5953
5948
5925
5954
5956
5955
5960
5961
5959
5958
5964
5957
5965
5966
5963
5962
5968
5969
5971
5970
5972
5967
5973
5974
5976
5977
5978
5980
5979
5981
5982
5983
5984
5985
5986
5987
5990
5988
5992
5991
5989
5994
5993
5995
5996
5997
5998
6000
5999
6001
6004
6002
6003
6005
6006
6007
6008
6009
6012
6013
6010
6011
5975
6014
6015
6016
6017
6018
6019
6020
6021
6024
6023
6022
6025
6026
6027
6030
6029
6028
6033
6034
6032
6031
6036
6035
6037
6038
6039
6040
6041
6042
6044
6043
6045
6046
6047
6048
6049
6050
6051
6052
6056
6054
6053
6057
6055
6061
6058
6060
6059
6062
6063
6065
6067
6066
6064
6068
6070
6069
6071
6073
6072
6078
6080
6079
6081
6082
6084
6083
6074
6077
6075
6076
6085
6086
6087
6088
6090
6089
6091
6093
6092
6094
6096
6097
6095
6099
6100
6098
6101
6102
6104
6103
6105
6106
6112
6110
6108
6111
6109
6107
6113
6115
6114
6116
6119
6121
6118
6117
6120
6122
6123
6124
6126
6125
6127
6129
6130
6128
6133
6134
6135
6132
6131
6136
6139
6140
6138
6137
6141
6142
6143
6144
6145
6146
6147
6149
6148
6150
6152
6151
6153
6154
6156
6155
6157
6158
6162
6159
6160
6166
6165
6164
6161
6163
6167
6170
6169
6171
6168
6173
6175
6176
6172
6177
6174
6178
6179
6181
6180
6184
6182
6183
6186
6185
6187
6188
6189
6190
6191
6192
6194
6193
6195
6196
6197
6198
6199
6200
6201
6202
6205
6203
6204
6206
6207
6208
6209
6211
6210
6216
6212
6215
6214
6213
6218
6217
6219
6220
6221
6225
6222
6223
6224
6226
6227
6230
6228
6229
6231
6236
6233
6235
6234
6232
6237
6240
6241
6238
6239
6242
6243
6244
6246
6245
6251
6247
6249
6250
6248
6252
6253
6254
6255
6256
6257
6260
6258
6259
6265
6270
6266
6262
6264
6268
6261
6269
6263
6267
6272
6271
6273
6278
6274
6275
6277
6276
6280
6282
6283
6281
6288
6286
6284
6285
6289
6287
6291
6290
6292
6293
6294
6295
6296
6297
6298
6299
6300
6279
6301
6303
6306
6302
6305
6307
6304
6308
6309
6310
6312
6311
6313
6315
6314
6316
6317
6319
6318
6320
6324
6321
6327
6323
6326
6325
6329
6328
6330
6322
6336
6334
6331
6332
6333
6337
6335
6338
6339
6340
6342
6341
6347
6343
6345
6348
6344
6349
6346
6350
6353
6358
6359
6356
6355
6354
6357
6360
6351
6352
6361
6362
6364
6363
6365
6369
6367
6368
6366
6370
6372
6371
6373
6374
6375
6376
6378
6379
6377
6380
6381
6382
6383
6384
6385
6386
6389
6387
6390
6388
6391
6392
6393
6394
6397
6399
6396
6400
6398
6395
6401
6402
6403
6404
6406
6407
6405
6408
6410
6409
6411
6412
6414
6413
6420
6419
6416
6424
6427
6415
6423
6417
6422
6418
6425
6428
6421
6426
6429
6430
6432
6431
6437
6434
6433
6438
6436
6435
6441
6439
6440
6445
6448
6447
6442
6443
6446
6449
6451
6450
6453
6454
6452
6456
6455
6460
6458
6461
6462
6463
6459
6465
6466
6467
6468
6469
6470
6472
6473
6475
6476
6477
6471
6474
6444
6478
6479
6480
6481
6482
6483
6484
6485
6457
6486
6487
6489
6488
6490
6491
6493
6492
6494
6464
6496
6495
6497
6499
6498
6500
6503
6502
6501
6504
6506
6505
6508
6509
6510
6507
6512
6511
6514
6513
6516
6515
6517
6518
6519
6520
6521
6522
6523
6524
6526
6525
6528
6527
6529
6530
6533
6534
6532
6531
6535
6536
6537
6539
6538
6540
6544
6542
6543
6541
6545
6546
6550
6547
6549
6548
6553
6552
6554
6551
6556
6555
6559
6558
6560
6557
6562
6561
6566
6564
6565
6563
6567
6570
6569
6568
6571
6572
6573
6575
6574
6576
6577
6578
6580
6579
6581
6582
6585
6586
6583
6584
6588
6587
6591
6589
6590
6592
6593
6596
6595
6594
6600
6602
6597
6599
6601
6598
6606
6603
6604
6605
6607
6608
6610
6609
6611
6612
6614
6616
6615
6613
6618
6617
6620
6621
6622
6619
6623
6625
6626
6624
6628
6627
6629
6630
6632
6631
6633
6634
6636
6635
6637
6639
6640
6641
6642
6638
6644
6646
6643
6647
6645
6648
6649
6651
6650
6652
6653
6655
6654
6657
6658
6656
6659
6661
6660
6662
6663
6664
6665
6667
6668
6666
6669
6671
6670
6672
6673
6674
6675
6677
6679
6676
6678
6682
6681
6680
6683
6685
6684
6686
6689
6687
6688
6692
6690
6691
6693
6698
6701
6695
6696
6694
6699
6702
6697
6700
6703
6704
6705
6706
6711
6710
6708
6707
6709
6712
6713
6714
6715
6716
6719
6718
6721
6722
6720
6723
6724
6717
6725
6726
6728
6730
6729
6731
6733
6727
6735
6736
6734
6732
6746
6744
6743
6745
6742
6737
6741
6739
6740
6738
6747
6748
6750
6751
6752
6749
6755
6754
6756
6753
6757
6758
6761
6762
6760
6763
6759
6765
6766
6764
6768
6767
6769
6770
6771
6776
6774
6773
6775
6772
6777
6778
6779
6780
6781
6782
6788
6784
6789
6786
6787
6783
6785
6791
6792
6790
6793
6794
6798
6797
6799
6795
6801
6796
6800
6802
6803
6804
6805
6807
6808
6806
6809
6810
6812
6811
6813
6814
6815
6816
6818
6819
6821
6823
6820
6817
6824
6822
6825
6829
6828
6827
6826
6833
6834
6831
6832
6830
6835
6838
6839
6836
6837
6841
6842
6844
6843
6845
6840
6848
6849
6846
6847
6850
6855
6859
6854
6851
6853
6852
6860
6856
6857
6858
6861
6863
6867
6870
6869
6868
6865
6866
6862
6864
6871
6872
6874
6875
6878
6881
6876
6879
6873
6880
6877
6882
6883
6884
6886
6885
6890
6888
6887
6889
6891
6892
6893
6894
6895
6896
6901
6900
6898
6902
6899
6897
6906
6905
6904
6903
6908
6907
6910
6909
6911
6912
6915
6913
6914
6916
6920
6917
6921
6919
6922
6918
6927
6928
6929
6930
6931
6932
6933
6934
6926
6923
6924
6925
6935
6936
6938
6937
6939
6940
6944
6943
6941
6942
6945
6946
6948
6947
6950
6949
6951
6952
6953
6954
6957
6958
6956
6955
6959
6960
6962
6961
6963
6970
6965
6968
6966
6964
6969
6967
6971
6972
6973
6975
6974
6978
6980
6981
6977
6979
6983
6982
6976
6984
6985
6986
6987
6991
6988
6990
6989
6993
6992
6995
6994
6996
6998
6997
6999
7003
7002
7004
7005
7001
7000
7006
7008
7007
7009
7011
7010
7015
7012
7014
7013
7016
7017
7018
7019
7020
7021
7023
7025
7024
7026
7022
7027
7028
7029
7037
7039
7032
7030
7033
7034
7038
7036
7035
7031
7040
7044
7043
7046
7042
7048
7045
7041
7049
7047
7050
7051
7056
7060
7058
7059
7054
7057
7061
7062
7063
7064
7066
7065
7067
7068
7069
7070
7071
7072
7074
7073
7075
7076
7077
7078
7079
7081
7082
7080
7083
7084
7085
7086
7088
7087
7089
7052
7053
7091
7094
7095
7092
7093
7055
7090
7096
7097
7098
7103
7101
7100
7099
7102
7104
7105
7106
7107
7108
7112
7113
7109
7110
7115
7114
7116
7111
7118
7117
7121
7119
7120
7122
7125
7128
7127
7126
7123
7124
7130
7131
7132
7129
7137
7135
7133
7136
7138
7134
7140
7139
7141
7142
7146
7144
7145
7143
7147
7148
7149
7150
7151
7152
7154
7153
7156
7155
7157
7158
7161
7159
7160
7162
7163
7164
7165
7166
7167
7169
7168
7170
7172
7171
7174
7173
7175
7177
7183
7181
7180
7176
7184
7182
7178
7179
7185
7186
7187
7188
7189
7190
7191
7194
7193
7192
7195
7196
7197
7198
7199
7200
7201
7203
7205
7202
7204
7206
7207
7208
7209
7210
7211
7216
7215
7213
7214
7217
7212
7219
7218
7221
7220
7223
7227
7222
7224
7225
7231
7229
7230
7226
7228
7233
7236
7232
7237
7239
7240
7234
7238
7235
7241
7242
7244
7248
7251
7245
7247
7249
7246
7250
7252
7253
7254
7255
7257
7258
7260
7259
7256
7261
7262
7265
7266
7264
7263
7270
7267
7271
7268
7269
7274
7272
7273
7277
7280
7279
7278
7275
7276
7281
7282
7243
7283
7287
7285
7289
7286
7288
7284
7290
7291
7292
7293
7294
7295
7296
7297
7299
7298
7300
7301
7302
7303
7304
7305
7307
7306
7310
7313
7311
7309
7312
7308
7315
7314
7317
7316
7320
7319
7318
7322
7321
7324
7325
7323
7327
7326
7328
7329
7331
7330
7332
7334
7333
7335
7337
7336
7338
7339
7342
7340
7341
7343
7346
7348
7351
7350
7347
7349
7344
7353
7352
7345
7354
7362
7355
7360
7364
7361
7358
7357
7363
7359
7356
7365
7366
7368
7370
7372
7367
7371
7373
7369
7374
7376
7375
7377
7378
7380
7379
7381
7383
7384
7382
7387
7386
7385
7388
7390
7393
7392
7389
7391
7394
7395
7396
7397
7398
7399
7400
7401
7402
7403
7405
7406
7404
7407
7408
7409
7410
7411
7412
7416
7415
7417
7414
7418
7413
7419
7420
7421
7422
7423
7424
7426
7427
7428
7425
7429
7431
7430
7432
7437
7436
7433
7435
7438
7434
7440
7439
7442
7441
7443
7444
7445
7448
7447
7446
7449
7450
7451
7452
7453
7454
7455
7456
7458
7457
7459
7460
7462
7461
7463
7464
7465
7466
7468
7467
7469
7470
7471
7472
7473
7474
7476
7475
7477
7478
7480
7482
7481
7483
7479
7486
7484
7485
7488
7487
7490
7493
7491
7492
7495
7494
7497
7496
7498
7489
7499
7500
7501
7502
7506
7504
7509
7510
7511
7503
7505
7512
7508
7507
7521
7513
7520
7515
7514
7518
7519
7516
7517
7522
7524
7523
7525
7527
7526
7530
7529
7532
7531
7528
7534
7533
7535
7536
7537
7538
7542
7540
7539
7541
7543
7545
7544
7546
7547
7548
7552
7551
7550
7549
7553
7554
7555
7556
7558
7557
7562
7560
7559
7561
7564
7565
7566
7563
7567
7568
7569
7571
7570
7572
7575
7574
7573
7578
7577
7579
7582
7581
7580
7585
7584
7587
7583
7586
7588
7589
7591
7590
7596
7595
7594
7592
7597
7593
7599
7600
7601
7603
7602
7604
7598
7605
7606
7607
7608
7609
7610
7611
7614
7612
7613
7576
7616
7615
7619
7622
7624
7617
7618
7623
7620
7625
7626
7628
7630
7631
7629
7633
7632
7627
7635
7634
7640
7636
7638
7642
7641
7637
7639
7643
7644
7647
7646
7645
7648
7650
7649
7651
7652
7653
7621
7663
7656
7661
7658
7662
7660
7659
7654
7670
7664
7666
7655
7669
7657
7668
7665
7667
7672
7673
7671
7680
7674
7676
7679
7678
7677
7675
7682
7683
7681
7685
7684
7690
7689
7686
7687
7688
7691
7692
7694
7693
7698
7696
7695
7697
7699
7700
7701
7702
7703
7704
7705
7706
7709
7708
7710
7707
7711
7713
7712
7714
7715
7716
7720
7717
7719
7718
7721
7723
7722
7724
7725
7726
7733
7732
7735
7730
7729
7731
7727
7728
7734
7737
7738
7739
7740
7741
7742
7744
7743
7745
7746
7747
7748
7749
7750
7751
7754
7752
7753
7736
7756
7755
7757
7765
7767
7766
7758
7759
7764
7760
7770
7768
7771
7772
7769
7762
7763
7761
7776
7775
7778
7777
7779
7780
7781
7773
7774
0
3
6
1
5
12
8
9
10
14
16
17
11
15
13
18
19
4
2
7
22
23
21
24
25
26
28
30
27
31
34
32
37
35
38
39
33
40
41
36
42
43
44
20
45
29
46
47
48
50
49
52
53
55
56
54
57
60
51
58
61
62
59
64
63
65
67
66
68
69
70
71
72
73
75
77
76
74
82
78
79
80
81
83
84
87
86
88
85
89
90
91
92
93
94
97
95
96
98
99
101
100
103
104
105
106
107
102
109
111
110
108
112
113
114
115
116
117
118
121
120
123
122
126
124
125
132
129
128
130
134
133
127
131
119
135
136
137
138
139
140
142
141
143
145
144
146
147
149
150
148
151
154
155
152
156
160
159
162
161
153
158
157
163
164
165
166
167
170
169
168
171
172
173
175
176
178
179
177
174
182
181
185
183
180
184
186
187
188
191
190
192
193
194
189
195
197
196
198
201
203
206
205
202
199
204
207
208
209
210
211
212
214
213
215
216
217
218
219
220
221
223
222
224
226
225
227
228
229
230
231
232
233
234
235
236
237
238
239
242
240
241
244
245
243
246
247
248
249
250
251
252
254
253
255
200
257
256
258
260
261
259
262
265
266
267
263
268
269
271
270
272
273
275
276
277
278
274
279
280
281
282
283
264
285
286
287
288
284
290
289
291
292
294
293
295
296
297
298
300
302
304
303
306
299
308
309
307
310
324
313
328
315
312
317
316
326
319
327
323
314
321
318
322
305
301
320
325
311
329
335
330
334
331
333
336
332
337
338
339
343
341
346
347
340
342
345
344
348
349
351
352
354
350
353
356
355
359
358
357
360
362
361
368
363
369
367
365
364
366
371
370
377
373
375
374
372
376
378
379
382
380
384
385
381
386
388
387
383
391
389
390
393
396
392
394
398
397
395
399
401
402
403
410
400
404
405
411
407
409
408
406
412
414
415
413
418
416
417
419
420
421
422
428
431
423
425
429
424
430
432
435
433
436
437
434
438
440
441
442
443
444
445
446
449
448
447
451
450
453
452
455
456
454
459
457
460
458
461
462
463
464
465
467
466
468
469
472
471
474
470
477
473
476
475
426
478
427
480
479
439
481
482
483
484
485
486
487
488
490
489
491
492
493
494
495
498
497
496
499
500
501
505
502
504
503
506
508
507
509
510
511
513
512
515
516
518
517
520
519
521
524
523
522
525
526
530
528
529
527
533
531
514
534
532
535
536
537
538
539
540
541
542
544
543
545
547
549
548
546
550
552
551
553
555
554
557
556
558
559
560
561
562
563
564
565
566
567
568
569
570
571
572
574
573
575
576
579
577
578
580
581
583
584
585
582
586
588
587
589
590
591
592
593
594
595
596
597
600
598
599
601
602
603
604
606
607
609
608
610
611
615
612
613
614
605
616
617
619
618
620
621
622
623
625
626
624
628
627
629
631
630
634
633
632
635
637
636
639
641
640
638
642
643
645
644
647
646
648
650
649
652
651
655
654
656
657
660
658
662
663
661
659
664
665
653
667
668
666
669
670
671
672
673
674
676
675
677
678
682
679
681
680
687
684
689
690
692
683
686
688
691
693
685
695
694
696
698
701
702
700
699
697
715
714
716
721
719
717
722
720
718
724
725
723
728
726
730
731
727
729
734
733
732
735
737
736
738
740
739
741
743
742
703
705
707
709
713
712
744
711
708
704
710
706
745
746
752
748
747
750
749
751
753
754
757
755
759
756
758
760
762
765
763
761
764
767
766
771
772
770
769
768
774
773
776
775
777
778
779
781
780
783
787
786
788
789
790
792
784
782
793
791
785
794
795
796
797
799
800
801
798
802
804
803
805
806
807
808
812
810
811
815
814
809
818
817
819
816
813
820
822
821
823
824
825
826
827
828
829
830
831
832
840
836
838
833
841
842
835
837
834
839
843
844
847
845
846
849
848
850
851
852
854
853
857
860
855
856
859
858
863
862
861
864
867
865
868
871
869
866
870
872
873
874
875
876
877
879
878
880
881
884
882
889
885
883
887
891
892
890
886
893
894
888
895
896
897
898
900
901
899
902
904
905
907
908
909
911
910
914
913
915
906
903
912
916
919
921
920
922
918
917
923
924
925
926
927
928
929
930
932
935
931
936
933
934
937
938
940
939
943
944
942
941
945
949
948
950
951
947
953
952
954
957
946
958
959
961
960
962
963
955
965
964
956
966
967
970
972
973
968
971
969
974
977
976
975
978
979
980
981
983
984
982
985
986
987
990
991
992
988
989
993
995
994
997
996
998
999
1000
1002
1001
1003
1005
1004
1006
1007
1008
1009
1010
1012
1013
1011
1016
1014
1015
1017
1018
1020
1022
1021
1019
1023
1024
1025
1027
1028
1026
1029
1030
1032
1031
1033
1035
1034
1036
1037
1038
1039
1041
1040
1042
1043
1048
1046
1047
1044
1045
1049
1052
1051
1050
1053
1055
1054
1056
1057
1058
1059
1060
1064
1061
1065
1063
1062
1067
1068
1066
1069
1070
1071
1077
1073
1078
1076
1075
1072
1074
1079
1080
1084
1085
1082
1081
1083
1087
1089
1091
1086
1090
1088
1094
1093
1092
1097
1096
1095
1098
1099
1101
1102
1103
1100
1105
1104
1110
1106
1111
1112
1114
1113
1115
1116
1118
1117
1119
1120
1122
1123
1121
1124
1125
1127
1129
1128
1126
1130
1132
1134
1131
1135
1133
1136
1137
1139
1138
1142
1140
1141
1143
1144
1145
1146
1147
1148
1149
1151
1150
1153
1152
1154
1155
1157
1156
1159
1158
1160
1162
1161
1108
1107
1163
1109
1164
1165
1166
1167
1168
1169
1170
1171
1172
1173
1174
1175
1176
1178
1177
1179
1180
1181
1184
1183
1185
1187
1186
1188
1189
1182
1191
1190
1192
1193
1196
1194
1204
1203
1206
1199
1208
1209
1195
1210
1207
1197
1201
1214
1211
1212
1198
1213
1215
1205
1200
1202
1216
1217
1218
1220
1221
1219
1223
1222
1230
1227
1224
1229
1228
1226
1233
1231
1225
1235
1236
1234
1232
1237
1238
1239
1240
1242
1243
1241
1244
1246
1247
1245
1249
1253
1256
1248
1250
1255
1251
1254
1257
1252
1258
1259
1260
1262
1263
1261
1264
1265
1267
1266
1268
1270
1275
1284
1271
1272
1277
1269
1273
1274
1280
1276
1281
1282
1278
1279
1283
1285
1286
1287
1288
1289
1291
1295
1293
1304
1300
1303
1301
1296
1297
1298
1305
1292
1294
1299
1309
1302
1307
1290
1306
1308
1310
1311
1313
1312
1314
1315
1318
1321
1320
1322
1317
1319
1324
1329
1328
1325
1327
1316
1323
1326
1333
1331
1330
1334
1332
1335
1336
1338
1337
1339
1340
1341
1342
1348
1350
1344
1351
1343
1347
1349
1346
1354
1355
1358
1357
1345
1356
1352
1353
1359
1360
1361
1363
1362
1364
1365
1370
1367
1375
1372
1371
1377
1373
1366
1374
1369
1378
1368
1376
1382
1380
1383
1379
1384
1381
1385
1386
1387
1388
1401
1399
1392
1400
1393
1391
1402
1403
1407
1395
1394
1396
1398
1406
1404
1389
1405
1390
1408
1397
1409
1417
1428
1414
1421
1415
1427
1423
1422
1411
1420
1412
1413
1418
1419
1429
1425
1424
1410
1426
1416
1430
1435
1438
1443
1440
1446
1442
1433
1439
1431
1450
1449
1432
1436
1447
1441
1445
1448
1437
1444
1434
1454
1453
1452
1451
1455
1463
1456
1466
1457
1462
1460
1459
1465
1464
1468
1461
1458
1470
1469
1467
1474
1471
1473
1472
1475
1477
1476
1479
1480
1478
1482
1487
1484
1481
1483
1486
1490
1488
1489
1485
1493
1491
1494
1492
1495
1499
1496
1497
1500
1498
1501
1502
1510
1506
1507
1503
1512
1505
1508
1513
1511
1509
1515
1504
1514
1519
1518
1517
1516
1520
1521
1522
1523
1524
1526
1525
1527
1528
1532
1531
1530
1529
1534
1535
1533
1536
1539
1540
1538
1537
1541
1542
1543
1544
1545
1546
1547
1548
1549
1550
1551
1553
1556
1562
1552
1555
1554
1560
1563
1557
1561
1559
1566
1564
1567
1558
1565
1569
1568
1570
1571
1572
1574
1573
1575
1583
1580
1578
1576
1587
1582
1579
1586
1585
1577
1584
1581
1589
1588
1591
1590
1592
1593
1594
1595
1596
1598
1597
1599
1600
1604
1603
1601
1607
1605
1602
1608
1606
1611
1610
1609
1613
1612
1615
1614
1616
1617
1619
1618
1620
1621
1622
1623
1624
1626
1627
1629
1625
1628
1635
1630
1634
1632
1631
1633
1636
1637
1638
1640
1641
1642
1643
1644
1645
1646
1647
1648
1652
1650
1654
1655
1658
1651
1653
1649
1657
1662
1659
1661
1660
1656
1639
1663
1664
1665
1668
1667
1669
1666
1672
1676
1671
1675
1674
1673
1670
1677
1681
1678
1680
1679
1682
1685
1684
1683
1687
1686
1689
1688
1701
1705
1700
1704
1695
1690
1692
1696
1691
1698
1694
1702
1697
1693
1703
1699
1706
1707
1708
1709
1710
1711
1712
1716
1719
1717
1713
1722
1720
1715
1724
1718
1725
1721
1714
1729
1727
1728
1723
1726
1731
1730
1732
1733
1734
1735
1737
1736
1738
1743
1740
1745
1744
1749
1739
1746
1747
1741
1748
1752
1750
1751
1742
1754
1757
1758
1756
1761
1764
1759
1767
1760
1766
1772
1765
1769
1768
1771
1763
1762
1770
1773
1776
1774
1775
1777
1779
1778
1781
1780
1782
1790
1789
1787
1784
1786
1791
1788
1792
1783
1785
1794
1793
1795
1753
1796
1798
1797
1799
1800
1755
1801
1802
1803
1806
1804
1805
1807
1812
1808
1809
1811
1810
1815
1814
1813
1816
1817
1819
1818
1820
1821
1822
1823
1824
1825
1827
1826
1828
1829
1831
1830
1832
1837
1835
1834
1833
1836
1838
1839
1840
1841
1842
1843
1844
1845
1846
1847
1849
1850
1852
1848
1851
1853
1854
1857
1856
1858
1859
1863
1862
1861
1855
1860
1864
1866
1865
1867
1868
1872
1871
1870
1869
1873
1874
1875
1876
1877
1878
1880
1879
1881
1884
1883
1882
1887
1885
1888
1886
1890
1892
1889
1891
1893
1894
1895
1896
1897
1900
1898
1899
1901
1902
1906
1908
1905
1907
1903
1911
1909
1910
1904
1913
1912
1914
1915
1917
1916
1919
1920
1921
1918
1922
1923
1926
1925
1924
1929
1928
1930
1927
1933
1934
1932
1931
1936
1937
1935
1942
1941
1939
1940
1938
1943
1944
1945
1948
1947
1949
1951
1952
1953
1950
1955
1957
1954
1956
1962
1961
1958
1959
1960
1963
1965
1964
1946
1966
1967
1968
1969
1970
1971
1973
1974
1976
1972
1977
1978
1980
1979
1975
1981
1985
1983
1982
1984
1987
1986
1988
1989
1991
1990
1993
1992
1994
1996
1997
1998
1999
2002
2003
2001
1995
2005
2006
2007
2008
2004
2000
2011
2010
2013
2012
2009
2014
2015
2016
2017
2018
2019
2020
2023
2025
2024
2021
2026
2027
2029
2032
2033
2030
2034
2031
2035
2028
2036
2022
2037
2038
2039
2040
2041
2044
2042
2043
2045
2046
2047
2050
2048
2051
2049
2055
2052
2053
2057
2054
2056
2058
2059
2060
2061
2062
2063
2064
2065
2066
2067
2069
2070
2071
2077
2079
2078
2083
2080
2081
2086
2082
2068
2072
2084
2075
2089
2087
2073
2074
2076
2088
2085
2091
2092
2090
2093
2095
2094
2097
2101
2103
2102
2106
2105
2096
2109
2108
2098
2107
2100
2099
2104
2110
2111
2112
2113
2114
2115
2116
2118
2117
2121
2126
2123
2119
2128
2122
2120
2129
2124
2125
2127
2133
2131
2134
2130
2136
2132
2135
2137
2138
2139
2143
2141
2140
2144
2145
2142
2147
2148
2149
2146
2151
2150
2153
2152
2156
2154
2155
2157
2158
2159
2160
2162
2161
2163
2167
2164
2168
2166
2169
2170
2174
2178
2172
2171
2175
2176
2177
2173
2165
2179
2180
2181
2182
2183
2188
2187
2184
2193
2189
2197
2195
2200
2202
2196
2190
2191
2194
2185
2201
2198
2199
2192
2203
2186
2204
2205
2206
2212
2207
2208
2209
2216
2215
2210
2213
2219
2223
2214
2221
2218
2222
2217
2220
2211
2224
2225
2226
2227
2233
2229
2238
2234
2228
2231
2240
2230
2236
2241
2239
2243
2232
2242
2237
2235
2244
2245
2247
2246
2250
2251
2248
2249
2252
2254
2256
2255
2253
2263
2259
2265
2257
2266
2262
2267
2264
2260
2261
2258
2268
2270
2269
2271
2274
2275
2273
2272
2284
2285
2287
2279
2278
2282
2281
2283
2286
2276
2277
2288
2280
2290
2291
2289
2292
2294
2293
2295
2302
2299
2298
2306
2307
2296
2297
2304
2303
2310
2305
2311
2308
2300
2309
2312
2313
2314
2315
2301
2316
2318
2317
2319
2320
2321
2323
2322
2324
2327
2335
2331
2329
2334
2333
2325
2326
2328
2332
2330
2336
2337
2338
2339
2340
2341
2342
2343
2345
2346
2347
2348
2344
2351
2350
2349
2352
2354
2353
2355
2357
2356
2359
2358
2361
2360
2364
2365
2363
2362
2366
2374
2373
2367
2375
2368
2369
2378
2379
2380
2381
2376
2377
2383
2385
2386
2384
2382
2387
2388
2390
2392
2389
2391
2396
2395
2394
2399
2398
2393
2397
2401
2402
2400
2403
2404
2405
2407
2408
2406
2409
2410
2412
2414
2411
2413
2416
2415
2417
2372
2371
2370
2419
2418
2420
2421
2426
2424
2422
2423
2425
2427
2428
2429
2430
2432
2435
2433
2431
2434
2437
2438
2439
2436
2440
2441
2445
2443
2446
2442
2444
2447
2450
2449
2448
2451
2452
2453
2454
2455
2456
2458
2457
2459
2460
2461
2462
2463
2464
2465
2466
2468
2467
2471
2469
2470
2472
2473
2474
2476
2477
2478
2479
2480
2481
2482
2483
2484
2486
2488
2485
2487
2489
2491
2490
2492
2493
2494
2495
2475
2496
2497
2498
2499
2500
2501
2508
2502
2506
2504
2505
2503
2507
2510
2509
2511
2512
2513
2514
2515
2517
2516
2521
2520
2519
2518
2526
2528
2523
2522
2530
2529
2525
2527
2540
2537
2531
2541
2532
2534
2535
2533
2539
2538
2536
2542
2524
2545
2544
2547
2546
2548
2549
2550
2551
2552
2554
2557
2553
2558
2559
2556
2555
2560
2561
2562
2563
2564
2569
2570
2571
2565
2566
2567
2572
2543
2574
2573
2575
2577
2568
2576
2578
2580
2581
2579
2583
2584
2585
2586
2582
2587
2588
2589
2590
2591
2592
2593
2594
2596
2595
2598
2600
2601
2599
2597
2602
2603
2604
2605
2606
2609
2607
2610
2612
2611
2608
2613
2614
2615
2617
2618
2616
2620
2622
2619
2621
2623
2624
2625
2626
2629
2627
2631
2628
2630
2632
2633
2634
2635
2636
2637
2639
2638
2641
2640
2642
2643
2644
2645
2646
2647
2648
2649
2651
2650
2652
2653
2654
2655
2656
2657
2658
2659
2660
2661
2664
2662
2663
2665
2666
2667
2668
2669
2671
2672
2673
2675
2674
2670
2676
2677
2679
2680
2682
2684
2683
2685
2686
2681
2689
2688
2687
2678
2691
2694
2692
2695
2690
2693
2698
2697
2699
2696
2707
2704
2708
2703
2702
2701
2706
2705
2709
2710
2700
2717
2714
2712
2711
2715
2718
2716
2713
2719
2727
2728
2725
2723
2721
2722
2724
2720
2726
2729
2730
2731
2733
2732
2736
2734
2738
2737
2739
2735
2740
2746
2747
2745
2749
2744
2743
2748
2741
2742
2750
2751
2752
2758
2753
2756
2755
2757
2759
2754
2760
2761
2762
2766
2768
2764
2770
2765
2763
2767
2769
2777
2771
2773
2774
2772
2779
2775
2778
2776
2781
2782
2780
2783
2785
2784
2788
2789
2786
2787
2790
2791
2793
2792
2794
2795
2796
2798
2802
2801
2799
2797
2800
2804
2805
2803
2809
2807
2806
2810
2808
2811
2812
2813
2815
2814
2816
2817
2818
2819
2821
2820
2822
2823
2825
2824
2827
2826
2829
2828
2830
2832
2831
2833
2834
2836
2835
2837
2838
2839
2840
2841
2842
2843
2844
2845
2846
2847
2848
2849
2850
2851
2854
2853
2852
2856
2858
2859
2857
2860
2861
2855
2862
2863
2864
2865
2866
2879
2868
2875
2886
2883
2878
2870
2880
2869
2885
2871
2882
2884
2872
2876
2867
2877
2873
2881
2874
2888
2887
2890
2889
2891
2892
2893
2895
2896
2894
2900
2903
2897
2899
2902
2901
2905
2898
2904
2906
2908
2907
2909
2910
2911
2912
2913
2914
2915
2916
2918
2921
2920
2919
2917
2924
2925
2922
2926
2923
2929
2928
2927
2930
2931
2932
2933
2936
2935
2934
2937
2938
2939
2940
2941
2944
2943
2942
2945
2946
2948
2949
2947
2950
2952
2953
2951
2956
2954
2955
2957
2958
2959
2960
2961
2962
2964
2963
2966
2965
2969
2967
2968
2970
2971
2976
2974
2973
2975
2972
2977
2978
2979
2980
2981
2982
2984
2986
2983
2985
2988
2987
2990
2989
2991
2992
2994
2995
2993
2998
2999
2996
3001
2997
3000
3002
3005
3006
3008
3004
3003
3007
3010
3009
3011
3013
3012
3014
3015
3016
3018
3021
3019
3020
3017
3022
3023
3029
3024
3026
3028
3027
3025
3031
3030
3034
3035
3036
3038
3037
3033
3032
3039
3040
3041
3042
3043
3044
3051
3047
3050
3045
3046
3049
3048
3052
3053
3054
3061
3056
3055
3057
3060
3059
3058
3062
3063
3064
3066
3065
3067
3068
3069
3071
3070
3072
3073
3074
3076
3075
3079
3078
3077
3080
3081
3083
3085
3086
3082
3084
3087
3088
3089
3091
3093
3090
3092
3095
3094
3096
3097
3098
3101
3100
3099
3105
3102
3103
3104
3106
3108
3107
3110
3109
3111
3112
3113
3114
3115
3116
3117
3118
3119
3120
3121
3122
3125
3127
3124
3126
3128
3123
3129
3131
3130
3133
3132
3134
3135
3136
3137
3138
3140
3141
3139
3142
3143
3148
3145
3144
3146
3147
3149
3150
3152
3153
3151
3154
3155
3156
3157
3162
3161
3160
3159
3158
3163
3167
3166
3164
3168
3165
3170
3171
3172
3173
3169
3174
3175
3176
3177
3178
3182
3181
3180
3179
3188
3184
3185
3183
3186
3187
3189
3193
3192
3191
3194
3196
3190
3195
3197
3199
3201
3198
3202
3200
3203
3204
3207
3206
3208
3205
3209
3210
3213
3211
3216
3215
3214
3212
3217
3218
3219
3220
3222
3221
3224
3223
3227
3226
3228
3225
3229
3230
3237
3231
3233
3232
3236
3234
3235
3238
3239
3240
3241
3242
3244
3243
3248
3245
3247
3249
3246
3250
3251
3252
3253
3254
3256
3255
3257
3258
3259
3260
3261
3262
3264
3263
3265
3266
3268
3267
3269
3270
3272
3271
3273
3274
3276
3277
3275
3278
3279
3280
3282
3281
3283
3284
3285
3286
3288
3287
3290
3289
3292
3293
3294
3291
3295
3296
3297
3298
3299
3300
3302
3301
3303
3304
3305
3306
3307
3308
3310
3309
3311
3314
3312
3313
3315
3316
3317
3318
3319
3320
3323
3321
3325
3322
3326
3324
3327
3329
3330
3328
3331
3333
3332
3334
3336
3335
3337
3338
3339
3340
3346
3343
3341
3342
3345
3344
3349
3347
3348
3350
3351
3352
3353
3354
3355
3357
3356
3358
3359
3360
3366
3363
3365
3361
3362
3364
3367
3369
3370
3371
3368
3373
3372
3374
3375
3377
3378
3379
3376
3383
3380
3384
3381
3385
3386
3382
3390
3387
3391
3388
3392
3389
3393
3394
3399
3398
3395
3397
3396
3404
3405
3401
3400
3402
3406
3403
3407
3408
3410
3409
3414
3412
3413
3411
3418
3415
3416
3417
3419
3425
3420
3424
3422
3423
3426
3421
3427
3428
3429
3430
3431
3434
3432
3433
3435
3436
3438
3439
3437
3440
3441
3442
3446
3445
3443
3444
3447
3448
3450
3449
3451
3452
3454
3453
3455
3456
3458
3457
3459
3460
3461
3462
3464
3463
3466
3465
3467
3468
3470
3469
3473
3471
3474
3475
3472
3476
3477
3479
3478
3480
3481
3483
3484
3482
3485
3486
3488
3487
3489
3490
3491
3493
3492
3494
3495
3496
3497
3498
3499
3502
3501
3503
3504
3500
3505
3506
3508
3509
3510
3507
3511
3512
3513
3514
3515
3516
3517
3518
3519
3520
3521
3522
3523
3524
3525
3526
3527
3528
3529
3530
3531
3532
3533
3535
3534
3537
3539
3538
3536
3540
3541
3542
3544
3543
3545
3546
3547
3548
3549
3552
3550
3551
3553
3555
3554
3557
3556
3558
3559
3560
3561
3562
3563
3564
3566
3565
3567
3568
3569
3570
3572
3571
3574
3573
3575
3576
3578
3580
3579
3577
3581
3582
3584
3583
3586
3585
3587
3588
3589
3590
3592
3591
3594
3595
3593
3598
3599
3600
3596
3597
3601
3602
3604
3603
3607
3605
3609
3606
3608
3610
3611
3614
3612
3615
3613
3617
3616
3621
3618
3620
3622
3619
3623
3624
3625
3629
3628
3633
3635
3632
3631
3626
3630
3627
3634
3636
3637
3638
3639
3640
3641
3642
3643
3644
3645
3646
3647
3652
3654
3655
3650
3649
3653
3648
3651
3656
3657
3659
3658
3660
3661
3662
3663
3664
3665
3667
3668
3666
3670
3673
3671
3674
3669
3672
3678
3677
3676
3675
3679
3681
3680
3683
3684
3682
3685
3686
3687
3688
3689
3690
3694
3693
3691
3697
3699
3692
3696
3695
3698
3704
3701
3705
3700
3702
3717
3716
3712
3708
3714
3710
3711
3713
3707
3706
3720
3703
3715
3709
3719
3722
3721
3724
3723
3718
3725
3726
3728
3727
3729
3738
3736
3730
3732
3731
3735
3734
3737
3740
3743
3741
3733
3739
3742
3744
3745
3746
3747
3748
3749
3750
3751
3752
3753
3754
3756
3755
3757
3761
3760
3759
3758
3762
3765
3766
3767
3764
3763
3769
3768
3770
3771
3772
3776
3773
3774
3775
3779
3780
3778
3781
3782
3784
3783
3785
3788
3789
3792
3786
3787
3790
3791
3795
3796
3797
3798
3799
3800
3801
3802
3803
3805
3808
3811
3806
3804
3807
3809
3812
3793
3813
3794
3814
3815
3817
3810
3818
3819
3820
3816
3822
3824
3825
3823
3821
3827
3826
3829
3828
3832
3833
3830
3834
3835
3831
3836
3837
3839
3838
3777
3840
3843
3841
3844
3842
3847
3849
3851
3845
3846
3850
3859
3860
3856
3855
3858
3848
3863
3853
3852
3857
3862
3861
3854
3864
3865
3866
3868
3872
3870
3877
3873
3882
3879
3884
3876
3881
3885
3871
3875
3867
3880
3883
3869
3874
3878
3887
3886
3888
3889
3891
3890
3894
3895
3897
3896
3905
3892
3902
3898
3900
3899
3903
3904
3893
3901
3906
3907
3908
3909
3910
3911
3912
3915
3914
3913
3917
3920
3919
3918
3916
3923
3924
3922
3928
3929
3927
3926
3931
3925
3921
3932
3930
3933
3934
3936
3935
3937
3938
3940
3942
3939
3941
3944
3947
3945
3948
3952
3949
3943
3950
3946
3951
3954
3953
3956
3955
3957
3958
3959
3960
3961
3962
3967
3964
3965
3963
3968
3971
3969
3966
3974
3970
3972
3976
3977
3978
3975
3973
3979
3980
3981
3982
3984
3985
3983
3986
3987
3988
3991
3990
3995
3996
3997
3998
3993
3992
3989
3999
3994
4001
4002
4003
4004
4005
4006
4007
4008
4009
4010
4011
4012
4014
4018
4013
4021
4020
4017
4022
4023
4024
4015
4016
4019
4025
4026
4027
4029
4028
4030
4031
4032
4033
4036
4034
4035
4039
4038
4043
4037
4044
4040
4041
4042
4045
4046
4049
4048
4047
4050
4000
4051
4052
4053
4054
4055
4057
4056
4061
4058
4060
4059
4064
4063
4062
4068
4065
4067
4066
4071
4070
4069
4072
4074
4073
4075
4076
4077
4079
4080
4078
4082
4081
4085
4086
4087
4084
4083
4089
4088
4090
4092
4091
4093
4094
4095
4096
4097
4099
4098
4100
4101
4103
4104
4102
4105
4108
4107
4106
4109
4111
4110
4113
4112
4114
4116
4115
4117
4118
4120
4119
4121
4122
4123
4125
4124
4126
4130
4129
4131
4128
4127
4132
4133
4134
4135
4136
4137
4138
4139
4140
4141
4142
4143
4144
4146
4147
4148
4149
4152
4145
4151
4150
4155
4159
4156
4153
4158
4157
4161
4162
4163
4164
4160
4154
4166
4165
4167
4168
4169
4170
4173
4179
4175
4178
4172
4183
4180
4174
4177
4182
4188
4186
4176
4187
4171
4189
4190
4185
4184
4181
4191
4193
4192
4194
4196
4201
4197
4198
4200
4206
4202
4210
4205
4209
4208
4204
4199
4195
4207
4212
4211
4213
4203
4215
4217
4216
4218
4219
4220
4221
4222
4224
4230
4227
4226
4225
4231
4229
4223
4228
4235
4234
4233
4232
4214
4237
4236
4238
4239
4240
4242
4241
4247
4243
4245
4244
4246
4251
4248
4249
4255
4252
4254
4257
4250
4256
4253
4258
4259
4260
4262
4261
4263
4265
4264
4266
4267
4268
4271
4274
4276
4273
4272
4270
4278
4275
4269
4281
4280
4277
4279
4282
4283
4285
4288
4284
4286
4287
4290
4289
4291
4292
4293
4295
4299
4301
4298
4302
4297
4296
4300
4294
4308
4303
4307
4305
4304
4306
4310
4311
4309
4312
4313
4314
4315
4316
4318
4317
4319
4320
4321
4322
4328
4325
4323
4324
4327
4326
4329
4331
4330
4332
4334
4333
4335
4336
4338
4337
4340
4339
4341
4342
4343
4345
4347
4348
4344
4349
4346
4351
4350
4352
4354
4353
4356
4357
4358
4355
4359
4360
4362
4361
4363
4364
4365
4367
4366
4368
4369
4370
4371
4374
4372
4373
4375
4377
4376
4378
4379
4380
4381
4382
4384
4383
4385
4387
4386
4388
4389
4391
4390
4392
4393
4394
4395
4396
4397
4398
4403
4404
4399
4402
4401
4405
4407
4400
4408
4406
4409
4411
4410
4414
4413
4412
4415
4416
4417
4418
4419
4420
4424
4425
4421
4427
4422
4423
4428
4429
4426
4431
4430
4434
4432
4433
4435
4438
4436
4437
4441
4439
4440
4443
4444
4448
4447
4445
4446
4453
4452
4454
4449
4455
4457
4458
4456
4459
4460
4461
4442
4463
4464
4462
4465
4467
4466
4450
4451
4468
4470
4469
4472
4473
4474
4471
4476
4475
4477
4478
4479
4480
4481
4483
4482
4487
4484
4486
4485
4488
4489
4490
4491
4492
4493
4496
4495
4494
4497
4498
4499
4500
4502
4501
4503
4506
4504
4505
4507
4508
4509
4510
4511
4512
4513
4514
4515
4517
4518
4516
4519
4521
4520
4522
4525
4523
4524
4527
4528
4526
4529
4530
4531
4532
4533
4534
4535
4536
4537
4538
4539
4541
4540
4542
4544
4543
4545
4547
4546
4548
4549
4550
4551
4553
4552
4554
4555
4556
4557
4558
4559
4560
4561
4562
4564
4563
4565
4566
4569
4570
4567
4568
4571
4572
4573
4574
4575
4577
4576
4579
4578
4580
4581
4582
4584
4583
4586
4585
4587
4588
4591
4592
4590
4589
4593
4594
4595
4596
4597
4598
4600
4601
4602
4599
4604
4603
4605
4607
4608
4609
4610
4606
4613
4614
4612
4611
4615
4616
4617
4618
4619
4620
4621
4623
4622
4630
4627
4626
4640
4637
4634
4641
4629
4635
4632
4624
4633
4631
4638
4639
4628
4625
4636
4642
4645
4643
4644
4646
4648
4647
4649
4651
4653
4650
4655
4654
4657
4656
4659
4658
4652
4661
4660
4663
4662
4664
4665
4666
4668
4669
4670
4671
4672
4667
4674
4675
4673
4677
4683
4676
4680
4681
4682
4679
4678
4686
4684
4685
4687
4688
4689
4690
4692
4694
4691
4693
4695
4696
4698
4703
4701
4699
4704
4706
4707
4697
4702
4705
4700
4708
4709
4710
4711
4713
4712
4714
4715
4716
4719
4720
4721
4717
4724
4718
4723
4725
4726
4727
4729
4730
4728
4722
4731
4733
4732
4734
4735
4736
4737
4738
4739
4743
4742
4740
4744
4741
4747
4745
4748
4750
4746
4749
4751
4754
4753
4752
4755
4756
4757
4758
4759
4762
4764
4761
4760
4765
4763
4767
4769
4766
4773
4770
4776
4775
4774
4777
4771
4779
4768
4772
4780
4778
4781
4782
4783
4785
4784
4786
4789
4794
4788
4795
4790
4791
4792
4793
4797
4801
4796
4799
4800
4787
4798
4805
4802
4804
4803
4808
4807
4806
4810
4813
4812
4809
4820
4811
4822
4814
4821
4819
4823
4824
4817
4818
4816
4826
4815
4825
4828
4827
4829
4830
4832
4831
4833
4835
4838
4834
4836
4839
4837
4844
4842
4845
4840
4846
4843
4848
4841
4847
4849
4850
4851
4852
4853
4854
4855
4856
4857
4858
4859
4860
4863
4867
4865
4869
4866
4861
4862
4864
4868
4873
4872
4870
4871
4874
4875
4877
4878
4881
4879
4880
4890
4891
4893
4887
4884
4889
4885
4886
4888
4883
4892
4895
4894
4882
4896
4897
4876
4899
4900
4898
4901
4903
4904
4907
4902
4913
4909
4911
4916
4910
4919
4917
4918
4920
4915
4912
4906
4905
4908
4914
4921
4924
4925
4926
4929
4927
4928
4931
4932
4934
4936
4930
4933
4935
4938
4940
4939
4937
4922
4941
4923
4942
4943
4944
4945
4946
4947
4948
4949
4950
4953
4951
4952
4954
4955
4956
4957
4960
4958
4961
4962
4959
4964
4963
4965
4966
4967
4968
4969
4970
4972
4973
4971
4974
4975
4976
4979
4978
4977
4982
4980
4981
4984
4983
4985
4987
4989
4986
4988
4990
4995
4992
4996
4991
4994
4993
4997
4998
4999
5000
5001
5002
5004
5003
5006
5008
5009
5007
5005
5010
5011
5012
5013
5016
5014
5015
5017
5018
5020
5021
5022
5019
5023
5024
5025
5027
5026
5030
5028
5031
5032
5034
5035
5029
5036
5033
5037
5039
5038
5042
5041
5044
5043
5045
5047
5046
5040
5048
5049
5050
5051
5055
5053
5052
5054
5056
5057
5060
5064
5059
5062
5058
5067
5061
5063
5069
5068
5071
5074
5076
5072
5073
5075
5077
5078
5079
5080
5081
5085
5082
5083
5087
5070
5086
5084
5088
5091
5090
5092
5089
5093
5094
5095
5096
5097
5100
5099
5101
5098
5104
5102
5103
5105
5106
5107
5108
5110
5109
5112
5065
5066
5113
5114
5115
5111
5116
5117
5118
5119
5120
5122
5121
5123
5124
5125
5127
5126
5130
5129
5128
5132
5131
5133
5134
5135
5136
5137
5138
5139
5141
5140
5142
5143
5144
5145
5146
5147
5149
5150
5148
5151
5153
5154
5155
5152
5156
5164
5163
5165
5159
5157
5161
5158
5160
5166
5162
5167
5169
5168
5170
5172
5176
5175
5173
5171
5174
5179
5178
5180
5177
5183
5184
5181
5182
5186
5187
5185
5190
5189
5188
5194
5193
5195
5192
5191
5196
5199
5198
5197
5200
5201
5202
5203
5204
5205
5207
5206
5210
5209
5211
5208
5212
5213
5215
5216
5214
5217
5219
5218
5220
5221
5222
5223
5225
5226
5227
5229
5228
5230
5231
5233
5232
5234
5236
5237
5238
5240
5235
5239
5241
5242
5243
5244
5246
5245
5248
5247
5250
5249
5251
5252
5253
5254
5255
5256
5259
5257
5258
5260
5261
5262
5263
5264
5265
5266
5267
5268
5269
5270
5271
5272
5273
5224
5274
5275
5277
5278
5276
5279
5283
5284
5280
5281
5282
5285
5286
5287
5288
5289
5290
5292
5291
5293
5294
5295
5297
5296
5298
5299
5300
5303
5301
5302
5304
5305
5306
5307
5308
5309
5310
5311
5312
5313
5314
5315
5316
5317
5318
5319
5320
5322
5321
5324
5323
5325
5326
5327
5328
5329
5330
5332
5331
5334
5333
5335
5336
5337
5338
5340
5339
5341
5343
5342
5344
5345
5346
5347
5348
5349
5350
5351
5352
5355
5353
5356
5357
5358
5359
5360
5354
5363
5362
5364
5361
5365
5367
5366
5369
5368
5371
5372
5373
5374
5376
5375
5377
5379
5378
5380
5383
5382
5381
5384
5385
5386
5389
5388
5387
5390
5391
5392
5393
5395
5394
5396
5397
5398
5399
5400
5401
5402
5403
5404
5405
5408
5407
5406
5409
5410
5411
5412
5414
5413
5415
5416
5417
5418
5419
5420
5421
5422
5423
5424
5425
5426
5427
5428
5370
5429
5430
5431
5432
5433
5434
5435
5436
5437
5438
5439
5441
5440
5442
5443
5444
5445
5446
5447
5448
5449
5450
5451
5453
5452
5454
5457
5458
5459
5460
5461
5462
5463
5464
5465
5455
5466
5467
5468
5469
5470
5471
5473
5472
5475
5474
5477
5476
5478
5479
5480
5481
5482
5483
5484
5485
5486
5489
5487
5488
5490
5492
5491
5493
5494
5495
5496
5497
5498
5500
5502
5501
5499
5503
5505
5504
5506
5508
5507
5509
5512
5513
5510
5456
5511
5514
5521
5518
5519
5520
5517
5516
5515
5523
5522
5524
5526
5527
5525
5528
5529
5531
5534
5532
5533
5535
5536
5530
5537
5541
5539
5540
5538
5544
5543
5546
5542
5545
5548
5547
5549
5550
5552
5553
5551
5555
5554
5557
5556
5560
5558
5559
5561
5562
5563
5566
5568
5571
5565
5573
5581
5579
5585
5564
5584
5583
5570
5575
5582
5567
5569
5577
5580
5578
5576
5574
5572
5586
5587
5590
5588
5591
5589
5595
5592
5602
5605
5594
5593
5600
5599
5601
5606
5604
5598
5603
5596
5597
5607
5608
5609
5610
5615
5613
5612
5614
5611
5616
5617
5620
5621
5626
5623
5625
5624
5619
5618
5629
5622
5631
5627
5637
5628
5633
5630
5635
5634
5636
5632
5639
5638
5640
5643
5641
5645
5648
5642
5651
5644
5646
5655
5647
5652
5649
5654
5653
5650
5656
5657
5659
5660
5658
5661
5662
5663
5664
5665
5666
5667
5676
5670
5669
5672
5675
5677
5671
5674
5673
5678
5679
5680
5668
5681
5684
5683
5682
5685
5686
5687
5688
5690
5692
5689
5691
5697
5696
5695
5693
5694
5698
5701
5699
5703
5704
5700
5706
5702
5707
5705
5708
5711
5713
5712
5715
5714
5716
5717
5718
5719
5728
5720
5725
5727
5724
5722
5726
5723
5721
5729
5730
5731
5732
5734
5733
5735
5736
5737
5738
5740
5739
5741
5742
5743
5746
5745
5748
5744
5749
5747
5750
5751
5752
5753
5754
5755
5756
5757
5758
5759
5760
5761
5762
5767
5764
5763
5765
5768
5766
5769
5770
5709
5771
5710
5772
5773
5774
5776
5775
5777
5778
5779
5780
5782
5783
5781
5784
5785
5787
5789
5788
5786
5790
5793
5794
5792
5791
5795
5796
5797
5798
5799
5800
5802
5803
5801
5804
5806
5809
5810
5808
5807
5805
5813
5812
5811
5815
5819
5816
5818
5817
5814
5820
5821
5822
5823
5824
5825
5826
5829
5830
5827
5828
5834
5831
5835
5837
5836
5838
5832
5840
5841
5842
5844
5843
5839
5846
5845
5833
5847
5848
5849
5850
5851
5852
5853
5854
5855
5857
5856
5858
5859
5862
5861
5864
5865
5863
5866
5860
5870
5867
5869
5868
5871
5872
5873
5874
5876
5875
5878
5877
5880
5881
5879
5883
5885
5882
5889
5890
5886
5891
5884
5887
5888
5892
5894
5893
5895
5896
5897
5898
5899
5900
5901
5902
5903
5904
5905
5908
5907
5906
5916
5914
5913
5911
5910
5912
5917
5909
5918
5915
5920
5919
5921
5922
5923
5924
5925
5926
5928
5927
5929
5930
5931
5932
5938
5937
5940
5935
5934
5939
5941
5936
5945
5942
5943
5944
5946
5933
5947
5948
5949
5950
5951
5953
5956
5954
5955
5958
5952
5957
5959
5960
5963
5962
5961
5964
5967
5968
5966
5965
5970
5971
5969
5973
5974
5975
5976
5978
5977
5979
5982
5981
5984
5980
5985
5986
5983
5991
5990
5972
5989
5987
5988
5992
5993
5994
5995
5996
5998
5997
5999
6000
6001
6003
6005
6004
6006
6008
6011
6012
6007
6002
6013
6010
6014
6009
6015
6016
6018
6017
6019
6021
6020
6022
6023
6024
6025
6027
6028
6026
6029
6032
6031
6033
6034
6035
6036
6038
6039
6030
6037
6042
6041
6040
6043
6044
6045
6048
6047
6049
6052
6053
6050
6051
6054
6055
6057
6059
6062
6063
6061
6058
6056
6064
6065
6066
6067
6069
6072
6071
6070
6074
6077
6085
6083
6078
6076
6075
6079
6081
6084
6080
6086
6073
6089
6088
6090
6091
6092
6093
6094
6099
6098
6097
6095
6100
6101
6102
6105
6104
6103
6106
6107
6108
6109
6111
6112
6113
6115
6116
6114
6119
6117
6118
6120
6121
6122
6123
6124
6125
6126
6127
6131
6128
6132
6134
6129
6130
6135
6136
6137
6138
6139
6140
6144
6142
6143
6141
6147
6150
6145
6151
6149
6148
6152
6154
6156
6155
6158
6161
6160
6162
6159
6163
6164
6165
6166
6170
6168
6167
6172
6171
6173
6174
6175
6177
6179
6176
6178
6180
6181
6182
6184
6187
6185
6186
6189
6190
6191
6193
6194
6192
6195
6197
6198
6199
6200
6202
6205
6203
6204
6206
6207
6208
6209
6211
6212
6213
6214
6216
6215
6218
6219
6221
6220
6223
6222
6224
6225
6227
6226
6229
6153
6133
6146
6096
6196
6082
6201
6217
6157
6087
6169
6210
6183
6110
6068
6228
6060
6046
6188
6230
6231
6233
6234
6232
6235
6236
6239
6237
6238
6240
6245
6248
6243
6241
6249
6244
6247
6242
6246
6250
6252
6251
6253
6254
6255
6256
6257
6258
6260
6259
6261
6265
6263
6264
6270
6269
6267
6268
6266
6262
6271
6272
6273
6275
6277
6278
6276
6274
6279
6280
6281
6282
6283
6286
6288
6284
6285
6290
6287
6292
6291
6293
6294
6296
6297
6298
6289
6295
6299
6302
6301
6300
6303
6304
6306
6305
6307
6308
6312
6309
6310
6311
6313
6315
6320
6314
6316
6319
6321
6318
6323
6322
6324
6317
6325
6326
6327
6328
6329
6330
6331
6332
6333
6334
6335
6337
6336
6343
6341
6342
6338
6344
6346
6345
6347
6348
6339
6340
6349
6350
6351
6352
6353
6354
6355
6357
6356
6359
6358
6360
6361
6365
6363
6367
6364
6362
6370
6368
6366
6369
6372
6371
6373
6374
6375
6376
6378
6377
6379
6381
6380
6383
6382
6386
6384
6391
6387
6392
6388
6393
6390
6394
6389
6385
6395
6396
6397
6398
6399
6400
6401
6402
6403
6404
6405
6407
6416
6415
6406
6410
6409
6412
6413
6411
6408
6414
6422
6421
6420
6417
6419
6418
6424
6423
6425
6427
6426
6429
6428
6433
6432
6431
6430
6434
6436
6437
6443
6439
6445
6435
6440
6441
6438
6442
6447
6444
6446
6448
6451
6450
6449
6452
6453
6454
6455
6461
6459
6465
6458
6462
6456
6466
6467
6463
6464
6457
6460
6468
6469
6471
6470
6472
6473
6474
6475
6476
6477
6478
6479
6482
6481
6483
6480
6486
6484
6485
6488
6487
6489
6491
6492
6490
6495
6494
6493
6496
6497
6498
6499
6501
6500
6502
6504
6506
6503
6505
6507
6508
6509
6510
6511
6513
6515
6512
6514
6516
6517
6518
6519
6520
6521
6522
6523
6524
6525
6526
6527
6529
6532
6533
6530
6531
6534
6535
6537
6536
6539
6528
6538
6540
6541
6542
6543
6544
6546
6545
6547
6548
6549
6550
6551
6552
6555
6554
6558
6556
6557
6553
6560
6561
6559
6562
6565
6567
6564
6566
6568
6563
6570
6571
6572
6573
6574
6576
6577
6575
6578
6579
6580
6582
6587
6585
6588
6586
6583
6584
6581
6590
6591
6589
6592
6569
6593
6594
6596
6595
6597
6598
6599
6600
6601
6605
6603
6602
6606
6604
6608
6609
6611
6610
6613
6607
6612
6614
6615
6616
6617
6618
6619
6620
6621
6625
6623
6622
6624
6626
6633
6628
6629
6627
6630
6631
6632
6634
6638
6635
6637
6640
6639
6641
6636
6642
6645
6643
6644
6646
6647
6651
6648
6649
6650
6652
6654
6655
6656
6659
6660
6658
6657
6661
6653
6662
6663
6664
6666
6665
6667
6668
6669
6670
6672
6671
6673
6678
6677
6676
6675
6674
6679
6680
6682
6686
6685
6684
6681
6683
6687
6688
6692
6689
6690
6691
6693
6694
6696
6697
6695
6698
6702
6700
6701
6699
6703
6706
6707
6704
6708
6709
6705
6710
6713
6711
6712
6714
6715
6717
6716
6718
6719
6721
6720
6722
6723
6726
6731
6730
6728
6727
6732
6725
6724
6729
6733
6734
6737
6736
6735
6738
6739
6740
6743
6742
6741
6744
6745
6749
6747
6746
6753
6750
6751
6754
6748
6752
6756
6755
6757
6758
6759
6760
6761
6763
6762
6764
6767
6768
6765
6769
6766
6772
6770
6773
6771
6774
6776
6775
6777
6778
6779
6780
6781
6783
6782
6784
6785
6786
6787
6788
6789
6791
6792
6790
6793
6794
6795
6796
6797
6800
6803
6798
6799
6802
6801
6804
6805
6806
6807
6808
6809
6812
6810
6811
6813
6814
6815
6817
6816
6818
6819
6821
6822
6823
6820
6824
6825
6826
6827
6828
6829
6830
6831
6832
6833
6834
6835
6836
6837
6838
6839
6840
6841
6843
6842
6844
6845
6846
6847
6848
6849
6851
6850
6852
6853
6855
6854
6858
6859
6857
6856
6860
6862
6864
6863
6865
6861
6867
6868
6870
6872
6871
6873
6874
6876
6875
6877
6879
6878
6881
6884
6880
6883
6866
6885
6882
6886
6887
6869
6888
6891
6890
6889
6893
6892
6895
6894
6896
6898
6899
6900
6902
6901
6904
6903
6905
6906
6907
6909
6910
6911
6908
6912
6913
6914
6916
6915
6917
6897
6918
6919
6920
6921
6922
6923
6924
6925
6926
6927
6928
6929
6930
6932
6931
6933
6934
6936
6935
6937
6938
6939
6940
6941
6943
6942
6945
6944
6946
6947
6948
6949
6951
6950
6952
6953
6954
6955
6957
6958
6959
6956
6960
6961
6965
6962
6963
6964
6966
6967
6968
6975
6978
6986
6981
6974
6973
6979
6977
6980
6982
6985
6976
6983
6972
6971
6969
6970
6984
6989
6992
6995
6994
6997
6993
7000
6991
6998
6999
6990
7002
7003
6996
7004
7005
7007
6988
6987
7006
7001
7008
7009
7011
7012
7013
7015
7014
7016
7017
7018
7019
7022
7021
7023
7020
7024
7025
7027
7028
7010
7029
7026
7030
7031
7032
7033
7034
7035
7036
7039
7037
7041
7042
7040
7038
7045
7046
7047
7048
7049
7051
7050
7054
7052
7053
7043
7044
7055
7056
7057
7060
7058
7059
7061
7062
7065
7063
7066
7064
7067
7069
7068
7071
7073
7070
7072
7076
7078
7079
7080
7081
7082
7074
7075
7083
7084
7086
7087
7085
7090
7093
7092
7091
7094
7095
7098
7099
7100
7101
7102
7103
7089
7105
7106
7104
7096
7107
7108
7109
7111
7110
7112
7114
7113
7116
7118
7115
7117
7121
7123
7119
7124
7122
7120
7125
7126
7128
7127
7129
7130
7131
7133
7135
7132
7134
7077
7137
7138
7136
7139
7140
7141
7088
7142
7143
7144
7145
7146
7097
7147
7148
7149
7152
7154
7150
7151
7153
7155
7156
7157
7158
7159
7161
7162
7160
7164
7165
7163
7167
7168
7166
7169
7170
7171
7173
7172
7175
7174
7176
7177
7178
7179
7180
7181
7182
7183
7184
7185
7186
7187
7189
7188
7191
7193
7190
7192
7194
7196
7197
7198
7195
7199
7200
7201
7203
7204
7202
7205
7207
7208
7206
7210
7209
7211
7212
7214
7215
7213
7216
7217
7219
7220
7221
7222
7223
7225
7218
7227
7226
7224
7229
7230
7233
7231
7232
7234
7235
7236
7228
7237
7238
7240
7239
7241
7242
7243
7246
7245
7244
7247
7248
7249
7250
7251
7252
7253
7255
7256
7257
7258
7259
7260
7261
7262
7264
7265
7263
7268
7266
7267
7269
7270
7271
7273
7272
7275
7276
7274
7278
7279
7281
7280
7282
7286
7287
7285
7289
7277
7288
7283
7284
7290
7292
7293
7295
7294
7296
7297
7299
7291
7298
7300
7303
7307
7304
7308
7305
7301
7302
7306
7310
7309
7254
7311
7314
7312
7313
7316
7315
7318
7319
7320
7321
7322
7323
7324
7317
7328
7325
7329
7326
7327
7334
7332
7331
7336
7333
7335
7337
7330
7338
7339
7341
7343
7345
7346
7347
7340
7349
7348
7342
7344
7352
7351
7350
7354
7353
7355
7356
7358
7357
7359
7361
7360
7362
7364
7365
7366
7363
7367
7369
7368
7371
7370
7373
7375
7374
7376
7377
7379
7378
7372
7380
7383
7384
7382
7381
7388
7389
7387
7386
7385
7392
7393
7394
7395
7397
7396
7398
7390
7399
7400
7401
7391
7403
7404
7405
7406
7407
7408
7409
7402
7410
7411
7412
7413
7414
7415
7417
7418
7419
7420
7421
7416
7423
7422
7424
7425
7426
7427
7428
7429
7430
7431
7434
7432
7433
7435
7439
7437
7438
7436
7440
7441
7442
7445
7443
7446
7444
7449
7447
7448
7454
7453
7451
7452
7450
7455
7456
7458
7457
7460
7459
7461
7463
7462
7464
7465
7466
7467
7468
7469
7470
7473
7472
7474
7475
7471
7476
7479
7478
7477
7480
7483
7482
7487
7484
7481
7486
7489
7488
7490
7485
7491
7492
7495
7496
7497
7498
7499
7500
7501
7502
7503
7504
7509
7506
7508
7507
7510
7505
7493
7511
7494
7512
7513
7514
7516
7515
7517
7518
7519
7520
7521
7522
7524
7523
7529
7525
7530
7532
7526
7531
7528
7527
7533
7534
7535
7538
7536
7539
7544
7541
7542
7540
7543
7545
7537
7546
7548
7550
7547
7553
7554
7556
7558
7557
7555
7549
7551
7552
7560
7562
7561
7559
7563
7564
7565
7567
7568
7569
7571
7570
7572
7573
7574
7575
7576
7577
7580
7582
7581
7578
7583
7584
7585
7587
7588
7589
7590
7591
7579
7593
7592
7594
7586
7595
7597
7596
7598
7599
7602
7601
7603
7604
7605
7600
7606
7610
7608
7611
7612
7613
7566
7614
7615
7616
7607
7617
7618
7609
7620
7621
7622
7623
7625
7626
7624
7629
7628
7627
7630
7634
7633
7635
7632
7631
7636
7638
7637
7619
7639
7640
7642
7643
7644
7645
7648
7646
7649
7641
7651
7650
7647
7655
7657
7656
7652
7653
7658
7654
7659
7663
7662
7660
7661
7665
7666
7667
7664
7669
7674
7672
7668
7671
7670
7675
7673
7676
7677
7679
7678
7682
7681
7683
7684
7680
7685
7689
7686
7690
7693
7688
7691
7692
7687
7695
7697
7698
7696
7699
7701
7702
7700
7703
7705
7694
7706
7707
7708
7712
7710
7711
7709
7713
7714
7715
7716
7717
7718
7719
7720
7721
7722
7723
7704
7725
7724
7726
7728
7727
7730
7729
7733
7734
7735
7732
7736
7731
7738
7742
7740
7741
7737
7739
7744
7743
7746
7745
7749
7747
7748
7750
7752
7753
7751
7754
7755
7756
7757
7759
7760
7762
7764
7763
7761
7765
7766
7767
7770
7768
7769
7772
7771
7773
7776
7777
7778
7780
7775
7774
7779
7781
7758
1059
2345
4935
4855
6343
6372
6369
6553
6373
6397
6366
6362
6475
6473
6842
6894
6954
7505
1059
2345
4935
4855
6372
6343
6397
6369
6553
6373
6475
6473
6366
6362
6842
6894
6954
7505
